# 1 energy | 2 spectral function
-2.309401076758503	0.02036827712220219
-0.7698003589195009	0.14913298331650415
-0.25660011963983365	1.2934721195596555
-0.08553337321327788	10.493796694253161
-0.028511124404425964	15.10884605180816
-0.009503708134808653	8.122154401284789
-0.003167902711602885	8.475150630896552
-0.0010559675705342948	10.067640416843254
-0.00035198919017809835	12.777895365412071
-0.0001173297300593661	17.151666821307515
-3.91099100197887e-5	24.38910651442372
-1.30366366732629e-5	37.01657678201764
-4.3455455577543e-6	58.533350658235555
-1.4485151859181e-6	81.04229535153914
-4.828383953060333e-7	87.26889431596055
-1.6094613176867776e-7	86.29234606919088
-5.364871058955926e-8	85.23297381249539
-1.7882903529853087e-8	84.69261608078854
-5.960967843284362e-9	84.38952184990974
-1.9869892810947873e-9	84.17079017640107
-6.623297603649292e-10	83.98157203923769
-2.207765867883097e-10	83.80226219080882
-7.359219559610323e-11	83.62679920309542
-2.4530731865367748e-11	83.452839453904
-8.176910621789249e-12	83.27962030031472
-2.7256368739297494e-12	83.10688717282855
-9.085456246432499e-13	82.93455449380073
-3.0284854154774995e-13	82.76259316577578
-1.0094951384924998e-13	82.59099297085604
-3.3649837949749994e-14	82.41975000275767
3.3649837949749994e-14	61.54279863095926
1.0094951384924998e-13	61.6710591618271
3.0284854154774995e-13	61.799589742834776
9.085456246432499e-13	61.92839667022048
2.7256368739297494e-12	62.0574977962878
8.176910621789249e-12	62.18694579188571
2.4530731865367748e-11	62.31689825940237
7.359219559610323e-11	62.447829152210346
2.207765867883097e-10	62.581166741378695
6.623297603649292e-10	62.72126219535914
1.9869892810947873e-9	62.88086496001018
5.960967843284362e-9	63.09869526509895
1.7882903529853087e-8	63.489993286574595
5.364871058955926e-8	64.39109004294426
1.6094613176867776e-7	66.69122933052226
4.828383953060333e-7	72.1083995569653
1.4485151859181e-6	78.56366740837683
4.3455455577543e-6	70.79568057366826
1.30366366732629e-5	52.58076908692756
3.91099100197887e-5	38.199131238712305
0.0001173297300593661	28.569499363363878
0.00035198919017809835	21.859850198110703
0.0010559675705342948	16.844153735884337
0.003167902711602885	12.636282894448145
0.009503708134808653	8.602494420116107
0.028511124404425964	4.626683394392617
0.08553337321327788	2.289984668720462
0.25660011963983365	4.226672343624326
0.7698003589195009	0.5649769961727732
2.309401076758503	0.046348583429053264
