0.9780536755214078	0.12503100909533527
0.55	0.1250544185907804
0.309287728854692	0.12509594417519976
0.17392527130926086	0.1251693687615051
0.09780536755214077	0.12530499341745913
0.05500000000000001	0.12555631080289612
0.030928772885469205	0.12597578757278738
0.017392527130926087	0.12669196148972878
0.009780536755214076	0.12804557030469327
0.0055	0.1305446433871446
0.0030928772885469207	0.13468428333523755
0.001739252713092609	0.14162552634023115
0.0009780536755214077	0.1542617000558723
0.00055	0.17553115693912327
0.00030928772885469204	0.20211520805907393
0.00017392527130926085	0.22338838640277248
9.780536755214076e-5	0.23487242056236496
5.5e-5	0.24154542364425854
3.0928772885469206e-5	0.24006126917425857
1.7392527130926086e-5	0.23397485317459196
9.780536755214077e-6	0.23461637767279536
5.500000000000001e-6	0.24041313239264012
3.0928772885469205e-6	0.23881017958007392
1.7392527130926088e-6	0.23190778173124774
9.780536755214076e-7	0.2324750709199674
5.5e-7	0.23902641232300442
3.0928772885469203e-7	0.23720461553319203
1.7392527130926086e-7	0.22926141459692248
9.780536755214077e-8	0.229849158362435
5.5e-8	0.23732808052964813
3.0928772885469203e-8	0.23509627578375955
1.7392527130926085e-8	0.22574000314295
9.780536755214077e-9	0.2263512497346103
5.5000000000000004e-9	0.23504464740246778
3.0928772885469203e-9	0.23218968469404755
1.7392527130926087e-9	0.22083856534731247
9.780536755214078e-10	0.22144971524853357
5.500000000000001e-10	0.23180129642884356
3.09287728854692e-10	0.22794606786199154
1.7392527130926086e-10	0.2135958875407548
9.780536755214077e-11	0.21413819453678257
5.5000000000000004e-11	0.2268684590680634
3.0928772885469205e-11	0.22124213517096486
1.7392527130926085e-11	0.20196719335959043
9.780536755214077e-12	0.2022488162644744
5.5e-12	0.21861187520397923
3.0928772885469203e-12	0.20938199537252467
1.7392527130926087e-12	0.18094997501067603
9.780536755214077e-13	0.18043952983500947
5.5e-13	0.2028020877619318
3.0928772885469203e-13	0.18474590127998558
1.7392527130926089e-13	0.13646692843971212
9.780536755214076e-14	0.13446321853893825
5.499999999999999e-14	0.16802408377108227
3.0928772885469205e-14	0.1257998977700045
1.7392527130926088e-14	0.03743752572092024
9.780536755214077e-15	0.04892933828483095
5.5e-15	0.10955756675100742
3.09287728854692e-15	0.036950514436538046
1.7392527130926086e-15	-0.05959877698950637
9.780536755214076e-16	0.002365890899633294
5.500000000000001e-16	0.08367778467924991
3.0928772885469206e-16	0.007193597364997112
1.7392527130926087e-16	-0.0777967922967641
9.780536755214076e-17	-0.002737327507308318
5.5e-17	0.08020749460050114
3.0928772885469206e-17	0.0036585072043224254
1.7392527130926087e-17	-0.07960690456816233
9.780536755214078e-18	-0.0032082268439104222
5.500000000000001e-18	0.0798472125720481
3.0928772885469203e-18	0.0032999100080533528
1.7392527130926087e-18	-0.07978701735781815
9.780536755214075e-19	-0.0032548373604898984
5.5e-19	0.07981103959863334
3.0928772885469203e-19	0.0032640012561497844
1.7392527130926086e-19	-0.07980501870218229
9.780536755214076e-20	-0.0032594935474634934
5.5e-20	0.07980742083967762
3.0928772885469204e-20	0.0032604098927322966
1.7392527130926087e-20	-0.07980681873628359
9.780536755214076e-21	-0.0032599591174166664
5.5e-21	0.07980705894918758
3.09287728854692e-21	0.0032600507514906063
1.7392527130926083e-21	-0.07980699873871888
9.780536755214076e-22	-0.0032600056739183203
5.5e-22	0.0798070227599975
3.09287728854692e-22	0.0032600148373402305
1.7392527130926085e-22	-0.07980701673892768
9.780536755214076e-23	-0.003260010329571461
5.5e-23	0.07980701914104357
3.0928772885469203e-23	0.003260011245925759
1.7392527130926084e-23	-0.07980701853894115
9.780536755214076e-24	-0.003260010795172269
5.5e-24	0.07980701877912474
3.0928772885469202e-24	0.003260010886784931
1.7392527130926086e-24	-0.07980701871893031
9.780536755214078e-25	-0.0032600108416937223
5.500000000000001e-25	0.07980701874297272
3.09287728854692e-25	0.0032600108508701042
1.7392527130926085e-25	-0.07980701873693202
9.780536755214078e-26	-0.003260010846365624
5.5e-26	0.07980701873932144
3.09287728854692e-26	0.00326001084729291
1.7392527130926087e-26	-0.07980701873870454
9.780536755214076e-27	-0.0032600108468187616
5.5e-27	0.07980701873897794
3.0928772885469206e-27	0.0032600108468873457
1.7392527130926087e-27	-0.07980701873896284
9.780536755214077e-28	-0.0032600108468583133
5.5e-28	0.07980701873897013
3.0928772885469205e-28	0.003260010846866279
1.7392527130926088e-28	-0.07980701873896062
9.780536755214077e-29	-0.003260010846867639
5.5e-29	0.07980701873895116
3.09287728854692e-29	0.00326001084685687
1.7392527130926086e-29	-0.07980701873895411
9.780536755214076e-30	-0.0032600108468632816
5.5000000000000005e-30	0.0798070187389597
3.0928772885469204e-30	0.0032600108468685274
1.7392527130926086e-30	-0.07980701873895697
9.780536755214077e-31	-0.0032600108468622546
5.5000000000000005e-31	0.07980701873896812
3.092877288546921e-31	0.0032600108468630873
1.739252713092609e-31	-0.07980701873898269
9.780536755214076e-32	-0.003260010846878575
5.5e-32	0.07980701873895923
3.0928772885469206e-32	0.0032600108468743005
1.739252713092609e-32	-0.07980701873896051
