1.1067971810589328	-0.29009445460608435
0.7	-0.34047511321685475
0.4427188724235731	0.15628738396582906
0.27999999999999997	-0.4126626148717065
0.17708754896942921	-0.9390336736918498
0.11200000000000002	-0.9319808599562587
0.07083501958777169	-1.1293216510747177
0.0448	-0.4184724123583746
0.028334007835108678	-0.7619068194515486
0.01792	-0.6446108026732816
0.011333603134043472	-1.0613236238704522
0.007168	-1.3118706294760778
0.004533441253617388	-1.0222793111434942
0.0028672	-1.027173903997584
0.0018133765014469551	1.237391846419789
0.0011468799999999999	-1.293625602319556
0.0007253506005787821	0.3183061431997354
0.000458752	-2.4359446189751752
0.0002901402402315129	-1.91582012304846
0.0001835008	0.2946632263078661
0.00011605609609260515	-0.26982116876750073
7.340032e-5	0.6745080496644391
4.642243843704206e-5	-6.108116724817765
2.9360127999999997e-5	0.7424583945009195
1.8568975374816822e-5	-2.264806582278987
1.1744051199999999e-5	0.7636504111725597
7.427590149926729e-6	-1.2418778280340388
4.6976204799999995e-6	8.158738159229632
2.9710360599706918e-6	-3.621982607255539
1.8790481919999998e-6	-1.6145325758645583
1.1884144239882766e-6	-2.596353285093217
7.516192768e-7	1.2570709982615007
4.7536576959531064e-7	-1.4549248647597444
3.0064771071999996e-7	1.5848215129813386
1.9014630783812427e-7	0.05920718860734908
1.20259084288e-7	1.4690863152887106
7.60585231352497e-8	-1.8791054505888125
4.81036337152e-8	2.1821193542487913
3.042340925409988e-8	-1.9699888876066707
1.9241453486079997e-8	2.2748998341516007
1.2169363701639953e-8	-1.307320335011065
7.696581394431999e-9	0.6944454979209498
4.867745480655981e-9	-1.663272924123171
3.0786325577727996e-9	3.2521319117750016
1.9470981922623924e-9	-2.4051801381491282
1.23145302310912e-9	1.428595451866138
7.78839276904957e-10	-1.135887150044164
4.92581209243648e-10	4.4695751989489505
3.115357107619828e-10	-5.3926980359207795
1.9703248369745918e-10	2.6715013181395513
1.2461428430479312e-10	-1.4109079787176038
7.881299347898368e-11	2.7868292582517293
4.984571372191724e-11	-2.687361416679119
3.152519739159347e-11	4.093882944236563
1.99382854887669e-11	-4.823661548147284
1.2610078956637389e-11	12.36029226862247
7.975314195506759e-12	-5.993772430040506
5.044031582654955e-12	-1.5428590193415168
3.1901256782027038e-12	4.609230399765279
2.017612633061982e-12	-6.015754921238404
1.2760502712810815e-12	-2.7868337847931235
8.070450532247928e-13	3.7835129340511697
5.104201085124326e-13	-3.57341195554969
3.2281802128991714e-13	3.4961742902500825
