1.1067971810589328	0.0003864958700793286
0.7	0.025689050303931982
0.4427188724235731	-0.003851941506187506
0.27999999999999997	-0.10697580569772147
0.17708754896942921	-0.11393654294812894
0.11200000000000002	0.0021344456449541305
0.07083501958777169	-0.03848485133052226
0.0448	0.05821227597779366
0.028334007835108678	-0.03227931874069512
0.01792	0.1176514738968002
0.011333603134043472	-0.019396175668486615
0.007168	0.20515883469930185
0.004533441253617388	0.00917186695162231
0.0028672	0.32481074145782807
0.0018133765014469551	0.05374180437899301
0.0011468799999999999	0.46070457102582996
0.0007253506005787821	0.08566831118456442
0.000458752	0.5463387073366273
0.0002901402402315129	0.04051866926635994
0.0001835008	0.5617217385836966
0.00011605609609260515	-0.059721966499858725
7.340032e-5	0.5430374377846283
4.642243843704206e-5	-0.16095041572943702
2.9360127999999997e-5	0.49526033038788975
1.8568975374816822e-5	-0.2591243685769695
1.1744051199999999e-5	0.43935828116850884
7.427590149926729e-6	-0.3250926436962134
4.6976204799999995e-6	0.40493212502886466
2.9710360599706918e-6	-0.35684568324018073
1.8790481919999998e-6	0.3896022807151076
1.1884144239882766e-6	-0.3701693783226039
7.516192768e-7	0.3833497651529967
4.7536576959531064e-7	-0.3755611994039145
3.0064771071999996e-7	0.38084178237199584
1.9014630783812427e-7	-0.3777250351315782
1.20259084288e-7	0.3798383414380804
7.60585231352497e-8	-0.3785915119122272
4.81036337152e-8	0.3794369840702132
3.042340925409988e-8	-0.37893823905602786
1.9241453486079997e-8	0.37927644871319965
1.2169363701639953e-8	-0.3790769500929658
7.696581394431999e-9	0.3792122363876431
4.867745480655981e-9	-0.3791324373391949
3.0786325577727996e-9	0.379186551911334
1.9470981922623924e-9	-0.3791546325486368
1.23145302310912e-9	0.379176278253726
7.78839276904957e-10	-0.3791635106264033
4.92581209243648e-10	0.37917216883574656
3.115357107619828e-10	-0.37916706183430615
1.9703248369745918e-10	0.37917052508524907
1.2461428430479312e-10	-0.3791684823048942
7.881299347898368e-11	0.3791698675915385
4.984571372191724e-11	-0.3791690504875216
3.152519739159347e-11	0.37916960459661264
1.99382854887669e-11	-0.37916927775827425
1.2610078956637389e-11	0.37916949939963973
7.975314195506759e-12	-0.37916936866566164
5.044031582654955e-12	0.37916945732125584
3.1901256782027038e-12	-0.37916940502820085
2.017612633061982e-12	0.37916944049009227
1.2760502712810815e-12	-0.3791694195730866
8.070450532247928e-13	0.37916943375767764
5.104201085124326e-13	-0.3791694253909894
3.2281802128991714e-13	0.3791694310647147
