0.309287728854692	0.256799348411856	0.5929354916275164	7.878472342071349	0.4254837106397537	3.1185389960986436	1.5008694886519116	2.0641340198561253
0.17392527130926086	0.17029137097635064	0.18024531115987674	4.8496488876155315	0.47710005689346596	2.148892028853698	1.6257448816794693	1.5789063080227217
0.09780536755214077	0.25390496720534717	0.06001905476916729	15.821518425074984	0.06365335423077188	2.868101588397059	0.4545766740160241	2.76137093909105
0.05500000000000001	0.2505811127716524	0.014894305656897212	15.290393560080837	0.06540621417775153	2.7743246893566726	0.01876709092235524	2.727224759314147
0.030928772885469205	0.2578196769879155	0.597168541748182	7.82771896702505	1.1497602365895712	3.119603670009912	1.5000381639998015	2.057671147896151
0.017392527130926087	0.17199599137725524	0.18451008820411985	4.78987938716959	1.878961717513775	2.1499773609777746	1.6267990200808633	1.5665052309741894
0.009780536755214076	0.25667758858218276	0.09207818685028835	14.92752626682368	0.606847987556229	2.8669476528534865	0.4563632679775367	2.703206909063902
0.0055	0.2553787294509277	0.04606891992581073	13.808566125287742	0.6518180933206473	2.770971849613654	0.025419381234062295	2.6252891333041766
0.0030928772885469207	0.2664246156322742	0.6332958043163947	7.288511351580569	1.6464267421903251	3.1124762102751777	1.5096392200437343	1.9862993209952944
0.001739252713092609	0.18753868482587466	0.21769582815670152	4.251979369413973	2.8222150103362083	2.1357992625874678	1.6432244121336614	1.4473846084956759
0.0009780536755214077	0.2832650591718833	0.2033378155774399	11.785657137603572	0.9333378590238437	2.8284747460666133	0.5249292752459429	2.46688329534296
0.00055	0.2984875619645455	0.12847885480683774	9.538642039302852	1.1532039838245103	2.6616369437994325	0.21845426073242047	2.2553511314397525
0.00030928772885469204	0.3325190530722059	0.7292156283434315	4.771350279257791	2.3054270827218057	2.8593784796156534	1.8352621193107128	1.5626293422539337
0.00017392527130926085	0.2736277128296264	0.22891077044098207	2.613290145269922	4.209253235776415	1.6844894350504274	1.969977364020352	0.9606100195129775
9.780536755214076e-5	0.3668874860825557	0.12610060580843588	7.457501728600634	1.4925573260036749	2.2334625801028976	0.64298442006759	2.0092204692003213
5.5e-5	0.35982606329168865	0.05486431814524652	6.749910957502704	1.6298589595094664	2.083025520927433	0.051012790659905945	1.9095293133163491
3.0928772885469206e-5	0.3675133379610084	0.5920445064302942	3.9647387722970393	3.1188462797546257	2.4302605251225144	1.4927161810798169	1.3774399695108657
1.7392527130926086e-5	0.2863492484621335	0.18134728876683848	2.439230213702584	4.547135543290687	1.4651529833408856	1.622535348942932	0.8916825033414082
9.780536755214077e-6	0.36808842030759403	0.1076125466592505	7.285915437865411	1.5261538808494652	2.1773082683926677	0.46478097010633423	1.9859430924066697
5.500000000000001e-6	0.35805066509895433	0.060196519026509576	6.605396174499992	1.6654859794199977	2.0782450245121744	0.027184835739210555	1.8878869171747423
3.0928772885469205e-6	0.3654399484943743	0.5909580430850888	3.953899299759566	4.046638218730146	2.4255907766977844	1.4953006945844671	1.3747022564826765
1.7392527130926088e-6	0.2849801625703936	0.18042426152664914	2.4364538942723484	6.566920899924696	1.4610952717669092	1.6172962058226361	0.8905436601888095
9.780536755214076e-7	0.36665717377607276	0.1150144161531897	7.183291049975222	1.5313315196991697	2.176285409652834	0.46198599678889885	1.9717576415499685
5.5e-7	0.35572508820026744	0.06765940025231931	6.444793250846615	1.7068041707241723	2.0772303667951593	0.02927180584172117	1.863272556876859
3.0928772885469203e-7	0.36311065293665146	0.5903204133100066	3.9542915564185774	3.5404572026991956	2.4245560954259084	1.4946311058608999	1.374801459111057
1.7392527130926086e-7	0.2834768336097233	0.1803580016475504	2.4379097933101903	5.742624291685059	1.461483109534272	1.6138670381565587	0.8911410300916116
9.780536755214077e-8	0.36483042138313043	0.1251509885505301	7.056085547021266	1.7006596532925842	2.17644386872737	0.4636639183532824	1.9538904426419454
5.5e-8	0.3526898518540447	0.07713386634579841	6.2455673191007435	1.9213626860286246	2.0757906855703347	0.03299306499104595	1.831871983182603
3.0928772885469203e-8	0.36010149068453917	0.5894543383523643	3.956500631958627	6.179532179151359	2.4235744688439085	1.4931896516773158	1.3753599557937826
1.7392527130926085e-8	0.28152269115933126	0.18037881884957138	2.4406738196385915	7.4012122531462685	1.4626820659863196	1.6090960806479322	0.8922741567707609
9.780536755214077e-9	0.36237244193015217	0.13869432524224254	6.890762085640512	2.9233556910564755	2.1768189492715253	0.4667960461205346	1.9301816864040038
5.5000000000000004e-9	0.34856546014074913	0.08956915153410497	5.991031590768189	3.3385417317282537	2.07350614306201	0.038994865198180524	1.7902636161254732
3.0928772885469203e-9	0.3559923355741178	0.5880634903784878	3.960067915310435	7.673457054054864	2.422002372185929	1.490976148311219	1.3762611754502418
1.7392527130926087e-9	0.2788236654141005	0.18039619474506124	2.4451735663988567	9.203738415603645	1.4645789653311676	1.6013630878903684	0.894116108709476
9.780536755214078e-10	0.3588928348780262	0.1574995408103076	6.6677780392228785	3.599399958850036	2.1773648673889863	0.47190535810408646	1.8972866768754313
5.500000000000001e-10	0.3426650493299808	0.10651213176965743	5.656177744094787	4.243148126852395	2.069569288691924	0.04938428876946924	1.7327483538598258
3.09287728854692e-10	0.35006620526861815	0.5856161100578403	3.9659290919725807	6.05154545942258	2.4191292216625495	1.4874770912027757	1.3777401509596041
1.7392527130926086e-10	0.27486793561415945	0.18035389141758934	2.4530308321450627	9.783815060739858	1.4676534161098367	1.5876287021017845	0.8973243343555602
9.780536755214077e-11	0.3536273136892521	0.18509421987067542	6.35328268691186	3.8055091632410316	2.1781208780095893	0.4808762307369423	1.84897163789635
5.5000000000000004e-11	0.33361113231798134	0.13066554988156096	5.20075301508821	4.615463274468078	2.0620041750413036	0.06943889706391108	1.6488034256972264
3.0928772885469205e-11	0.34087231436493326	0.5807798903748764	3.9763381232460464	7.79810066214731	2.413150247054706	1.481648981050135	1.3803613262364005
1.7392527130926085e-11	0.2685846851034372	0.18005724691720576	2.4684070232792164	10.755842322955093	1.4729640222144034	1.5602285478800473	0.9035730127367018
9.780536755214077e-12	0.34487356017807463	0.22862664402120386	5.884906191038055	8.22211528657347	2.1789528538840237	0.49863551246345533	1.7723908002348183
5.5e-12	0.3182738192611758	0.16687380947713013	4.559966262522593	10.52838096784861	2.0450165447060416	0.11466307458446282	1.5173152249293185
3.0928772885469203e-12	0.3250738182779883	0.5695170502264157	3.9966526993412694	7.50628144520654	2.398217629705309	1.4716257143012001	1.385457185621571
1.7392527130926087e-12	0.25739795862633563	0.1785929986661918	2.5038946350843556	11.981334829206704	1.4826080236566677	1.4961578527919595	0.9178473737120882
9.780536755214077e-13	0.3282003168355653	0.3035323034484797	5.146491836589426	5.829213559946296	2.178080531281066	0.5407563196176775	1.638315285776948
5.5e-13	0.2883903151367429	0.22259416617334665	3.644374925561203	8.23186434238246	1.9970894215423964	0.2418212856471654	1.2931848625686142
3.0928772885469203e-13	0.29393456717455946	0.5365111543524228	4.0382951550379635	7.428878191881682	2.349889350623553	1.4562194574812608	1.395822611582425
1.7392527130926089e-13	0.23425315559432944	0.17054405954069643	2.607400535088584	11.505712143681176	1.4976614310257066	1.3141879628487965	0.9583537614657363
9.780536755214076e-14	0.2903671159698823	0.43773412103068976	3.9769193560678895	6.034821893831307	2.1589210629412148	0.6711083456414078	1.3805074884408532
5.499999999999999e-14	0.22074950542990798	0.2916899801904786	2.4469026626460777	9.808318232833352	1.8172277134804045	0.6894034360981427	0.894823005429097
3.0928772885469205e-14	0.22712175476162172	0.4170024153295697	4.084808924813702	5.875427820921778	2.1488217615036556	1.4266679038694516	1.4072749523865826
1.7392527130926088e-14	0.18455364915571848	0.12384721571841723	2.9748416309328034	8.06765635872672	1.4818300878211577	0.7777803580116329	1.0901908042807527
9.780536755214077e-15	0.20735037846950313	0.5912115902603781	2.615481199761492	23.283642802917097	2.012787493729723	1.0937736544308063	0.9614480957933246
5.5e-15	0.10232946957042241	0.2656238762271384	1.4862679910489356	40.40097368695437	1.2362447237450787	1.6139090968381167	0.3962682739446683
3.09287728854692e-15	0.14762531287595798	0.153694249783392	4.026422251984862	14.25032294852962	1.6661895228171029	0.9498853802813224	1.3928782029859177
1.7392527130926086e-15	0.13651398132439935	0.030059004368483525	3.688875895635582	14.968546921834404	1.4003766943139166	0.12265967863338151	1.3053217763125575
9.780536755214076e-16	0.14394701327392284	0.6008185040945856	2.0566942271800213	15.064969281647535	1.789523124734942	1.445203212235125	0.7210999497331542
5.500000000000001e-16	0.051684420964297095	0.19336526310753765	1.2434342226876018	24.182106195187703	0.8293517377259078	1.6676601303865164	0.21787708594836055
3.0928772885469206e-16	0.13029520572738698	0.05676470362495493	4.048646785765636	7.409965435248957	1.4993262019873654	0.5148894853952702	1.3983826983141463
1.7392527130926087e-16	0.12630869849355264	0.0038967314374487383	3.961797092808779	7.572321182417277	1.3890202804128453	0.024300521258567263	1.3766977336405253
9.780536755214076e-17	0.13312066736413494	0.5937424461458456	1.981842719571882	15.1374272558221	1.7398670452026779	1.494403528194909	0.6840270783553767
5.5e-17	0.04587624744140964	0.18149923820009653	1.2177000285844668	24.63660942414031	0.7709148433027144	1.6316262262328294	0.19696385700496977
3.0928772885469206e-17	0.12876161961347446	0.04672784474713045	4.057205345045989	7.394252311293834	1.4835895621305109	0.46046217260749545	1.4004943979411932
1.7392527130926087e-17	0.12517338087716798	0.000913705726919976	3.996740956669695	7.506115689068239	1.3883686593975149	0.018775748082008978	1.385479268189308
9.780536755214078e-18	0.1319833994740325	0.5928439236409094	1.9742095201498289	15.702487341691734	1.7344102180496968	1.499075298463408	0.6801680752723802
5.500000000000001e-18	0.04530227175122841	0.18027383137264882	1.2151523885411715	25.51120360896996	0.7649454012580664	1.6274201000050479	0.19486949159537745
3.0928772885469203e-18	0.12861292879712538	0.045742969318734124	4.05816850417876	9.117896796826855	1.482075544982527	0.4550604067948954	1.4007317644889798
1.7392527130926087e-18	0.12505841612688004	0.0006105947441612847	4.000330230147056	9.249236484229911	1.388307785367846	0.01828559856588919	1.3863769152489687
9.780536755214075e-19	0.13186917114755797	0.5927520187192535	1.9734450278697697	20.775851073114183	1.7338594707344606	1.4995380674301035	0.679780760587006
5.5e-19	0.04524497241154024	0.18015096262697763	1.214897959497525	33.74769023149678	0.7643474538861279	1.6269939023251174	0.19466008931300793
3.0928772885469203e-19	0.12859810881932232	0.04564470395455583	4.0582659421068215	10.102837168604855	1.481924811741348	0.45452096540607045	1.400755774521639
1.7392527130926086e-19	0.12504690488720396	0.0005802332915756522	4.000690128120478	10.24823185175348	1.3883017370437067	0.01823721247246002	1.3864668782680711
9.780536755214076e-20	0.13185774336474324	0.5927428076042494	1.9733685673198598	21.79015147606241	1.733804345340444	1.4995842982237382	0.6797420151291447
5.5e-20	0.04523924349073733	0.18013867254362367	1.2148725200246657	35.394660173173534	0.7642876494145253	1.6269512273837492	0.1946391494974371
3.0928772885469204e-20	0.1285966273147942	0.04563487967479779	4.058275697168875	10.595633024635946	1.4819097451753513	0.45446702896703417	1.4007581782700547
1.7392527130926087e-20	0.12504575361510298	0.0005771966402739433	4.000726127647502	10.748048886136768	1.3883011325979049	0.018232380154765866	1.3864758765568423
9.780536755214076e-21	0.13185660053700404	0.592741886286437	1.9733609211518812	22.803735250687343	1.7337988322943376	1.499588920840258	0.6797381404435343
5.5e-21	0.04523867060880402	0.18013744350324226	1.2148699761117006	37.041000999980675	0.7642816688701608	1.626946959338568	0.19463705552001423
3.09287728854692e-21	0.12859647916928288	0.04563389726944699	4.058276672787487	10.596186668366922	1.4819082385863658	0.45446163540033846	1.4007584186722768
1.7392527130926083e-21	0.1250456384864277	0.0005768929701224768	4.00072972769699	10.74803930403907	1.388301072157185	0.018231896985902524	1.3864767764054584
9.780536755214076e-22	0.1318564862537207	0.5927417941525743	1.97336015653377	20.77674461210212	1.7337982809845345	1.4995893830974265	0.6797377529734819
5.5e-22	0.04523861332070099	0.18013732059885346	1.2148697217206854	33.74847464461415	0.764281070814606	1.6269465325284311	0.19463684612226237
3.09287728854692e-22	0.12859646435478655	0.04563379902915349	4.058276770350229	10.595630222698956	1.4819080879281108	0.45446109604432255	1.4007584427127129
1.7392527130926085e-22	0.12504562697355753	0.000576862603087259	4.00073008770252	10.748038247362347	1.38830106611315	0.01823184866963473	1.3864768663904206
9.780536755214076e-23	0.1318564748254121	0.5927417849391702	1.9733600800722837	23.817244808330383	1.7337982258536786	1.4995894293227856	0.6797377142266331
5.5e-23	0.045238607591915496	0.18013730830846839	1.2148696962817225	38.68727662221721	0.7642810110093322	1.6269464898474248	0.19463682518259884
3.0928772885469203e-23	0.12859646287332185	0.04563378920507256	4.058276780107183	12.81332023850444	1.4819080728623608	0.45446104210897	1.4007584451169237
1.7392527130926084e-23	0.12504562582223663	0.0005768595662985032	4.000730123704166	12.997627531010423	1.3883010655087495	0.018231843838036527	1.3864768753891894
9.780536755214076e-24	0.131856473682584	0.592741784017866	1.9733600724261775	22.803745058383626	1.7337982203406792	1.4995894339453442	0.6797377103519696
5.5e-24	0.04523860701903548	0.18013730707943482	1.2148696937378178	37.04100960947297	0.7642810050288136	1.626946485579483	0.1946368230886256
3.0928772885469202e-24	0.1285964627251697	0.04563378822263799	4.058276781083038	12.813488384495248	1.4819080713557782	0.45446103671541394	1.4007584453573843
1.7392527130926086e-24	0.12504562570709538	0.0005768592625964364	4.000730127304624	12.997627546375357	1.3883010654483097	0.018231843354874017	1.3864768762891397
9.780536755214078e-25	0.1318564735682891	0.5927417839257234	1.97336007166148	27.255072807562414	1.7337982197893134	1.4995894344076532	0.6797377099644593
5.500000000000001e-25	0.04523860696174138	0.18013730695651753	1.2148696934833993	42.909364087647134	0.7642810044306947	1.6269464851526325	0.1946368228792052
3.09287728854692e-25	0.12859646271037503	0.04563378812448388	4.058276781179912	11.33486020798854	1.4819080712051034	0.4544610361759988	1.400758445381255
1.7392527130926085e-25	0.1250456256956196	0.0005768592323230316	4.000730127663441	11.497901266053537	1.3883010654422645	0.018231843306552503	1.3864768763788275
9.780536755214078e-26	0.1318564735568707	0.5927417839164805	1.9733600715851631	24.8307446297113	1.733798219734203	1.4995894344536962	0.6797377099257856
5.5e-26	0.04523860695602661	0.18013730694425367	1.2148696934580427	40.333543806270185	0.7642810043710411	1.6269464851098414	0.19463682285833334
3.09287728854692e-26	0.12859646270887906	0.04563378811460747	4.058276781190295	14.291780262209855	1.4819080711900987	0.45446103612227284	1.4007584453838133
1.7392527130926087e-26	0.1250456256944366	0.0005768592292065421	4.000730127700461	14.497353770107265	1.3883010654416625	0.01823184330174098	1.3864768763880808
9.780536755214076e-27	0.13185647355573066	0.592741783915559	1.9733600715776485	29.39149364344367	1.7337982197287563	1.499589434458201	0.6797377099219776
5.5e-27	0.04523860695546182	0.18013730694304678	1.2148696934555525	47.74174572996869	0.7642810043651747	1.626946485105589	0.19463682285628353
3.0928772885469206e-27	0.1285964627087519	0.045633788113815424	4.0582767811900196	14.291780262210825	1.4819080711886226	0.4544610361169853	1.4007584453837456
1.7392527130926087e-27	0.1250456256943575	0.0005768592290795597	4.000730127701831	14.4973537701023	1.3883010654416037	0.018231843301267706	1.3864768763884234
9.780536755214077e-28	0.13185647355560953	0.5927417839154964	1.973360071576622	29.39149396315141	1.733798219728125	1.4995894344589653	0.6797377099214574
5.5e-28	0.0452386069553848	0.18013730694287752	1.2148696934551702	47.741745729983855	0.7642810043643248	1.6269464851052429	0.1946368228559688
3.0928772885469205e-28	0.12859646270873318	0.04563378811371068	4.058276781189917	12.81332023508589	1.4819080711884112	0.45446103611623684	1.4007584453837205
1.7392527130926088e-28	0.1250456256943432	0.000576859229070021	4.000730127701918	12.997627518022469	1.3883010654415953	0.018231843301199365	1.3864768763884452
9.780536755214077e-29	0.13185647355559754	0.592741783915463	1.973360071576518	32.41667973907094	1.7337982197280128	1.4995894344589922	0.6797377099214048
5.5e-29	0.04523860695538032	0.18013730694286204	1.214869693455151	48.097842221296276	0.76428100436426	1.6269464851050959	0.1946368228559531
3.09287728854692e-29	0.12859646270871467	0.045633788113746666	4.058276781189537	14.447663737377933	1.4819080711883814	0.4544610361161279	1.4007584453836268
1.7392527130926086e-29	0.12504562569431224	0.0005768592291194248	4.0007301277012886	14.499338397254256	1.3883010654415942	0.018231843301189977	1.3864768763882878
9.780536755214076e-30	0.1318564735556031	0.5927417839154754	1.973360071576847	29.39149396314806	1.7337982197282016	1.4995894344586844	0.6797377099215715
5.5000000000000005e-30	0.04523860695539825	0.18013730694291752	1.2148696934552747	47.74174572997975	0.7642810043645373	1.6269464851052118	0.1946368228560549
3.0928772885469204e-30	0.12859646270873046	0.045633788113666106	4.058276781190347	29.623147485679972	1.4819080711884378	0.4544610361163276	1.4007584453838264
1.7392527130926086e-30	0.1250456256943376	0.0005768592290134909	4.000730127702637	29.995209427000145	1.3883010654415961	0.01823184330120817	1.3864768763886248
9.780536755214077e-31	0.1318564735555999	0.5927417839154815	1.9733600715766024	29.39149364345925	1.7337982197280888	1.4995894344589413	0.6797377099214476
5.5000000000000005e-31	0.04523860695538324	0.1801373069428753	1.214869693455172	47.74174572998365	0.7642810043643192	1.6269464851051902	0.19463682285597028
3.092877288546921e-31	0.12859646270873656	0.045633788113611615	4.058276781190573	14.291780262208876	1.4819080711883965	0.4544610361161844	1.400758445383882
1.739252713092609e-31	0.12504562569435157	0.0005768592289774864	4.000730127703086	14.497353770097753	1.3883010654415946	0.018231843301194758	1.3864768763887372
9.780536755214076e-32	0.13185647355560803	0.592741783915472	1.9733600715766273	32.43199298588566	1.7337982197280843	1.4995894344588918	0.6797377099214601
5.5e-32	0.04523860695538741	0.18013730694288033	1.214869693455188	52.68054701239506	0.7642810043643482	1.6269464851051598	0.19463682285598344
3.0928772885469206e-32	0.12859646270873187	0.045633788113688734	4.058276781190039	14.784600271252506	1.481908071188402	0.4544610361162021	1.4007584453837505
1.739252713092609e-32	0.12504562569434177	0.0005768592290521596	4.000730127702143	14.997262520794314	1.388301065441595	0.018231843301196614	1.3864768763885014
9.780536755214076e-33	0.1318564735556138	0.5927417839154674	1.9733600715767055	32.43199298588438	1.7337982197281159	1.499589434458819	0.6797377099214997
5.5e-33	0.045238606955393675	0.1801373069428937	1.2148696934552239	52.6805470123935	0.7642810043644201	1.6269464851051465	0.19463682285601305
