-1.0	0.2384653538911708
-1.0	0.2384653538911708
-0.999	0.2389898553116679
-0.998	0.23951531730101913
-0.997	0.24004174031590642
-0.996	0.24056912480544174
-0.995	0.24109747121112723
-0.994	0.2416267799668152
-0.993	0.24215705149866973
-0.992	0.242688286225125
-0.991	0.24322048455684656
-0.99	0.24375364689669105
-0.989	0.24428777363966614
-0.988	0.2448228651728903
-0.987	0.24535892187555405
-0.986	0.24589594411887847
-0.985	0.24643393226607574
-0.984	0.246972886672309
-0.983	0.2475128076846524
-0.982	0.24805369564205088
-0.981	0.24859555087528007
-0.98	0.2491383737069056
-0.979	0.24968216445124375
-0.978	0.25022692341432057
-0.977	0.25077265089383227
-0.976	0.25131934717910404
-0.975	0.25186701255105093
-0.974	0.2524156472821365
-0.973	0.2529652516363332
-0.972	0.25351582586908183
-0.971	0.2540673702272515
-0.97	0.25461988494909854
-0.969	0.25517337026422704
-0.968	0.25572782639354774
-0.967	0.25628325354923814
-0.966	0.2568396519347025
-0.965	0.25739702174453005
-0.964	0.25795536316445616
-0.963	0.2585146763713209
-0.962	0.2590749615330294
-0.961	0.2596362188085105
-0.96	0.2601984483476773
-0.959	0.2607616502913863
-0.958	0.2613258247713971
-0.957	0.26189097191033145
-0.956	0.2624570918216336
-0.955	0.26302418460953
-0.954	0.26359225036898754
-0.953	0.2641612891856753
-0.952	0.2647313011359215
-0.951	0.265302286286676
-0.95	0.2658742446954675
-0.949	0.26644717641036453
-0.948	0.26702108146993464
-0.947	0.26759595990320384
-0.9465508226401592	0.26785449908840664
-0.946	0.2681718117296168
-0.945	0.2687486369589964
-0.944	0.26932643559150266
-0.943	0.2699052076175933
-0.942	0.27048495301798325
-0.941	0.2710656717636044
-0.94	0.2716473638155649
-0.939	0.27223002912510974
-0.938	0.272813667633579
-0.937	0.27339827927237004
-0.936	0.2739838639628953
-0.935	0.2745704216165429
-0.934	0.2751579521346366
-0.933	0.27574645540839504
-0.932	0.2763359313188931
-0.931	0.2769263797370203
-0.93	0.2775178005234412
-0.929	0.2781101935285563
-0.928	0.278703558592461
-0.927	0.2792978955449063
-0.926	0.2798932042052584
-0.925	0.2804894843824592
-0.924	0.2810867358749868
-0.923	0.2816849584708145
-0.922	0.28228415194737266
-0.921	0.28288431607150805
-0.92	0.2834854505994439
-0.919	0.28408755527674107
-0.918	0.2846906298382581
-0.917	0.28529467400811137
-0.916	0.285899687499636
-0.915	0.2865056700153464
-0.914	0.28711262124689646
-0.913	0.28772054087504095
-0.912	0.288329428569595
-0.911	0.2889392839893962
-0.91	0.2895501067822645
-0.909	0.29016189658496316
-0.908	0.29077465302316
-0.907	0.29138837571138804
-0.906	0.2920030642530065
-0.905	0.2926187182401621
-0.904	0.2932353372537501
-0.903	0.29385292086337544
-0.902	0.29447146862731366
-0.901	0.2950909800924729
-0.9	0.2957114547943547
-0.899	0.2963328922570157
-0.898	0.2969552919930287
-0.897	0.29757865350344553
-0.896	0.2982029762777565
-0.8959584598407621	0.29822893153247093
-0.895	0.2988282597938544
-0.894	0.29945450351799463
-0.893	0.3000817069047579
-0.892	0.3007098693970117
-0.891	0.30133899042587287
-0.89	0.3019690694106687
-0.889	0.3026001057589003
-0.888	0.30323209886620356
-0.887	0.3038650481163126
-0.886	0.3044989528810218
-0.885	0.3051338125201472
-0.884	0.30576962638149097
-0.883	0.3064063938008025
-0.882	0.3070441141017418
-0.881	0.30768278659584203
-0.88	0.3083224105824731
-0.879	0.30896298534880323
-0.878	0.30960451016976387
-0.877	0.2774516838155412
-0.876	0.27825200620686047
-0.875	0.27905437236179104
-0.874	0.27985878539026654
-0.873	0.28066524838974005
-0.872	0.28147376444503247
-0.871	0.2822843366281794
-0.87	0.28309696799827755
-0.869	0.28391166160133197
-0.868	0.2847284204700992
-0.867	0.28554724762393396
-0.866	0.2863681460686327
-0.865	0.28719111879627574
-0.864	0.2880161687850722
-0.863	0.2888432989992
-0.862	0.28967251238864955
-0.861	0.29050381188906227
-0.86	0.2913372004215729
-0.859	0.2921726808926478
-0.858	0.29301025619392507
-0.857	0.2938499292020519
-0.856	0.2946917027785229
-0.855	0.29553557976951694
-0.854	0.29638156300573476
-0.853	0.2972296553022331
-0.852	0.29807985945826165
-0.851	0.29893217825709706
-0.85	0.2997866144658774
-0.849	0.3006431708354349
-0.8480702172136836	0.30144148667908466
-0.848	0.3015018501001298
-0.847	0.3023626549776827
-0.846	0.30322558816900574
-0.845	0.3040906523580337
-0.844	0.30495785021155586
-0.843	0.3058271843790439
-0.842	0.3066986574924833
-0.841	0.3075722721662011
-0.84	0.30844803099669416
-0.839	0.30932593656245777
-0.838	0.31020599142381206
-0.837	0.31108819812272837
-0.836	0.3119725591826559
-0.835	0.31285907710834693
-0.834	0.3137477543856813
-0.833	0.3146385934814921
-0.832	0.31553159684338744
-0.831	0.3164267668995757
-0.83	0.3173241060586874
-0.829	0.3182236167095972
-0.828	0.31912530122124577
-0.827	0.32002916194246167
-0.826	0.3209352012017807
-0.825	0.32184342130726673
-0.824	0.32275382454633184
-0.823	0.32366641318555367
-0.822	0.32458118947049663
-0.821	0.3254981556255279
-0.82	0.3264173138536349
-0.819	0.3273386663362442
-0.818	0.3282622152330364
-0.817	0.3291879626817633
-0.816	0.3301159107980632
-0.815	0.33104606167527517
-0.814	0.33197841738425565
-0.813	0.33291297997319136
-0.812	0.3338497514674127
-0.811	0.3347887338692087
-0.81	0.335729929157638
-0.809	0.33667333928834287
-0.808	0.33761896619335974
-0.807	0.33856681178093195
-0.806	0.33951687793532037
-0.805	0.3404691665166136
-0.804	0.3414236793605389
-0.803	0.3423804182782723
-0.8027415617602307	0.3426280384107396
-0.802	0.34333938505624667
-0.801	0.344300581455962
-0.8	0.3452640092137934
-0.799	0.3462296700408001
-0.798	0.3471975656225318
-0.797	0.34816769761883765
-0.796	0.3491400676636722
-0.795	0.35011467736490315
-0.794	0.3510915283041161
-0.793	0.3520706220364225
-0.792	0.35305196009026335
-0.791	0.35403554396721615
-0.79	0.3550213751417981
-0.789	0.3560094550612721
-0.788	0.3569997851454501
-0.787	0.35799236678649726
-0.786	0.35898720134873596
-0.785	0.35998429016844835
-0.784	0.3609836345536796
-0.783	0.3619852357840407
-0.782	0.36298909511051064
-0.781	0.3639952137552388
-0.78	0.36500359291134576
-0.779	0.36601423374272635
-0.778	0.3670271373838498
-0.777	0.36804230493956025
-0.776	0.3690597374848794
-0.775	0.37007943606480453
-0.774	0.3711014016941109
-0.773	0.37212563535715026
-0.772	0.37315213800765135
-0.771	0.3741809105685183
-0.77	0.3752119539316324
-0.769	0.3762452689576483
-0.768	0.3772808564757952
-0.767	0.3783187172836737
-0.766	0.3793588521470553
-0.765	0.3804012617996818
-0.764	0.3814459469430606
-0.763	0.38249290824626586
-0.762	0.38354214634573397
-0.761	0.3845936618450623
-0.76	0.3856474553148074
-0.7598356856515925	0.38582082664301337
-0.759	0.38670352729228014
-0.758	0.3877618782813456
-0.757	0.38882250875221863
-0.756	0.38988541914126146
-0.755	0.39095060985078034
-0.754	0.39201808124882265
-0.753	0.3930878336689736
-0.752	0.3941598674101528
-0.751	0.3952341827364109
-0.75	0.39631077987672614
-0.749	0.39738965902480083
-0.748	0.39847082033885767
-0.747	0.3995542639414364
-0.746	0.40063998991919003
-0.745	0.4017279983226804
-0.744	0.40281828916617624
-0.743	0.4039108624274476
-0.742	0.40500571804756336
-0.741	0.4061028559306871
-0.74	0.4072022759438735
-0.739	0.40830397791686457
-0.738	0.4094079616418859
-0.737	0.41051422687344424
-0.736	0.411622773328122
-0.735	0.4127336006843756
-0.734	0.4138467085823312
-0.733	0.4149620966235813
-0.732	0.4160797643709821
-0.731	0.41719971134844996
-0.73	0.4183219370407585
-0.729	0.4194464408933356
-0.728	0.420573222312061
-0.727	0.4217022806630632
-0.726	0.4228336152725174
-0.725	0.42396722542644194
-0.724	0.42510311037049886
-0.723	0.42624126930978806
-0.722	0.4273817014086492
-0.721	0.42852440579045764
-0.72	0.42966938153742384
-0.7192230933248643	0.43056048802595925
-0.719	0.4308166276903916
-0.718	0.4319661432486382
-0.717	0.4331179271696728
-0.716	0.4342719783690353
-0.715	0.43542829572009717
-0.714	0.43658687805386126
-0.713	0.43774772415876095
-0.712	0.43891083278046245
-0.711	0.440076202621663
-0.71	0.44124383234189524
-0.709	0.44241372055732575
-0.708	0.44358586584055804
-0.707	0.4447602667204348
-0.706	0.4459369216818399
-0.705	0.4471158291655005
-0.704	0.44829698756779124
-0.703	0.44948039524053707
-0.702	0.4506660504908172
-0.701	0.45185395158076963
-0.7	0.45304409672739465
-0.699	0.45423648410236134
-0.698	0.4554311118318123
-0.697	0.4566279779961691
-0.696	0.4578270806299401
-0.695	0.4590284177215244
-0.694	0.46023198721302266
-0.693	0.46143778700004207
-0.692	0.46264581493150525
-0.691	0.46385606880946006
-0.69	0.46506854638888695
-0.689	0.46628324537751
-0.688	0.4675001634356065
-0.687	0.4687192981758187
-0.686	0.46994064716296347
-0.685	0.4711642079138447
-0.684	0.4723899778970677
-0.683	0.4736179545328497
-0.682	0.47484813519283425
-0.681	0.47608051719990585
-0.6807812106484503	0.4763504424957744
-0.68	0.4773150978280045
-0.679	0.47855187430194124
-0.678	0.4797908437972143
-0.677	0.4810320034398259
-0.676	0.48227535030609925
-0.675	0.4835208814224966
-0.674	0.48476859376543885
-0.673	0.48601848426112454
-0.672	0.48727054978534967
-0.671	0.4885247871633286
-0.67	0.4897811931695162
-0.669	0.4910397645274297
-0.668	0.49230049790947217
-0.667	0.49356338993675586
-0.666	0.45802117454225083
-0.665	0.4595731578359836
-0.664	0.46112978505508373
-0.663	0.4626910638545485
-0.662	0.4642570018329596
-0.661	0.4658276065316978
-0.66	0.4674028854341514
-0.659	0.4689828459649248
-0.658	0.47056749548903865
-0.657	0.4721568413111288
-0.656	0.4737508906746413
-0.655	0.4753496507610217
-0.654	0.4769531286889014
-0.653	0.4785613315132808
-0.652	0.48017426622470794
-0.651	0.48179193974845164
-0.65	0.4834143589436749
-0.649	0.4850415306025999
-0.648	0.48667346144967205
-0.647	0.48831015814071954
-0.646	0.48995162726211033
-0.645	0.4915978753299001
-0.6443940149772543	0.49259780517207746
-0.644	0.4932489087889871
-0.643	0.49490473401225143
-0.642	0.496565357299698
-0.641	0.4982307848775951
-0.64	0.4999010228976071
-0.639	0.5015760774359255
-0.638	0.5032559544923947
-0.637	0.504940659989638
-0.636	0.506630199772175
-0.635	0.5083245796055393
-0.634	0.510023805175392
-0.633	0.5117278820866306
-0.632	0.5134368158624969
-0.631	0.5151506119436791
-0.63	0.5168692756874128
-0.629	0.518592812366577
-0.628	0.520321227168788
-0.627	0.5220545251954916
-0.626	0.5237927114610469
-0.625	0.5255357908918149
-0.624	0.5272837683252367
-0.623	0.5290366485089135
-0.622	0.5307944360996815
-0.621	0.5325571356626856
-0.62	0.534324751670447
-0.619	0.5360972885019323
-0.618	0.5378747504416159
-0.617	0.5396571416785432
-0.616	0.5414444663053878
-0.615	0.5432367283175081
-0.614	0.545033931612001
-0.613	0.5468360799867535
-0.612	0.5486431771394895
-0.611	0.5504552266668169
-0.61	0.5522722320632719
-0.6099516849811152	0.5523601462781836
-0.609	0.5540941967203581
-0.608	0.5559211239255885
-0.607	0.557753016861519
-0.606	0.5595898786047846
-0.605	0.5614317121251329
-0.604	0.5632785202844512
-0.603	0.5651303058357974
-0.602	0.5669870714224245
-0.601	0.5688488195768058
-0.6	0.5707155527196566
-0.599	0.5725872731589557
-0.598	0.574463983088963
-0.597	0.5763456845892357
-0.596	0.5782323796236457
-0.595	0.5801240700393933
-0.594	0.5820207575660156
-0.593	0.5839224438144025
-0.592	0.5858291302758015
-0.591	0.5877408183208284
-0.59	0.5896575091984707
-0.589	0.5915792040350967
-0.588	0.5935059038334567
-0.587	0.5954376094716863
-0.586	0.5973743217023081
-0.585	0.5993160411512342
-0.584	0.6012627683167648
-0.583	0.6032145035685847
-0.582	0.605171247146768
-0.581	0.6071329991607668
-0.58	0.609099759588416
-0.579	0.6110715282749242
-0.578	0.6130483049318705
-0.5773502691896257	0.61433536141049
-0.577	0.615030089136201
-0.576	0.6170168803292219
-0.575	0.6190086778155939
-0.574	0.621005480762327
-0.573	0.6230072881977728
-0.572	0.6250140990106208
-0.571	0.6270259119488891
-0.57	0.6290427256189198
-0.569	0.6310645384843714
-0.568	0.6330913488652145
-0.567	0.6351231549367242
-0.566	0.6371599547284754
-0.565	0.6392017461233359
-0.564	0.6412485268564659
-0.563	0.6433002945143069
-0.562	0.6453570465335848
-0.561	0.6474187802003033
-0.56	0.6494854926487428
-0.559	0.6515571808604572
-0.558	0.6536338416632763
-0.557	0.6557154717303054
-0.556	0.6578020675789251
-0.555	0.6598936255697962
-0.554	0.6619901419058639
-0.553	0.6640916126313612
-0.552	0.6661980336308174
-0.551	0.6683094006280659
-0.55	0.6704257091852531
-0.549	0.6725469547018521
-0.548	0.674673132413673
-0.547	0.6768042373918803
-0.5464913722529576	0.6778900653072751
-0.546	0.6789402645420096
-0.545	0.6810812086029848
-0.544	0.6832270641461408
-0.543	0.6853778255742458
-0.542	0.6875334871205283
-0.541	0.6896940428477032
-0.54	0.6918594866470016
-0.539	0.6940298122372069
-0.538	0.696205013163685
-0.537	0.6983850827974272
-0.536	0.7005700143340883
-0.535	0.7027598007930311
-0.534	0.7049544350163739
-0.533	0.7071539096680373
-0.532	0.7093582172328015
-0.531	0.7115673500153592
-0.53	0.7137813001393758
-0.529	0.7160000595465529
-0.528	0.7182236199956946
-0.527	0.7204519730617769
-0.526	0.7226851101350225
-0.525	0.7249230224199773
-0.524	0.727165700934593
-0.523	0.7294131365093119
-0.522	0.7316653197861553
-0.521	0.7339222412178205
-0.52	0.736183891066775
-0.519	0.738450259404362
-0.518	0.7407213361099052
-0.5172818579717865	0.7423551907410563
-0.517	0.7429971108698212
-0.516	0.745277573176736
-0.515	0.747562712328605
-0.514	0.749852517427838
-0.513	0.7521469773804338
-0.512	0.7544460808951106
-0.511	0.7567498164824502
-0.51	0.7590581724540449
-0.509	0.7613711369216467
-0.508	0.7636886977963242
-0.507	0.7660108427876291
-0.506	0.6336399785104496
-0.505	0.6364123960987496
-0.504	0.6391950935773553
-0.503	0.641988088032613
-0.502	0.6447913963030215
-0.501	0.647605034975419
-0.5	0.6504290203811415
-0.499	0.6532633685921606
-0.498	0.6561080954171974
-0.497	0.6589632163978096
-0.496	0.6618287468044632
-0.495	0.6647047016325722
-0.494	0.6675910955985234
-0.493	0.6704879431356752
-0.492	0.6733952583903333
-0.491	0.6763130552177062
-0.49	0.6792413471778396
-0.4896335682000246	0.6803169965776501
-0.489	0.6821801475315264
-0.488	0.6851294692361984
-0.487	0.6880893249417942
-0.486	0.6910597269866099
-0.485	0.6940406873931237
-0.484	0.6970322178638058
-0.483	0.7000343297769062
-0.482	0.7030470341822194
-0.481	0.7060703417968371
-0.48	0.7091042630008728
-0.479	0.7121488078331738
-0.478	0.7152039859870135
-0.477	0.7182698068057627
-0.476	0.7213462792785452
-0.475	0.7244334120358762
-0.474	0.7275312133452808
-0.473	0.7306396911068971
-0.472	0.7337588528490648
-0.471	0.736888705723892
-0.47	0.7400292565028104
-0.469	0.7431805115721145
-0.468	0.7463424769284829
-0.467	0.7495151581744883
-0.466	0.7526985605140906
-0.465	0.7558926887481137
-0.464	0.7590975472697166
-0.4634630567719698	0.7608228033472237
-0.463	0.7623131400598406
-0.462	0.7655394706826527
-0.461	0.7687765422809696
-0.46	0.7720243575716758
-0.459	0.7752829188411241
-0.458	0.778552227940529
-0.457	0.7818322862813487
-0.456	0.7851230948306547
-0.455	0.7884246541064935
-0.454	0.7917369641732389
-0.453	0.7950600246369345
-0.452	0.7983938346406279
-0.451	0.8017383928596977
-0.45	0.8050936974971716
-0.449	0.8084597462790392
-0.448	0.8118365364495586
-0.447	0.815224064766553
-0.446	0.8186223274967077
-0.445	0.8220313204108594
-0.444	0.8254510387792784
-0.443	0.8288814773669542
-0.442	0.8323226304288691
-0.441	0.8357744917052758
-0.44	0.8392370544169707
-0.439	0.8427103112605637
-0.4386913376508308	0.8437845335401205
-0.438	0.8461942544037501
-0.437	0.8496888754805798
-0.436	0.8531941655867287
-0.435	0.8567101152747685
-0.434	0.8602367145494404
-0.433	0.8637739528629274
-0.432	0.8673218191101341
-0.431	0.870880301623963
-0.43	0.8744493881706034
-0.429	0.8780290659448161
-0.428	0.8816193215652293
-0.427	0.8852201410696373
-0.426	0.8888315099103042
-0.425	0.8924534129492812
-0.424	0.8960858344537246
-0.423	0.8997287580912248
-0.422	0.9033821669251458
-0.421	0.9070460434099721
-0.42	0.910720369386669
-0.419	0.914405126078051
-0.418	0.9181002940841629
-0.417	0.9218058533776758
-0.416	0.9255217832992932
-0.41524364653850576	0.9283392150815442
-0.415	0.9292480625531746
-0.414	0.9329846692023694
-0.413	0.9367315806642704
-0.412	0.9404887737060814
-0.411	0.9442562244403023
-0.41	0.9480339083202339
-0.409	0.9518218001354939
-0.408	0.9556198740075642
-0.407	0.9594281033853467
-0.406	0.9632464610407471
-0.405	0.9670749190642753
-0.404	0.9709134488606737
-0.403	0.9747620211445651
-0.402	0.9786206059361195
-0.401	0.9824891725567599
-0.4	0.9863676896248769
-0.399	0.990256125051582
-0.398	0.9941544460364808
-0.397	0.9980626190634786
-0.396	1.0019806098966098
-0.395	1.0059083835759037
-0.394	1.0098459044132737
-0.3930492152271221	1.0135986454546049
-0.393	1.0137931359884398
-0.392	1.0177500411448885
-0.391	1.0217165819858565
-0.39	1.025692719870353
-0.389	1.0296784154092185
-0.388	1.0336736284612145
-0.387	1.037678318129151
-0.386	1.0416924427560528
-0.385	1.0457159599213615
-0.384	0.8779296260693015
-0.383	0.8827939091537809
-0.382	0.8876811257353227
-0.381	0.8925913231874036
-0.38	0.8975245478553016
-0.379	0.9024808450351663
-0.378	0.907460258952917
-0.377	0.9124628327429838
-0.376	0.9174886084268878
-0.375	0.922537626891666
-0.374	0.9276099278681369
-0.373	0.9327055499090183
-0.3720410580113015	0.9376138949040951
-0.372	0.9378245303668906
-0.371	0.9429669053720167
-0.37	0.9481327098100112
-0.369	0.9533219772993689
-0.368	0.958534740168855
-0.367	0.9637710294347565
-0.366	0.9690308747779945
-0.365	0.9743143045211152
-0.364	0.9796213456051404
-0.363	0.9849520235662999
-0.362	0.9903063625126387
-0.361	0.9956843851005093
-0.36	1.001086112510938
-0.359	1.0065115644258915
-0.358	1.0119607590044235
-0.357	1.0174337128587232
-0.356	1.0229304410300617
-0.355	1.0284509569646336
-0.354	1.0339952724893144
-0.353	1.0395633977873193
-0.3521557695165126	1.0442827206127785
-0.352	1.0451553413737824
-0.351	1.050771110071248
-0.35	1.0564107089850925
-0.349	1.0620741414788597
-0.348	1.0677614091495444
-0.347	1.0734725118027924
-0.346	1.079207447428056
-0.345	1.0849662121736858
-0.344	1.0907488003219736
-0.343	1.0965552042641502
-0.342	1.102385414475339
-0.341	1.1082394194894785
-0.34	1.1141172058742086
-0.339	1.120018758205735
-0.338	1.1259440590436718
-0.337	1.1318930889058634
-0.336	1.1378658262432053
-0.335	1.1438622474144553
-0.334	1.149882326661044
-0.3333333333333333	1.1539088425112438
-0.333	1.1559260360818955
-0.332	1.1619933456082578
-0.331	1.1680842229785549
-0.33	1.1741986337132555
-0.329	1.180336541089782
-0.328	1.1864979061174434
-0.327	1.1926826875124223
-0.326	1.1988908416727995
-0.325	1.2051223226536396
-0.324	1.2113770821421352
-0.323	1.2176550694328174
-0.322	1.2239562314028425
-0.321	1.2302805124873526
-0.32	1.236627854654933
-0.319	1.242998197383153
-0.318	1.2493914776342132
-0.317	1.2558076298306953
-0.316	1.2622465858314285
-0.31551694088005316	1.2653651297629886
-0.315	1.268708274907479
-0.314	1.2751926237182598
-0.313	1.28169955628778
-0.312	1.28822899398104
-0.311	1.2947808554805649
-0.31	1.3013550567631051
-0.309	1.307951511076495
-0.308	1.3145701289166822
-0.307	1.3212108180049364
-0.306	1.327873483265246
-0.305	1.3345580268019022
-0.304	1.3412643478772912
-0.303	1.3479923428898863
-0.302	1.3547419053524674
-0.301	1.3615129258705487
-0.3	1.3683052921210541
-0.299	1.3751188888312167
-0.2986528199469207	1.3774893770451222
-0.298	1.3819535977577404
-0.297	1.3888092976661977
-0.296	1.3956858643107084
-0.295	1.402583170413878
-0.294	1.4095010856470145
-0.293	1.4164394766106354
-0.292	1.201483438117913
-0.291	1.210052873975509
-0.29	1.218674862015746
-0.289	1.2273495502084122
-0.288	1.236077082335527
-0.287	1.2448575978711904
-0.286	1.2536912318601492
-0.285	1.2625781147950983
-0.284	1.2715183724927424
-0.283	1.2805121259686443
-0.28269007240456123	1.2833104158174322
-0.282	1.289559491310877
-0.281	1.2986605795525308
-0.28	1.3078154965430662
-0.279	1.3170243428185764
-0.278	1.3262872134709747
-0.277	1.3356041980161368
-0.276	1.3449753802610407
-0.275	1.3544008381699266
-0.274	1.3638806437295206
-0.273	1.3734148628133593
-0.272	1.3830035550452462
-0.271	1.3926467736618844
-0.27	1.402344565374725
-0.269	1.4120969702310704
-0.268	1.421904021474477
-0.26758052058674353	1.4260341535236558
-0.267	1.431765745404502
-0.266	1.4416821612358373
-0.265	1.4516532809568705
-0.264	1.4616791091877417
-0.263	1.471759643037913
-0.262	1.4818948719633278
-0.261	1.4920847776231931
-0.26	1.5023293337364545
-0.259	1.5126285059379923
-0.258	1.5229822516346136
-0.257	1.5333905198608884
-0.256	1.5438532511348866
-0.255	1.5543703773138744
-0.254	1.5649418214500221
-0.25327856188386416	1.5726021451982746
-0.253	1.5755674976461944
-0.252	1.5862473109118744
-0.251	1.5969811570192949
-0.25	1.6077689223598162
-0.249	1.6186104838006445
-0.248	1.6295057085419344
-0.247	1.6404544539743489
-0.246	1.6514565675371395
-0.245	1.662511886576827
-0.244	1.6736202382065286
-0.243	1.6847814391660227
-0.242	1.6959952956826116
-0.241	1.7072616033328507
-0.24	1.7185801469052255
-0.23974103110828818	1.7215197854197375
-0.239	1.7299507002638381
-0.238	1.7413730262131875
-0.237	1.752846876364107
-0.236	1.764371991000943
-0.235	1.7759480989500496
-0.234	1.78757491744966
-0.233	1.7992521520212397
-0.232	1.8109794963423735
-0.231	1.8227566321212723
-0.23	1.8345832289729906
-0.229	1.846458944297403
-0.228	1.85838342315906
-0.227	1.8703562981689625
-0.2269270702161501	1.8712313606268114
-0.226	1.8823771893683634
-0.225	1.8944457041146636
-0.224	1.9065614369694857
-0.223	1.918723969589005
-0.222	1.6617004495975003
-0.221	1.676970198973396
-0.22	1.6923627792913392
-0.219	1.7078785940618806
-0.218	1.7235180263155456
-0.217	1.739281437897023
-0.216	1.7551691687520987
-0.215	1.7711815362076748
-0.2147980049924181	1.7744311118079574
-0.214	1.787318834245182
-0.213	1.803581332767758
-0.212	1.819969276861513
-0.211	1.8364828860513016
-0.21	1.853122353551341
-0.209	1.8698878455111154
-0.208	1.8867795002569583
-0.207	1.9037974275297511
-0.206	1.9209417077191726
-0.205	1.938212391094964
-0.204	1.9556094970356734
-0.20331722832703833	1.9675603696942514
-0.203	1.97313301325537
-0.202	1.9907828950288031
-0.201	2.0085590644155467
-0.2	2.0264614094836246
-0.199	2.0444897835331637
-0.198	2.0626440043206182
-0.197	2.080923853284125
-0.196	2.0993290747705613
-0.195	2.117859375264886
-0.194	2.136514422622362
-0.193	2.155293845304254
-0.19245008972987526	2.1656736985036007
-0.192	2.1741972316176392
-0.191	2.1932241289599257
-0.19	2.2123740430687455
-0.189	2.2316464372778406
-0.188	2.2510407317796255
-0.187	2.2705563028950553
-0.186	2.2901924823515034
-0.185	2.3099485565693048
-0.184	2.3298237659576557
-0.183	2.34981730422059
-0.18216379075098593	2.366626311986283
-0.182	2.3699283176736774
-0.181	2.390155904572202
-0.18	2.410499114451511
-0.179	2.4309569474802317
-0.178	2.4515283538271118
-0.177	2.4722122330421725
-0.176	2.493007433452922
-0.175	2.513912751576342
-0.174	2.5349269315473983
-0.173	2.5560486645647655
-0.1724272859905955	2.568193290398807
-0.172	2.57727658835455
-0.171	2.5986092866526906
-0.17	2.6200452887067973
-0.169	2.6415830687981483
-0.168	2.330755839563305
-0.167	2.359247508115663
-0.166	2.388042578907873
-0.165	2.4171414334039882
-0.164	2.446544330079195
-0.1632111894000082	2.4699522442087916
-0.163	2.4762514005644096
-0.162	2.506262645784834
-0.161	2.5365779320966158
-0.16	2.567196987425971
-0.159	2.5981193974152013
-0.158	2.6293446015801956
-0.157	2.6608718894841266
-0.156	2.692700396932146
-0.155	2.724829102192068
-0.15448768559065656	2.741405017243794
-0.154	2.7572568222460374
-0.153	2.7899822090783917
-0.152	2.8230037460049813
-0.151	2.856319744049262
-0.15	2.889928338370691
-0.149	2.9238274847508987
-0.148	2.958014956143297
-0.147	2.9924883392917954
-0.14623044588361028	3.0192105167874983
-0.146	3.02724503142439
-0.145	3.062282237027439
-0.144	3.097596964706488
-0.143	3.1331860241395573
-0.142	3.1690460231288116
-0.141	3.2051733647566243
-0.14	3.2415642446519746
-0.139	3.278214648373181
-0.1384145488461686	3.2997904332754295
-0.138	3.3151203489129815
-0.137	3.3522769043319154
-0.136	3.3896796555259776
-0.135	3.4273237241344705
-0.134	3.4652040105939323
-0.133	3.5033151923439863
-0.132	3.541651722190881
-0.13101640507570736	3.5795735711966445
-0.131	3.580207826834425
-0.13	3.618977505563916
-0.129	3.6579545291286104
-0.128	3.3223848756873817
-0.127	3.375948697746016
-0.126	3.4301978614489013
-0.125	3.4851299768443385
-0.12401368600376717	3.5399763806162765
-0.124	3.5407420618196612
-0.123	3.5970305230476107
-0.122	3.6539911371317104
-0.121	3.7116190319961904
-0.12	3.769908668567165
-0.119	3.8288538227929374
-0.118	3.8884475680522854
-0.11738525650550419	3.9254010709687357
-0.117	3.9486822580006216
-0.116	4.0095495099046286
-0.115	4.071040188516805
-0.114	4.133144390541939
-0.113	4.1958514297479566
-0.112	4.259149822774049
-0.1111111111111111	4.3159015860492564
-0.111	4.323027275689109
-0.11	4.387470671353682
-0.109	4.452466057638478
-0.108	4.517998636552355
-0.107	4.584052754332322
-0.106	4.65061189254748
-0.10517231362668437	4.706071597806114
-0.105	4.7176586602683015
-0.104	4.785174787351634
-0.103	4.853141118890889
-0.102	4.921537610879684
-0.101	4.990343327135797
-0.1	5.059536437530797
-0.09955093998230691	5.0907283354080946
-0.099	5.129094217569003
-0.098	5.198993049357542
-0.097	4.9521474565872
-0.096	5.055497421091957
-0.095	5.16031547787739
-0.09423002413485373	5.2420079131605535
-0.094	5.266577100415557
-0.093	5.374254805620564
-0.092	5.48331807301951
-0.091	5.59373326835887
-0.09	5.705463572119975
-0.08919350686224783	5.796504103542656
-0.089	5.818468913419336
-0.088	5.932705909769319
-0.087	6.048127813172202
-0.086	6.164684463015688
-0.085	6.2823222462306925
-0.0844261872946214	6.350290497951162
-0.084	6.400984065162131
-0.083	6.52060931359107
-0.082	6.641133861331417
-0.081	6.762490047806434
-0.08	6.884606684989954
-0.07991367703609606	6.895181400769019
-0.079	7.007409070073985
-0.078	7.130819008198557
-0.077	7.254754845551275
-0.076	7.379131513113051
-0.0756423567387167	7.423704243038906
-0.075	7.503860581293025
-0.074	7.563755547620317
-0.073	7.759023417296378
-0.072	7.956945931769547
-0.0715993349974727	8.036959048636763
-0.071	8.157376828414227
-0.07	8.36015658530988
-0.069	8.565112263151718
-0.068	8.772057401771917
-0.06777240944234611	8.819413600658505
-0.067	8.980791974912055
-0.066	9.191102406668648
-0.065	9.402761652774059
-0.06415002990995841	9.58354697524032
-0.064	9.6155293495761
-0.063	9.829152033240959
-0.062	10.04336343132761
-0.061	10.257884828469336
-0.06072126358366197	10.317695931556017
-0.06	10.472425507451199
-0.059	10.686683266494365
-0.058	10.900345013051853
-0.05747576199686517	11.012008194122872
-0.057	11.113087433889422
-0.056	12.332637281549605
-0.055	12.700794433916125
-0.054403729800002736	12.92124773135411
-0.054	13.070803238312948
-0.053	13.44185082964504
-0.052	13.813076032830159
-0.05149589519688552	13.999994508579285
-0.051	14.18357197254046
-0.05	14.552389210147226
-0.049	14.918539405048612
-0.04874348196120343	15.011910414759008
-0.048	15.280999490853139
-0.047	15.638716349964014
-0.04613818294872287	15.942372993425746
-0.046	15.990611963063934
-0.045	16.335589002949355
-0.044	16.672536835222243
-0.04367213502523579	16.78107373041763
-0.043	17.000337881637197
-0.042	20.151831632918253
-0.04133789533458906	20.537670738225426
-0.041	20.73222990239057
-0.04	21.29738880143486
-0.03912841883516806	21.775178099869166
-0.039	21.84428075800733
-0.038	22.36986174032747
-0.037037037037037035	22.853006158213795
-0.037	22.871101501912865
-0.036	23.345015152759792
-0.03505743787556146	23.764079537679137
-0.035	23.788695584987664
-0.034	24.19934624091243
-0.033183646660768985	24.50824205817205
-0.033	24.574313681606885
-0.032	30.844404355926507
-0.031410008044951226	31.194122782529128
-0.031	31.420568936565743
-0.03	31.9130252836694
-0.02973116895408261	32.03041293838501
-0.029	32.31632648373607
-0.028142062431540465	32.587813794185095
-0.028	32.625946217049474
-0.027	32.83837472796181
-0.02663789234536535	32.89082336424691
-0.026	32.951193925973136
-0.025214118912905578	32.969084678176735
-0.025	32.96312914805852
-0.024	40.27440725673462
-0.023866444999157556	40.22458364449049
-0.023	39.81849617339275
-0.022590803147448702	39.57790899494424
-0.022	39.17727475420001
-0.021383343303319473	38.69449813870043
-0.021	38.362540644187085
-0.020240421194553992	37.63662082176441
-0.02	37.38890002350153
-0.0191585873322884	36.458923430026275
-0.019	36.273274416715026
-0.018134576600000903	37.839658358245785
-0.018	37.55820328632216
-0.01716529839896184	35.77471487218955
-0.017	35.415120964250335
-0.016247827320401143	33.76029302039194
-0.016	33.21027864604991
-0.015379394316240958	31.827972503252443
-0.015	30.982202264007533
-0.01455737834174527	29.997686353822495
-0.014	23.993115351846427
-0.013779298444863012	23.451836206568395
-0.013042806278389354	21.69995533576376
-0.013	21.600777874407942
-0.012345679012345678	20.12199648798093
-0.012	19.36933482560204
-0.011685812625187154	18.702575228850165
-0.011061215553589661	17.426286468737537
-0.011	17.30472228326876
-0.01047000268165041	11.396034994071734
-0.01	10.640004048538454
-0.00991038965136087	10.50094184389836
-0.009380687477180155	9.711258019922319
-0.009	9.176879483903127
-0.008879297448455118	9.013040593229197
-0.00840470630430186	8.394029700220626
-0.008	5.013366157708274
-0.007955481666385851	4.97944630270099
-0.007530267715816235	4.667301411702742
-0.007127781101106491	4.390394999591741
-0.007	4.3059954706648185
-0.0067468070648513305	4.143466337522119
-0.006386195777429466	3.9221678689037875
-0.0060448588666669675	2.753848592500756
-0.006	2.73847615357483
-0.00572176613298728	2.6450388036404315
-0.005415942440133714	2.5455441614659606
-0.005126464772080319	2.4537399489682126
-0.005	2.4141969831028183
-0.004852459447248423	2.3684142926326937
-0.004593099481621004	2.1445670297708155
-0.004347602092796451	2.0796899787425085
-0.00411522633744856	2.0191464913769894
-0.004	1.9892853862099575
-0.0038952708750623843	1.96217589087212
-0.003687071851196554	1.908227547055045
-0.00349000089388347	1.7880597828524776
-0.00330346321712029	1.7484181499555147
-0.003126895825726718	1.7115270532132847
-0.003	1.6850457133972137
-0.0029597658161517057	1.6766137715679628
-0.00280156876810062	1.6431225490220913
-0.0026518272221286174	1.6336247437498703
-0.0025100892386054115	1.6063969827855036
-0.002375927033702164	1.579668942149898
-0.002248935688283777	1.5531640564948936
-0.002128731925809822	1.526732017489763
-0.002014952955555656	1.578323779046765
-0.002	1.5755946532735567
-0.0019072553776624268	1.5576980831403184
-0.001805314146711238	1.5358740517943554
-0.0017088215906934398	1.512891011494181
-0.0016174864824161411	1.4888984285367624
-0.0015310331605403347	1.514672030637073
-0.0014492006975988171	1.492936903736935
-0.0013717421124828531	1.4704856479313335
-0.0012984236250207948	1.447383574636299
-0.0012290239503988513	1.4237570215519282
-0.00116333363129449	1.44507101192762
-0.0011011544057067633	1.4280573408634782
-0.0010422986085755728	1.4115094813100466
-0.001	1.399078661027788
-0.000986588605383902	1.3950107943684813
-0.00093385625603354	1.3782887010097755
-0.0008839424073762058	1.4052467312812809
-0.0008366964128684705	1.3925118222168114
-0.0007919756779007212	1.3793351599519788
-0.0007496452294279256	1.3654870839921036
-0.000709577308603274	1.3508588033905273
-0.0006716509851852187	1.4423404103114126
-0.0006357517925541423	1.4325914916507574
-0.0006017713822370793	1.4206625662335575
-0.0005696071968978132	1.406699875383128
-0.0005391621608053804	1.3909474887111717
-0.0005103443868467783	1.4404411512811752
-0.0004830668991996057	1.426422123646067
-0.0004572473708276177	1.410789592897539
-0.0004328078750069312	1.3937496530925957
-0.0004096746501329504	1.3755470215497025
-0.0003877778770981633	1.4143738816582323
-0.0003670514685689215	1.402552210360105
-0.00034743286952519095	1.3907201153985842
-0.00032886286846130035	1.378518050431859
-0.0003112854186778467	1.3657184346431248
-0.0002946474691254019	1.4022697005883595
-0.00027889880428949045	1.3932934017176948
-0.00026399189263357376	1.3836472544744491
-0.00024988174314264164	1.373089688796168
-0.00023652576953442467	1.361504712158284
-0.00022388366172840623	1.4681556033332939
-0.00021191726418471428	1.4615120947417375
-0.0002005904607456931	1.452311529021394
-0.00018986906563260423	1.4407317353501974
-0.00017972072026846013	1.427050012070425
-0.00017011479561559274	1.4875244979446665
-0.00016102229973320205	1.4754570265642504
-0.00015241579027587258	1.4614207948395337
-0.00014426929166897707	1.4456751597192712
-0.00013655821671098347	1.4285123657809602
-0.00012925929236605444	1.4749207447008548
-0.00012235048952297383	1.4644193576403461
-0.00011581095650839697	1.453753211814504
-0.00010962095615376677	1.442562123393092
-0.00010376180622594889	1.4306203321152842
-9.821582304180064e-5	1.4716012284916757
-9.296626809649682e-5	1.4636627383273115
-8.799729754452457e-5	1.454946772349696
-8.329391438088055e-5	1.4451923124170398
-7.884192317814156e-5	1.434272186725417
-7.462788724280207e-5	1.5504733015120666
-7.063908806157143e-5	1.5447419295975524
-6.686348691523104e-5	1.5362034889203495
-6.328968854420141e-5	1.525053807421612
-5.990690675615338e-5	1.5115933996342035
-5.670493187186425e-5	1.5784915209261416
-5.367409991106735e-5	1.5667071715027157
-5.080526342529086e-5	1.55272665874518
-4.808976388965902e-5	1.5368411001399367
-4.5519405570327826e-5	1.51937405191334
-4.3086430788684815e-5	1.570413431891619
-4.0783496507657944e-5	1.5600599783676503
-3.860365216946566e-5	1.549471447927532
-3.654031871792226e-5	1.5382700746933076
-3.4587268741982965e-5	1.52621988981663
-3.2738607680600214e-5	1.5705548382031072
-3.0988756032165605e-5	1.5627873442409004
-2.9332432514841528e-5	1.5541648512246888
-2.776463812696018e-5	1.544404233189148
-2.628064105938052e-5	1.533366076708917
-2.4875962414267358e-5	1.6557600802994261
-2.3546362687190476e-5	1.6505030558683935
-2.228782897174368e-5	1.6421592071573488
-2.1096562848067137e-5	1.6309436110901832
-1.9968968918717793e-5	1.617185596668752
-1.890164395728808e-5	1.6876582856760982
-1.789136663702245e-5	1.6758096000834408
-1.6935087808430286e-5	1.6615185084624886
-1.6029921296553006e-5	1.645109811346139
-1.5173135190109274e-5	1.626942739067746
-1.436214359622827e-5	1.6812356140592826
-1.3594498835885981e-5	1.6706269609038484
-1.2867884056488553e-5	1.6597405041071758
-1.218010623930742e-5	1.6481768806463934
-1.1529089580660988e-5	1.6356865468084136
-1.0912869226866738e-5	1.6828302105427593
-1.03295853440552e-5	1.6749516399411748
-9.777477504947175e-6	1.6661580724079759
-9.254879375653394e-6	1.6561407322722146
-8.760213686460173e-6	1.6447452760942596
-8.291987471422452e-6	1.77603730634216
-7.848787562396825e-6	1.7708547295527493
-7.429276323914559e-6	1.7623357084196836
-7.032187616022379e-6	1.7507134074152924
-6.6563229729059306e-6	1.7363433518589393
-6.300547985762694e-6	1.8124493983204255
-5.963788879007484e-6	1.8001035398651215
-5.645029269476762e-6	1.7851111186993112
-5.343307098851002e-6	1.767826608118015
-5.057711730036425e-6	1.7486399659086067
-4.787381198742757e-6	1.8063494023990647
-4.531499611961994e-6	1.7952652445213015
-4.289294685496184e-6	1.7838854857349138
-4.060035413102473e-6	1.7717803450822054
-3.843029860220329e-6	1.7586801787118138
-3.6376230756222457e-6	1.8088894276885399
-3.443195114685067e-6	1.8007765811536687
-3.2591591683157254e-6	1.7916893844182136
-3.0849597918844647e-6	1.7812896776748954
-2.9200712288200575e-6	1.7694060381979602
-2.763995823807484e-6	1.909594959066631
-2.6162625207989416e-6	1.904350736630442
-2.476425441304853e-6	1.8955119093593669
-2.3440625386741264e-6	1.8833304279290901
-2.218774324301977e-6	1.8681892047994024
-2.100182661920898e-6	1.9497950802288315
-1.987929626335828e-6	1.9367860773011865
-1.8816764231589208e-6	1.920925917523252
-1.7811023662836674e-6	1.9025991129351374
-1.6859039100121416e-6	1.882226817045836
-1.5957937329142524e-6	1.9432945738509049
-1.5104998706539979e-6	1.931637372571257
-1.4297648951653947e-6	1.9196735247920338
-1.3533451377008244e-6	1.9069385448733769
-1.2810099534067765e-6	1.8931396397493137
-1.2125410252074154e-6	1.9465848829977839
-1.1477317048950223e-6	1.9381913668613455
-1.086386389438575e-6	1.9287608055406538
-1.0283199306281548e-6	1.9179228458534823
-9.733570762733526e-7	1.9054873675568704
-9.213319412691613e-7	2.0550666452175905
-8.720875069329806e-7	2.0497180185292234
-8.254751471016177e-7	2.04049952034041
-7.813541795580421e-7	2.0276832506275997
-7.395914414339923e-7	2.0116814927421887
-7.00060887306966e-7	2.099026765517285
-6.626432087786093e-7	2.0852749691028807
-6.272254743863069e-7	2.068455885721991
6.272254743863069e-7	2.467564661918236
6.626432087786093e-7	2.4496099110558336
7.00060887306966e-7	2.4294834294536716
7.395914414339923e-7	2.459581455883559
7.813541795580421e-7	2.4415350849479025
8.254751471016177e-7	2.420839057909817
8.720875069329806e-7	2.3971861290810406
9.213319412691613e-7	2.3703155980288058
9.733570762733526e-7	2.4179226373608653
1.0283199306281548e-6	2.394789029164723
1.086386389438575e-6	2.369318615563228
1.1477317048950223e-6	2.3418148741438323
1.2125410252074154e-6	2.3127546198129054
1.2810099534067765e-6	2.3490677804501057
1.3533451377008244e-6	2.3265072687965254
1.4297648951653947e-6	2.3025683801439274
1.5104998706539979e-6	2.277708809136576
1.5957937329142524e-6	2.2525486034338753
1.6859039100121416e-6	2.32379651441401
1.7811023662836674e-6	2.3104051512790487
1.8816764231589208e-6	2.2954147594749204
1.987929626335828e-6	2.278635677050546
2.100182661920898e-6	2.2598579520755147
2.218774324301977e-6	2.2880523015132335
2.3440625386741264e-6	2.271160437948688
2.476425441304853e-6	2.2518074220587065
2.6162625207989416e-6	2.2297079453472777
2.763995823807484e-6	2.204619578711448
2.9200712288200575e-6	2.2496278056077044
3.0849597918844647e-6	2.2280136639952888
3.2591591683157254e-6	2.2042152252540483
3.443195114685067e-6	2.1785118657195603
3.6376230756222457e-6	2.151343903989825
3.843029860220329e-6	2.185156264333341
4.060035413102473e-6	2.1640235725157138
4.289294685496184e-6	2.141602348745394
4.531499611961994e-6	2.118317952317546
4.787381198742757e-6	2.0947468783472507
5.057711730036425e-6	2.161217572690904
5.343307098851002e-6	2.1486127478189454
5.645029269476762e-6	2.1345241190404542
5.963788879007484e-6	2.1187779701115517
6.300547985762694e-6	2.101181666778456
6.6563229729059306e-6	2.1278226708594534
7.032187616022379e-6	2.1119691525119837
7.429276323914559e-6	2.093826424825999
7.848787562396825e-6	2.0731291391381075
8.291987471422452e-6	2.049651335355602
8.760213686460173e-6	2.0920401073692254
9.254879375653394e-6	2.0717842620666223
9.777477504947175e-6	2.049484091799665
1.03295853440552e-5	2.0253972198897237
1.0912869226866738e-5	1.999930809825891
1.1529089580660988e-5	2.031240106544781
1.218010623930742e-5	2.0113733504252536
1.2867884056488553e-5	1.9902999133144297
1.3594498835885981e-5	1.9684157505964306
1.436214359622827e-5	1.9462575031857263
1.5173135190109274e-5	2.0079662830962577
1.6029921296553006e-5	1.9960243022594495
1.6935087808430286e-5	1.9827006419830293
1.789136663702245e-5	1.9678355420860774
1.890164395728808e-5	1.9512513506115452
1.9968968918717793e-5	1.9762282686779273
2.1096562848067137e-5	1.9612450539450996
2.228782897174368e-5	1.9441264592846141
2.3546362687190476e-5	1.9246251013999998
2.4875962414267358e-5	1.9025295462425207
2.628064105938052e-5	1.9421197719329508
2.776463812696018e-5	1.9229935360189372
2.9332432514841528e-5	1.9019493867221735
3.0988756032165605e-5	1.8792260098428917
3.2738607680600214e-5	1.855201166826423
3.4587268741982965e-5	1.8839554630234057
3.654031871792226e-5	1.8651224501569172
3.860365216946566e-5	1.845156827180149
4.0783496507657944e-5	1.8244285154542528
4.3086430788684815e-5	1.8034381979237701
4.5519405570327826e-5	1.8606421262571398
4.808976388965902e-5	1.8491790614639738
5.080526342529086e-5	1.836424587081606
5.367409991106735e-5	1.8222310639615427
5.670493187186425e-5	1.8064333683012892
5.990690675615338e-5	1.8295545111848375
6.328968854420141e-5	1.8152119206111987
6.686348691523104e-5	1.7988698406670358
7.063908806157143e-5	1.7802962642595488
7.462788724280207e-5	1.7592910844221517
7.884192317814156e-5	1.7959283590645256
8.329391438088055e-5	1.7775837031810275
8.799729754452457e-5	1.7574195701743083
9.296626809649682e-5	1.735655434045332
9.821582304180064e-5	1.7126398279428123
0.00010376180622594889	1.738887905897304
0.00010962095615376677	1.720644198677506
0.00011581095650839697	1.7013112372445591
0.00012235048952297383	1.6812327158955411
0.00012925929236605444	1.660873090917891
0.00013655821671098347	1.712133574242933
0.00014426929166897707	1.700600500581392
0.00015241579027587258	1.6878286207829172
0.00016102229973320205	1.6736797910848706
0.00017011479561559274	1.657998152571307
0.00017972072026846013	1.6781765712691872
0.00018986906563260423	1.663793373746393
0.0002005904607456931	1.6475143868609328
0.00021191726418471428	1.6291230380490092
0.00022388366172840623	1.6084298359207985
0.00023652576953442467	1.6407025098995385
0.00024988174314264164	1.6223157091347455
0.00026399189263357376	1.602180359913055
0.00027889880428949045	1.5805004335648745
0.0002946474691254019	1.5575976971980465
0.0003112854186778467	1.5795172019962838
0.00032886286846130035	1.5607504159536787
0.00034743286952519095	1.5408748211281496
0.0003670514685689215	1.520205775211182
0.0003877778770981633	1.4991678277856177
0.0004096746501329504	1.5422101781170556
0.0004328078750069312	1.5292486469233766
0.0004572473708276177	1.515019740510406
0.0004830668991996057	1.4993907158631794
0.0005103443868467783	1.4822095802194526
0.0005391621608053804	1.4971468368653968
0.0005696071968978132	1.4810873181356419
0.0006017713822370793	1.4631744848524573
0.0006357517925541423	1.4432097299733537
0.0006716509851852187	1.4210141540340377
0.000709577308603274	1.4459212662677485
0.0007496452294279256	1.4254867743658233
0.0007919756779007212	1.4033120373169414
0.0008366964128684705	1.3795923195418633
0.0008839424073762058	1.3546265890779732
0.00093385625603354	1.3702425012157977
0.000986588605383902	1.3484231168547218
0.001	1.3428626277728475
0.0010422986085755728	1.3253791467961225
0.0011011544057067633	1.3013997288532688
0.00116333363129449	1.2768662103624344
0.0012290239503988513	1.304981353007944
0.0012984236250207948	1.2875420907338362
0.0013717421124828531	1.2686795798973827
0.0014492006975988171	1.2482690321996437
0.0015310331605403347	1.2261631008277987
0.0016174864824161411	1.2304470480954803
0.0017088215906934398	1.2093390637103192
0.001805314146711238	1.1863798294807435
0.0019072553776624268	1.1614083176037986
0.002	1.1380824178894962
0.002014952955555656	1.1342709280406686
0.002128731925809822	1.1515162885696164
0.002248935688283777	1.1256115608539279
0.002375927033702164	1.097979610650565
0.0025100892386054115	1.068831882283066
0.0026518272221286174	1.0384634266180077
0.00280156876810062	1.0555727438167006
0.0029597658161517057	1.0272176790863725
0.003	1.0200383886693543
0.003126895825726718	0.997559582546818
0.00330346321712029	0.9668872331607142
0.00349000089388347	0.9355565416715244
0.003687071851196554	0.9608409152890484
0.0038952708750623843	0.9363506089753069
0.004	0.9240413993042513
0.00411522633744856	0.9105128975383261
0.004347602092796451	0.8832878947571199
0.004593099481621004	0.8546189950429497
0.004852459447248423	0.8750765829745832
0.005	0.8612539843481497
0.005126464772080319	0.8494877218650235
0.005415942440133714	0.8228685028929372
0.00572176613298728	0.795262796765149
0.006	0.7706466250779662
0.0060448588666669675	0.7667248404457514
0.006386195777429466	0.8652638612781015
0.0067468070648513305	0.843581306187454
0.007	0.8290173312051998
0.007127781101106491	0.821907240555241
0.007530267715816235	0.8007036327056933
0.007955481666385851	0.7805165563815604
0.008	0.7785466098770026
0.00840470630430186	0.9462503562696647
0.008879297448455118	0.9341192169645471
0.009	0.9313366764597516
0.009380687477180155	0.9234221428734413
0.00991038965136087	0.9147030636381094
0.01	0.9135020756132421
0.01047000268165041	0.90853318171483
0.011	1.1416330149086393
0.011061215553589661	1.1415113518260243
0.011685812625187154	1.1405935583785756
0.012	1.1403066710344123
0.012345679012345678	1.1400732947713443
0.013	1.1396953869876465
0.013042806278389354	1.1396670497981805
0.013779298444863012	1.138931986301313
0.014	1.1385746722177772
0.01455737834174527	1.3059626520365923
0.015	1.3021040043406313
0.015379394316240958	1.2984520371239325
0.016	1.2917241098418437
0.016247827320401143	1.2887565649641894
0.017	1.278689995339128
0.01716529839896184	1.2762542773678067
0.018	1.2626614308182351
0.018134576600000903	1.2602632699333056
0.019	1.2927134513561978
0.0191585873322884	1.2904837492605044
0.02	1.2780779073418718
0.020240421194553992	1.274362781364958
0.021	1.262162252534196
0.021383343303319473	1.2557532629129078
0.022	1.2451179221799165
0.022590803147448702	1.234582423581311
0.023	1.2271051463983293
0.023866444999157556	1.2108432775852336
0.024	1.208290068139744
0.025	1.349535235364698
0.025214118912905578	1.346254008647638
0.026	1.333920130844528
0.02663789234536535	1.3235919011313397
0.027	1.3176106142376538
0.028	1.3006796215284122
0.028142062431540465	1.298227928620382
0.029	1.283194716134915
0.02973116895408261	1.2700957721714174
0.03	1.2652180957543997
0.031	1.246806744309197
0.031410008044951226	1.2391445274489026
0.032	1.2280127149833844
0.033	1.3559058379989393
0.033183646660768985	1.3532121688362468
0.034	1.3410088152488508
0.035	1.3255744028875276
0.03505743787556146	1.3246724115338822
0.036	1.3096434694486354
0.037	1.2932575119912806
0.037037037037037035	1.292642434059272
0.038	1.2764587153550924
0.039	1.2592899941796731
0.03912841883516806	1.2570606402649804
0.04	1.2417950143044258
0.041	1.2240181908811032
0.04133789533458906	1.2179557095801812
0.042	1.2060046613001307
0.043	2.1484324246358275
0.04367213502523579	2.152240219219484
0.044	2.154090220441219
0.045	2.159713563064137
0.046	2.1653270015620874
0.04613818294872287	2.1661032822155986
0.047	2.1709551290126505
0.048	2.176622561131739
0.04874348196120343	2.1808762587562898
0.049	2.1823539121424886
0.05	2.188173767537514
0.051	2.1941066534600537
0.05149589519688552	2.1970982105520798
0.052	2.200177002516255
0.053	2.2064091159192953
0.054	2.2128271219550486
0.054403729800002736	2.215476374622114
0.055	2.2194549308465534
0.056	2.2263161861793663
0.057	3.2682159907194563
0.05747576199686517	3.2776434307830997
0.058	3.288078247061465
0.059	3.308124605338798
0.06	3.3283656973189055
0.06072126358366197	3.3430914823007334
0.061	3.3488116896462126
0.062	3.369472276664793
0.063	3.390356675189119
0.064	3.411473621086068
0.06415002990995841	3.4146623729276144
0.065	3.4328313675137587
0.066	3.4544376846461904
0.067	3.476299860696648
0.06777240944234611	3.493365874693318
0.068	3.498424704038154
0.069	3.5208185462054074
0.07	3.543487245550476
0.071	3.56643619131347
0.0715993349974727	3.5803266751083584
0.072	3.589670307860221
0.073	3.6131940588315477
0.074	3.637011450942895
0.075	4.903707703237587
0.0756423567387167	4.922486363323761
0.076	4.932902677464934
0.077	4.961874910932404
0.078	4.990614410419246
0.079	5.019111009890651
0.07991367703609606	5.044926578356341
0.08	5.047354380997273
0.081	5.07533404384918
0.082	5.103039378021806
0.083	5.130459633751596
0.084	5.157583943278906
0.0844261872946214	5.169051344125759
0.085	5.184401332296157
0.086	5.21090073145974
0.087	5.237070987924856
0.088	5.262900876863462
0.089	5.288379112926598
0.08919350686224783	5.293267762731289
0.09	5.313494361613737
0.091	5.338235250513245
0.092	5.362590380379877
0.093	5.386548336016933
0.094	5.410097696932873
0.09423002413485373	5.415455614717506
0.095	5.433227047744335
0.096	5.455924988299779
0.097	5.478180143500512
0.098	6.295494890676867
0.099	6.3146734934298765
0.09955093998230691	6.324901987396845
0.1	6.333059888409771
0.101	6.350643352897465
0.102	6.367413600451465
0.103	6.383360792091732
0.104	6.398475546861885
0.105	6.412748951755079
0.10517231362668437	6.415122850947648
0.106	6.426172570990454
0.107	6.4387384546287185
0.108	6.450439146517052
0.109	6.461267691555236
0.11	6.4712176422764465
0.111	6.480283064737884
0.1111111111111111	6.4812354931257286
0.112	6.488458543718014
0.113	6.495739187218678
0.114	6.502120630272138
0.115	6.507599038054423
0.116	6.512171108308006
0.117	6.5158340730782465
0.11738525650550419	6.517002177659774
0.118	6.518585699769487
0.119	6.520424291528038
0.12	6.521348686960614
0.121	6.521358259198118
0.122	6.520452914315737
0.123	6.518633089121627
0.124	6.515899748327416
0.12401368600376717	6.515856009406505
0.125	6.512254381114863
0.126	6.507698997113867
0.127	6.502236121808014
0.128	6.495868791384558
0.129	5.340367571104821
0.13	5.335568262972849
0.131	5.33033750314128
0.13101640507570736	5.3302481053078985
0.132	5.3246771512496
0.133	5.318589201679291
0.134	5.312075781658257
0.135	5.305139149270853
0.136	5.297781691376672
0.137	5.290005921441388
0.138	5.281814477283105
0.1384145488461686	5.278297495074382
0.139	5.273210118737695
0.14	5.264195725246793
0.141	5.2547742933720665
0.142	5.24494893423965
0.143	5.234722870918507
0.144	5.224099435736697
0.145	5.213082067539503
0.146	5.201674308893448
0.14623044588361028	5.198990472072786
0.147	5.189879803240273
0.148	5.177702292004967
0.149	5.165145611661977
0.15	5.152213690763741
0.151	5.138910546935686
0.152	5.12524028384182
0.153	5.111207088125118
0.154	5.096815226326736
0.15448768559065656	5.08966771614471
0.155	5.0820690417882295
0.156	5.06697295154081
0.157	5.051531443185652
0.158	5.035749071769288
0.159	5.0196304566579455
0.16	5.003180278414758
0.161	4.986403275683623
0.162	4.969304242083423
0.163	4.951888023116277
0.1632111894000082	4.948169796302521
0.164	4.934159513093348
0.165	4.916123652081744
0.166	4.897785422875762
0.167	4.879149847995858
0.168	4.860221986718441
0.169	4.346605532514448
0.17	4.333021374374979
0.171	4.319211181637464
0.172	4.305177929811591
0.1724272859905955	4.299114444285337
0.173	4.290924639678799
0.174	4.276454375937059
0.175	4.261770245828959
0.176	4.2468753977541756
0.177	4.231773019867201
0.178	4.216466338661454
0.179	4.200958617540675
0.18	4.18525315537866
0.181	4.169353285068346
0.182	4.153262372061243
0.18216379075098593	4.150608854286917
0.183	4.136983812898244
0.184	4.1205210337328255
0.185	4.1038774888476475
0.186	4.087056659165593
0.187	4.070062050756238
0.188	4.052897193338763
0.189	4.035565638782343
0.19	4.018070959604992
0.191	4.000416747471844
0.192	3.9826066116939236
0.19245008972987526	3.9745405348032032
0.193	3.9646441777283337
0.194	3.9465330856808234
0.195	3.928276988811801
0.196	3.9098795520466023
0.197	3.8913444504910966
0.198	3.8726753679534704
0.199	3.8538759954731585
0.2	3.8349500298578256
0.201	3.8159011722292613
0.202	3.7967331265791264
0.203	3.777449598335349
0.20331722832703833	3.771308787040325
0.204	3.758054292940073
0.205	3.7385509144399673
0.206	3.718943164089708
0.207	3.699234738969444
0.208	3.6794293306170136
0.209	3.6595306236756766
0.21	3.6395422945580953
0.211	3.619468010127316
0.212	3.5993114263953787
0.213	3.579076187240342
0.214	3.5587659231422495
0.2147980049924181	3.542506827362631
0.215	3.538384249938808
0.216	3.51793476760128
0.217	3.4974210590312405
0.218	3.476846688878762
0.219	3.45621520238255
0.22	3.435530124232569
0.221	3.4147949574556398
0.222	3.394013182324519
0.223	3.059974026040946
0.224	3.048408600289593
0.225	3.036782594518639
0.226	3.0250972589039447
0.2269270702161501	3.0142122272633207
0.227	3.0133538467008396
0.228	3.0015536139654335
0.229	2.9896978192762047
0.23	2.9777877234559313
0.231	2.965824589294094
0.232	2.9538096812698234
0.233	2.9417442652755295
0.234	2.929629608341264
0.235	2.917466978359967
0.236	2.905257643813644
0.237	2.893002873500612
0.238	2.8807039362638833
0.239	2.8683621007207973
0.23974103110828818	2.85918949129924
0.24	2.855978634993988
0.241	2.8435548064437786
0.242	2.831091881402098
0.243	2.818591124908016
0.244	2.8060538004449667
0.245	2.793481169679782
0.246	2.780874492203586
0.247	2.7682350252746617
0.248	2.75556402356336
0.249	2.74286273889916
0.25	2.7301324200199053
0.251	2.7173743123233765
0.252	2.7045896576212116
0.253	2.6917796938952856
0.25327856188386416	2.688206986249887
0.254	2.6789456550566175
0.255	2.666088770706876
0.256	2.6532102659025627
0.257	2.64031136092194
0.258	2.6273932710347805
0.259	2.6144572062749867
0.26	2.601504371216175
0.261	2.588535964750264
0.262	2.575553179869151
0.263	2.5625572034495123
0.264	2.549549216040813
0.265	2.5365303916565725
0.266	2.523501897568923
0.267	2.510464894106564
0.26758052058674353	2.5028931967927046
0.268	2.4974205344561025
0.269	2.4843699644668735
0.27	2.47131432245928
0.271	2.4582547390366827
0.272	2.4451923369008997
0.273	2.4321282306713568
0.274	2.4190635267079195
0.275	2.405999322937453
0.276	2.392936708684156
0.277	2.379876764503666
0.278	2.366820562021033
0.279	2.3537691637725047
0.28	2.3407236230512543
0.281	2.327684983756985
0.282	2.3146542802494916
0.28269007240456123	2.30566731518413
0.283	2.3016325372061806
0.284	2.2886207694835843
0.285	2.2756199819828646
0.286	2.2626311695193486
0.287	2.249655316696089
0.288	2.236693397781484
0.289	2.223746376590948
0.29	2.210815206372656
0.291	2.1979008296973612
0.292	2.1850041783522958
0.293	2.056760600167225
0.294	2.048747040416514
0.295	2.0407327141487626
0.296	2.0327179826984647
0.297	2.024703205050863
0.298	2.0166887378195075
0.2986528199469207	2.0114570703004304
0.299	2.008674935224324
0.3	2.000662149070187
0.301	1.9926507287260131
0.302	1.9846410211043533
0.303	1.976633370641496
0.304	1.9686281192780788
0.305	1.9606256064402166
0.306	1.952626169021126
0.307	1.9446301413632607
0.308	1.9366378552409582
0.309	1.928649639843588
0.31	1.9206658217591994
0.311	1.9126867249586943
0.312	1.9047126707804687
0.313	1.8967439779155886
0.314	1.8887809623934446
0.315	1.88082393756792
0.31551694088005316	1.876713077311329
0.316	1.872873214104041
0.317	1.8649290999651367
0.318	1.8569919004004873
0.319	1.8490619179334618
0.32	1.8411394523501514
0.321	1.8332248006884884
0.322	1.8253182572278521
0.323	1.8174201134791599
0.324	1.8095306581754365
0.325	1.8016501772628732
0.326	1.7937789538923472
0.327	1.7859172684114342
0.328	1.778065398356882
0.329	1.7702236184475568
0.33	1.7623922005778525
0.331	1.7545714138115776
0.332	1.7467615243762842
0.333	1.7389627956580684
0.3333333333333333	1.736365744691675
0.334	1.7311754881968249
0.335	1.7233998596819462
0.336	1.7156361649484806
0.337	1.7078846559737277
0.338	1.700145581874284
0.339	1.6924191889035174
0.34	1.684705720449491
0.341	1.6770054170333042
0.342	1.669318516307876
0.343	1.6616452530571415
0.344	1.653985859195679
0.345	1.6463405637687507
0.346	1.6387095929527515
0.347	1.6310931700560816
0.348	1.6234915155204117
0.349	1.6159048469223565
0.35	1.608333378975543
0.351	1.6007773235330802
0.352	1.5932368895904052
0.3521557695165126	1.5920637394119477
0.353	1.5857122832885278
0.354	1.5782037079176523
0.355	1.570711363921173
0.356	1.5632354489000453
0.357	1.5557761576175269
0.358	1.5483336820042826
0.359	1.5409082111638446
0.36	1.5334999313784352
0.361	1.5261090261151349
0.362	1.5187356760323987
0.363	1.5113800589869157
0.364	1.504042350040801
0.365	1.496722721469131
0.366	1.4894213427677918
0.367	1.482138380661662
0.368	1.4748739991131128
0.369	1.467628359330818
0.37	1.4604016197788736
0.371	1.4531939361862312
0.372	1.4460054615564149
0.3720410580113015	1.4457107298102794
0.373	1.4388363461775477
0.374	1.4316867376326619
0.375	1.424556780810295
0.376	1.4174466179153637
0.377	1.4103563884803232
0.378	1.4032862293765849
0.379	1.3962362748262065
0.38	1.3892066564138474
0.381	1.382197503098971
0.382	1.375208941228305
0.383	1.3682410945485448
0.384	1.3612940842193015
0.385	1.4260295583011742
0.386	1.4211660720097785
0.387	1.416306763949033
0.388	1.4114517398607542
0.389	1.4066011047354778
0.39	1.401754962810472
0.391	1.3969134175678124
0.392	1.3920765717325414
0.393	1.387244527270881
0.3930492152271221	1.387006842858436
0.394	1.3824173853885282
0.395	1.3775952465290138
0.396	1.3727782103721302
0.397	1.3679663758324276
0.398	1.3631598410577839
0.399	1.3583587034280353
0.4	1.3535630595536807
0.401	1.348773005274646
0.402	1.3439886356591275
0.403	1.3392100450024909
0.404	1.3344373268262424
0.405	1.3296705738770633
0.406	1.324909878125914
0.407	1.3201553307671992
0.408	1.3154070222180012
0.409	1.3106650421173751
0.41	1.305929479325715
0.411	1.301200421924173
0.412	1.2964779572141545
0.413	1.2917621717168633
0.414	1.2870531511729257
0.415	1.2823509805420585
0.41524364653850576	1.2812063602959005
0.416	1.2776557440028182
0.417	1.2729675249523946
0.418	1.2682864060064776
0.419	1.2636124689991806
0.42	1.2589457949830238
0.421	1.254286464228979
0.422	1.2496345562265714
0.423	1.2449901496840472
0.424	1.240353322528591
0.425	1.2357241519066096
0.426	1.2311027141840678
0.427	1.226489084946886
0.428	1.2218833390013915
0.429	1.2172855503748317
0.43	1.2126957923159376
0.431	1.208114137295543
0.432	1.2035406570072693
0.433	1.1989754223682474
0.434	1.1944185035199149
0.435	1.189869969828847
0.436	1.1853298898876585
0.437	1.180798331515945
0.438	1.1762753617612873
0.4386913376508308	1.1731535185411919
0.439	1.1717610469002993
0.44	1.167255452439735
0.441	1.162758643117642
0.442	1.158270682904567
0.443	1.153791635004814
0.444	1.1493215618577457
0.445	1.1448605251391428
0.446	1.1404085857626065
0.447	1.1359658038810128
0.448	1.1315322388880071
0.449	1.1271079494195617
0.45	1.1226929933555618
0.451	1.1182874278214496
0.452	1.1138913091899136
0.453	1.1095046930826205
0.454	1.1051276343719902
0.455	1.1007601871830208
0.456	1.0964024048951577
0.457	1.0920543401441938
0.458	1.087716044824234
0.459	1.0833875700896827
0.46	1.0790689663572848
0.461	1.0747602833082048
0.462	1.070461569890144
0.463	1.0661728743195067
0.4634630567719698	1.0641903714638727
0.464	1.0618942440835932
0.465	1.0576257259428496
0.466	1.0533673659331395
0.467	1.0491192093680666
0.468	1.0448813008413276
0.469	1.0406536842291088
0.47	1.0364364026925155
0.471	1.03222949868004
0.472	1.0280330139300644
0.473	1.0238469894734015
0.474	1.0196714656358672
0.475	1.0155064820408892
0.476	1.0113520776121527
0.477	1.0072082905762727
0.478	1.0030751584655073
0.479	0.9989527181204985
0.48	0.9948410056930475
0.481	0.9907400566489187
0.482	0.9866499057706786
0.483	0.9825705871605646
0.484	0.9785021342433788
0.485	0.9744445797694212
0.486	0.9703979558174409
0.487	0.9663622937976257
0.488	0.9623376244546114
0.489	0.9583239778705297
0.4896335682000246	0.9557867765724535
0.49	0.9543213834680682
0.491	0.9503298700135727
0.492	0.9463494656201635
0.493	0.9423801977508848
0.494	0.9384220932218772
0.495	0.9344751782055734
0.496	0.9305394782339202
0.497	0.926615018201624
0.498	0.9227018223694174
0.499	0.9187999143673531
0.5	0.914909317198114
0.501	0.9110300532403536
0.502	0.9071621442520472
0.503	0.9033056113738736
0.504	0.8994604751326111
0.505	0.8956267554445588
0.506	0.8918044716189697
0.507	0.9696761560036269
0.508	0.9668723318594806
0.509	0.9640729216275112
0.51	0.9612779492947754
0.511	0.958487438586471
0.512	0.95570141296652
0.513	0.9529198956381473
0.514	0.9501429095444864
0.515	0.9473704773691827
0.516	0.9446026215370186
0.517	0.9418393642145422
0.5172818579717865	0.9410613518519999
0.518	0.9390807273107095
0.519	0.9363267324775383
0.52	0.933577401110773
0.521	0.9308327543505548
0.522	0.9280928130821104
0.523	0.9253575979364421
0.524	0.9226271292910394
0.525	0.9199014272705859
0.526	0.9171805117476893
0.527	0.9144644023436163
0.528	0.9117531184290308
0.529	0.9090466791247573
0.53	0.906345103302534
0.531	0.9036484095857935
0.532	0.9009566163504412
0.533	0.898269741725644
0.534	0.8955878035946334
0.535	0.8929108195955137
0.536	0.8902388071220799
0.537	0.8875717833246403
0.538	0.8849097651108557
0.539	0.8822527691465787
0.54	0.8796008118567075
0.541	0.8769539094260432
0.542	0.8743120778001583
0.543	0.8716753326862722
0.544	0.8690436895541352
0.545	0.8664171636369149
0.546	0.8637957699321014
0.5464913722529576	0.8625095747938833
0.547	0.8611795232024055
0.548	0.8585684379766798
0.549	0.8559625285508325
0.55	0.8533618089887577
0.551	0.8507662931232701
0.552	0.8481759945570468
0.553	0.8455909266635725
0.554	0.8430111025880971
0.555	0.8404365352485954
0.556	0.8378672373367358
0.557	0.835303221318854
0.558	0.8327444994369326
0.559	0.8301910837095866
0.56	0.8276429859330584
0.561	0.825100217682212
0.562	0.8225627903115401
0.563	0.8200307149561716
0.564	0.8175040025328851
0.565	0.8149826637411333
0.566	0.8124667090640645
0.567	0.8099561487695544
0.568	0.8074509929112428
0.569	0.8049512513295733
0.57	0.8024569336528389
0.571	0.7999680492982322
0.572	0.7974846074729004
0.573	0.7950066171750036
0.574	0.7925340871947811
0.575	0.7900670261156163
0.576	0.7876054423151099
0.577	0.7851493439661577
0.5773502691896257	0.7842903470636062
0.578	0.7826987390380277
0.579	0.7802536352974473
0.58	0.7778140403096881
0.581	0.7753799614396613
0.582	0.7729514058530066
0.583	0.7705283805171976
0.584	0.7681108922026377
0.585	0.7656989474837683
0.586	0.7632925527401753
0.587	0.7608917141577007
0.588	0.7584964377295571
0.589	0.756106729257443
0.59	0.7537225943526636
0.591	0.7513440384372515
0.592	0.7489710667450933
0.593	0.7466036843230548
0.594	0.7442418960321102
0.595	0.7418857065484754
0.596	0.739535120364739
0.597	0.7371901417910001
0.598	0.7348507749560044
0.599	0.7325170238082847
0.6	0.7301888921173002
0.601	0.7278663834745803
0.602	0.7255495012948698
0.603	0.7232382488172722
0.604	0.7209326291063971
0.605	0.7186326450535103
0.606	0.7163382993776821
0.607	0.7140495946269352
0.608	0.7117665331794008
0.609	0.7094891172444663
0.6099516849811152	0.7073269795282499
0.61	0.7072173488639311
0.611	0.7049512299131597
0.612	0.702690762102236
0.613	0.7004359469771168
0.614	0.6981867859207895
0.615	0.6959432801544247
0.616	0.6937054307385359
0.617	0.6914732385741321
0.618	0.6892467044038753
0.619	0.6870258288132371
0.62	0.684810612231654
0.621	0.682601054933683
0.622	0.6803971570401588
0.623	0.6781989185193467
0.624	0.6760063391881004
0.625	0.6738194187130138
0.626	0.6716381566115761
0.627	0.6694625522533251
0.628	0.6672926048609987
0.629	0.6651283135116883
0.63	0.6629696771379882
0.631	0.6608166945291449
0.632	0.6586693643322074
0.633	0.6565276850531744
0.634	0.6543916550581408
0.635	0.6522612725744412
0.636	0.6501365356917974
0.637	0.6480174423634577
0.638	0.6459039904073394
0.639	0.6437961775071679
0.64	0.6416940012136151
0.641	0.6395974589454346
0.642	0.637506547990598
0.643	0.6354212655074243
0.644	0.6333416085257149
0.6443940149772543	0.6325237367919995
0.645	0.6312675739478781
0.646	0.6291991585500598
0.647	0.6271363589832654
0.648	0.6250791717744832
0.649	0.623027593327806
0.65	0.6209816199255458
0.651	0.6189412477293538
0.652	0.6169064727813323
0.653	0.614877291005142
0.654	0.6128536982071164
0.655	0.6108356900773639
0.656	0.6088232621908705
0.657	0.6068164100086026
0.658	0.6048151288786034
0.659	0.6028194140370885
0.66	0.6008292606095361
0.661	0.5988446636117791
0.662	0.596865617951089
0.663	0.59489211842726
0.664	0.592924159733689
0.665	0.5909617364584517
0.666	0.589004843085379
0.667	0.6066329817054583
0.668	0.605129444147019
0.669	0.6036281429105088
0.67	0.6021290841652408
0.671	0.6006322740153389
0.672	0.5991377184998983
0.673	0.5976454235931391
0.674	0.5961553952045726
0.675	0.5946676391791571
0.676	0.5931821612974633
0.677	0.5916989672758394
0.678	0.5902180627665736
0.679	0.5887394533580645
0.68	0.5872631445749854
0.6807812106484503	0.586111440618933
0.681	0.585789141878457
0.682	0.5843174506662163
0.683	0.5828480762727885
0.684	0.5813810239696615
0.685	0.5799162989654589
0.686	0.5784539064061168
0.687	0.5769938513750593
0.688	0.5755361388933794
0.689	0.5740807739200136
0.69	0.5726277613519279
0.691	0.571177106024295
0.692	0.5697288127106792
0.693	0.5682828861232201
0.694	0.5668393309128168
0.695	0.5653981516693152
0.696	0.5639593529216937
0.697	0.5625229391382536
0.698	0.5610889147268062
0.699	0.5596572840348644
0.7	0.5582280513498346
0.701	0.5568012208992081
0.702	0.555376796850755
0.703	0.553954783312719
0.704	0.5525351843340118
0.705	0.5511180039044115
0.706	0.5497032459547577
0.707	0.548290914357152
0.708	0.5468810129251555
0.709	0.5454735454139893
0.71	0.5440685155207372
0.711	0.5426659268845453
0.712	0.541265783086826
0.713	0.5398680876514633
0.714	0.5384728440450135
0.715	0.5370800556769144
0.716	0.5356897258996896
0.717	0.5343018580091559
0.718	0.532916455244631
0.719	0.5315335207891431
0.7192230933248643	0.5312253344169173
0.72	0.5301530577696384
0.721	0.5287750692571931
0.722	0.5273995582672233
0.723	0.5260265277596972
0.724	0.5246559806393467
0.725	0.5232879197558812
0.726	0.521922347904201
0.727	0.5205592678246119
0.728	0.5191986822030403
0.729	0.5178405936712486
0.73	0.5164850048070518
0.731	0.5151319181345354
0.732	0.5137813361242716
0.733	0.5124332611935378
0.734	0.5110876957065378
0.735	0.5097446419746169
0.736	0.5084041022564864
0.737	0.5070660787584407
0.738	0.5057305736345811
0.739	0.5043975889870346
0.74	0.503067126866179
0.741	0.5017391892708641
0.742	0.5004137781486336
0.743	0.49909089539595164
0.744	0.49777054285842437
0.745	0.49645272233102605
0.746	0.4951374355583233
0.747	0.4938246842347007
0.748	0.4925144700045868
0.749	0.49120679446267995
0.75	0.48990165915417616
0.751	0.48859906557499444
0.752	0.487299015172006
0.753	0.48600150934326014
0.754	0.4847065494382148
0.755	0.4834141367579626
0.756	0.4821242725554609
0.757	0.48083695803576154
0.758	0.4795521943562392
0.759	0.4782699826268208
0.7598356856515925	0.4772004148715149
0.76	0.47699032391021706
0.761	0.47571321922215193
0.762	0.4744386695315927
0.763	0.4731666757609815
0.764	0.4718972387864659
0.765	0.4706303594381306
0.766	0.4693660385002282
0.767	0.4681042767114124
0.768	0.4668450747649677
0.769	0.46558843330904276
0.77	0.46433435294688324
0.771	0.4630828342370624
0.772	0.46183387769371514
0.773	0.46058748378677017
0.774	0.45934365294218293
0.775	0.45810238554216787
0.776	0.45686368192543236
0.777	0.45562754238740966
0.778	0.45439396718049174
0.779	0.4531629565142628
0.78	0.45193451055573264
0.781	0.45070862942956996
0.782	0.44948531321833635
0.783	0.44826456196271824
0.784	0.44704637566176253
0.785	0.4458307542731095
0.786	0.44461769771322435
0.787	0.44340720585763405
0.788	0.44219927854115804
0.789	0.4409939155581436
0.79	0.4397911166626979
0.791	0.43859088156892284
0.792	0.43739320995114717
0.793	0.4361981014441604
0.794	0.435005555643446
0.795	0.43381557210541477
0.796	0.4326281503476373
0.797	0.4314432898490771
0.798	0.4302609900503239
0.799	0.4290812503538266
0.8	0.4279040701241243
0.801	0.4267294486880808
0.802	0.4255573853351157
0.8027415617602307	0.42468987938306624
0.803	0.4243878793174367
0.804	0.42322092985027193
0.805	0.4220565361121015
0.806	0.4208946972448897
0.807	0.4197354123543156
0.808	0.4185786805100051
0.809	0.4174245007457614
0.81	0.4162728720597965
0.811	0.41512379341496103
0.812	0.41397726373897553
0.813	0.4128332819246603
0.814	0.4116918468301638
0.815	0.41055295727919533
0.816	0.40941661206125196
0.817	0.40828280993184846
0.818	0.4071515496127463
0.819	0.406022829792182
0.82	0.4048966491250948
0.821	0.4037730062333562
0.822	0.40265189970599574
0.823	0.4015333280994294
0.824	0.40041728993768666
0.825	0.39930378371263625
0.826	0.39819280788421346
0.827	0.39708436088064625
0.828	0.39597844109867886
0.829	0.39487504690379976
0.83	0.39377417663046443
0.831	0.392675828582322
0.832	0.3915800010324359
0.833	0.3904866922235116
0.834	0.38939590036811744
0.835	0.3883076236489079
0.836	0.38722186021884686
0.837	0.3861386082014284
0.838	0.3850578656909003
0.839	0.3839796307524833
0.84	0.3829039014225934
0.841	0.3818306757090607
0.842	0.38075995159135106
0.843	0.37969172702078474
0.844	0.3786259999207541
0.845	0.37756276818694445
0.846	0.37650202968755
0.847	0.3754437822634933
0.848	0.3743880237286398
0.8480702172136836	0.37431398476589445
0.849	0.37333475187001697
0.85	0.3722839644480289
0.851	0.3712356591966716
0.852	0.37018983382374937
0.853	0.36914648601108874
0.854	0.36810561341475073
0.855	0.3670672136652471
0.856	0.36603128436775173
0.857	0.36499782310231327
0.858	0.3639668274240665
0.859	0.36293829486344414
0.86	0.3619122229263879
0.861	0.3608886090945583
0.862	0.35986745082554344
0.863	0.35884874555306967
0.864	0.3578324906872083
0.865	0.3568186836145851
0.866	0.3558073216985864
0.867	0.35479840227956605
0.868	0.353791922675052
0.869	0.352787880179951
0.87	0.3517862720667539
0.871	0.3507870955857407
0.872	0.34979034796518266
0.873	0.3487960264115464
0.874	0.3478041281096958
0.875	0.3468146502230943
0.876	0.3458275898940059
0.877	0.3448429442436951
0.878	0.3675364495724168
0.879	0.3667839738225345
0.88	0.36603251613206533
0.881	0.3652820779099395
0.882	0.3645326605497726
0.883	0.3637842654299015
0.884	0.3630368939134214
0.885	0.36229054734821997
0.886	0.3615452270670137
0.887	0.3608009343873856
0.888	0.3600576706118198
0.889	0.3593154370277388
0.89	0.3585742349075408
0.891	0.3578340655086348
0.892	0.35709493007347937
0.893	0.3563568298296189
0.894	0.355619765989721
0.895	0.35488373975161425
0.8959584598407621	0.35417926309955244
0.896	0.35414875229832504
0.897	0.35341480479811627
0.898	0.3526818984045241
0.899	0.35195003425639726
0.9	0.35121921347793433
0.901	0.35048943717872166
0.902	0.3497607064537731
0.903	0.3490330223835676
0.904	0.34830638603408814
0.905	0.3475807984568602
0.906	0.34685626068899145
0.907	0.3461327737532105
0.908	0.3454103386579056
0.909	0.34468895639716524
0.91	0.34396862795081595
0.911	0.3432493542844638
0.912	0.34253113634953214
0.913	0.341813975083303
0.914	0.3410978714089563
0.915	0.34038282623561045
0.916	0.33966884045836143
0.917	0.33895591495832467
0.918	0.338244050602674
0.919	0.3375332482446832
0.92	0.33682350872376654
0.921	0.3361148328655187
0.922	0.3354072214817568
0.923	0.3347006753705607
0.924	0.33399519531631383
0.925	0.3332907820897452
0.926	0.33258743644796945
0.927	0.3318851591345302
0.928	0.3311839508794395
0.929	0.3304838123992204
0.93	0.32978474439694844
0.931	0.3290867475622936
0.932	0.32838982257156196
0.933	0.3276939700877377
0.934	0.3269991907605255
0.935	0.3263054852263919
0.936	0.3256128541086082
0.937	0.3249212980172924
0.938	0.32423081754945243
0.939	0.3235414132890274
0.94	0.32285308580693084
0.941	0.3221658356610932
0.942	0.321479663396505
0.943	0.3207945695452592
0.944	0.3201105546265938
0.945	0.31942761914693546
0.946	0.31874576359994267
0.9465508226401592	0.3183706435569957
0.947	0.31806498846654757
0.948	0.3173852942150007
0.949	0.3167066813009135
0.95	0.3160291501673015
0.951	0.3153527012446279
0.952	0.31467733495084715
0.953	0.3140030516914487
0.954	0.31332985185949935
0.955	0.3126577358356888
0.956	0.3119867039883718
0.957	0.3113167566736125
0.958	0.3106478942352286
0.959	0.30998011700483435
0.96	0.3093134253018854
0.961	0.3086478194337222
0.962	0.30798329969561494
0.963	0.307319866370806
0.964	0.30665751973055566
0.965	0.30599626003418573
0.966	0.3053360875291232
0.967	0.3046770024509462
0.968	0.30401900502342627
0.969	0.3033620954585742
0.97	0.302706273956684
0.971	0.30205154070637724
0.972	0.301397895884648
0.973	0.30074533965690636
0.974	0.3000938721770246
0.975	0.2994434935873804
0.976	0.2987942040189024
0.977	0.2981460035911141
0.978	0.2974988924121794
0.979	0.2968528705789472
0.98	0.29620793817699526
0.981	0.29556409528067623
0.982	0.29492134195316205
0.983	0.2942796782464884
0.984	0.29363910420160044
0.985	0.2929996198483969
0.986	0.2923612252057755
0.987	0.2917239202816778
0.988	0.2910877050731342
0.989	0.29045257956630877
0.99	0.289818543736545
0.991	0.2891855975484093
0.992	0.28855374095573794
0.993	0.28792297390168087
0.994	0.287293296318747
0.995	0.28666470812885003
0.996	0.2860372092433523
0.997	0.28541079956311094
0.998	0.2847854789785228
0.999	0.28416124736956916
1.0	0.2835381046058613
1.0	0.2835381046058613
