-1.0	0.23171216577645012
-1.0	0.23171216577645012
-0.999	0.23221637231310155
-0.998	0.232721481406995
-0.997	0.23322749341156196
-0.996	0.23373440867288883
-0.995	0.234242227529679
-0.994	0.23475095031321608
-0.993	0.23526057734732758
-0.992	0.23577110894834669
-0.991	0.23628254542507554
-0.99	0.23679488707874885
-0.989	0.2373081342029952
-0.988	0.23782228708380126
-0.987	0.23833734599947368
-0.986	0.23885331122060258
-0.985	0.23937018301002339
-0.984	0.2398879616227806
-0.983	0.24040664730608965
-0.982	0.24092624029930007
-0.981	0.24144674083385814
-0.98	0.2419681491332692
-0.979	0.2424904654130611
-0.978	0.24301368988074568
-0.977	0.24353782273578256
-0.976	0.24406286416954098
-0.975	0.24458881436526286
-0.974	0.24511567349802518
-0.973	0.24564344173470243
-0.972	0.24617211923392984
-0.971	0.24670170614606501
-0.97	0.2472322026131517
-0.969	0.24776360876888115
-0.968	0.2482959247385552
-0.967	0.24882915063904895
-0.966	0.24936328657877355
-0.965	0.24989833265763833
-0.964	0.25043428896701314
-0.963	0.2509711555896918
-0.962	0.2515089325998538
-0.961	0.25204762006302717
-0.96	0.2525872180360516
-0.959	0.2531277265670397
-0.958	0.25366914569534127
-0.957	0.2542114754515043
-0.956	0.25475471585723886
-0.955	0.25529886692537884
-0.954	0.25584392865984484
-0.953	0.25638990105560716
-0.952	0.25693678409864773
-0.951	0.25748457776592326
-0.95	0.2580332820253278
-0.949	0.25858289683565566
-0.948	0.25913342214656343
-0.947	0.25968485789853335
-0.9465508226401592	0.25993284665598815
-0.946	0.2602372040228356
-0.945	0.2607904604414917
-0.944	0.26134462706723627
-0.943	0.2618997038034808
-0.942	0.2624556905442757
-0.941	0.26301258717427367
-0.94	0.2635703935686923
-0.939	0.2641291095932767
-0.938	0.2646887351042634
-0.937	0.26524926994834147
-0.936	0.26581071396261774
-0.935	0.2663730669745776
-0.934	0.2669363288020499
-0.933	0.2675004992531684
-0.932	0.2680655781263358
-0.931	0.26863156521018705
-0.93	0.26919846028355116
-0.929	0.2697662631154162
-0.928	0.2703349734648906
-0.927	0.27090459108116854
-0.926	0.27147511570349087
-0.925	0.2720465470611107
-0.924	0.2726188848732547
-0.923	0.2731921288490884
-0.922	0.2737662786876781
-0.921	0.27434133407795525
-0.92	0.2749172946986797
-0.919	0.2754941602184034
-0.918	0.2760719302954337
-0.917	0.27665060457779755
-0.916	0.27723018270320476
-0.915	0.2778106642990119
-0.914	0.2783920489821862
-0.913	0.2789743363592694
-0.912	0.279557526026342
-0.911	0.2801416175689862
-0.91	0.280726610562251
-0.909	0.2813125045706164
-0.908	0.2818992991479563
-0.907	0.28248699383750364
-0.906	0.28307558817181516
-0.905	0.2836650816727342
-0.904	0.28425547385135663
-0.903	0.2848467642079943
-0.902	0.2854389522321401
-0.901	0.2860320374024323
-0.9	0.2866260191866189
-0.899	0.2872208970415232
-0.898	0.28781667041300796
-0.897	0.2884133387359402
-0.896	0.2890109014341564
-0.8959584598407621	0.2890357436230953
-0.895	0.2896093579204275
-0.894	0.29020870759642337
-0.893	0.2908089498526792
-0.892	0.29141008406855945
-0.891	0.292012109612224
-0.89	0.29261502584059285
-0.889	0.29321883209931227
-0.888	0.29382352772271947
-0.887	0.29442911203380956
-0.886	0.29503558434419974
-0.885	0.2956429439540962
-0.884	0.29625119015225887
-0.883	0.29686032221596936
-0.882	0.29747033941099443
-0.881	0.298081240991554
-0.88	0.29869302620028676
-0.879	0.2993056942682163
-0.878	0.29991924441471773
-0.877	0.272213712544029
-0.876	0.2729863810645569
-0.875	0.2737609742436673
-0.874	0.27453749479900785
-0.873	0.2753159454354628
-0.872	0.2760963288450088
-0.871	0.2768786477065721
-0.87	0.2776629046858847
-0.869	0.2784491024353389
-0.868	0.2792372435938428
-0.867	0.28002733078667325
-0.866	0.28081936662533136
-0.865	0.28161335370739343
-0.864	0.2824092946163651
-0.863	0.28320719192153226
-0.862	0.28400704817781297
-0.861	0.28480886592560795
-0.86	0.28561264769065103
-0.859	0.2864183959838592
-0.858	0.287226113301181
-0.857	0.28803580212344543
-0.856	0.28884746491621105
-0.855	0.28966110412961166
-0.854	0.290476722198205
-0.853	0.29129432154081836
-0.852	0.2921139045603951
-0.851	0.29293547364383943
-0.85	0.2937590311618619
-0.849	0.2945845794688231
-0.8480702172136836	0.2953539481376658
-0.848	0.2954121209025788
-0.847	0.29624165778432165
-0.846	0.2970731924184252
-0.845	0.29790672709228627
-0.844	0.2987422640761656
-0.843	0.29957980562303055
-0.842	0.30041935396839514
-0.841	0.30126091133016064
-0.84	0.30210447990845535
-0.839	0.30295006188547324
-0.838	0.30379765942531456
-0.837	0.30464727467382235
-0.836	0.30549890975842137
-0.835	0.30635256678795464
-0.834	0.3072082478525216
-0.833	0.30806595502331335
-0.832	0.30892569035244977
-0.831	0.30978745587281364
-0.83	0.31065125359788726
-0.829	0.3115170855215853
-0.828	0.3123849536180911
-0.827	0.31325485984168827
-0.826	0.3141268061265955
-0.825	0.31500079438679796
-0.824	0.3158768265158818
-0.823	0.31675490438686293
-0.822	0.317635029852022
-0.821	0.31851720474273293
-0.82	0.3194014308692948
-0.819	0.3202877100207615
-0.818	0.32117604396477173
-0.817	0.32206643444737937
-0.816	0.322958883192881
-0.815	0.323853391903645
-0.814	0.32474996225994046
-0.813	0.32564859591976414
-0.812	0.32654929451866826
-0.811	0.32745205966958774
-0.81	0.328356892962667
-0.809	0.32926379596508515
-0.808	0.3301727702208834
-0.807	0.3310838172507905
-0.806	0.33199693855204604
-0.805	0.33291213559822785
-0.804	0.3338294098390754
-0.803	0.3347487627003135
-0.8027415617602307	0.3349866968209855
-0.802	0.3356701955834766
-0.801	0.33659370986573267
-0.8	0.33751930689970594
-0.799	0.33844698801329964
-0.798	0.33937675450951876
-0.797	0.3403086076662927
-0.796	0.341242548736295
-0.795	0.3421785789467693
-0.794	0.34311669949934526
-0.793	0.34405691156986445
-0.792	0.3449992163081977
-0.791	0.34594361483806685
-0.79	0.34689010825686506
-0.789	0.3478386976354766
-0.788	0.34878938401809617
-0.787	0.34974216842204875
-0.786	0.35069705183760796
-0.785	0.3516540352278158
-0.784	0.35261311952830066
-0.783	0.3535743056470969
-0.782	0.3545375944644609
-0.781	0.355502986832691
-0.78	0.35647048357594413
-0.779	0.35744008549005424
-0.778	0.3584117933423485
-0.777	0.359385607871465
-0.776	0.36036152978717056
-0.775	0.3613395597701752
-0.774	0.36231969847195195
-0.773	0.36330194651454917
-0.772	0.3642863044904114
-0.771	0.3652727729621916
-0.77	0.36626135246256886
-0.769	0.36725204349406404
-0.768	0.36824484652885514
-0.767	0.36923976200859315
-0.766	0.3702367903442166
-0.765	0.3712359319157683
-0.764	0.3722371870722088
-0.763	0.3732405561312325
-0.762	0.37424603937908263
-0.761	0.3752536370703655
-0.76	0.37626334942786543
-0.7598356856515925	0.3764294619517502
-0.759	0.3772751766423601
-0.758	0.3782891188724336
-0.757	0.379305176244294
-0.756	0.38032334885158403
-0.755	0.381343636755198
-0.754	0.38236603998309604
-0.753	0.3833905585301179
-0.752	0.3844171923577971
-0.751	0.3854459413941764
-0.75	0.38647680553362085
-0.749	0.38750978463663266
-0.748	0.38854487852966596
-0.747	0.38958208700493996
-0.746	0.3906214098202558
-0.745	0.3916628466988069
-0.744	0.3927063973289975
-0.743	0.39375206136425445
-0.742	0.3947998384228433
-0.741	0.3958497280876816
-0.74	0.3969017299061546
-0.739	0.3979558433899295
-0.738	0.3990120680147703
-0.737	0.4000704032203526
-0.736	0.40113084841007884
-0.735	0.402193402950894
-0.734	0.40325806617309856
-0.733	0.404324837370167
-0.732	0.40539371579856076
-0.731	0.40646470067754575
-0.73	0.4075377911890061
-0.729	0.4086129864772623
-0.728	0.40969028564888543
-0.727	0.4107696877725146
-0.726	0.41185119187867336
-0.725	0.41293479695958535
-0.724	0.4140205019689926
-0.723	0.41510830582197145
-0.722	0.41619820739475033
-0.721	0.4172902055245275
-0.72	0.4183842990092883
-0.7192230933248643	0.4192357530580633
-0.719	0.4194804866076233
-0.718	0.42057876703854724
-0.717	0.4216791389813162
-0.716	0.42278160107524754
-0.715	0.42388615191953893
-0.714	0.4249927900730867
-0.713	0.4261015140543066
-0.712	0.4272123223409541
-0.711	0.42832521336994256
-0.71	0.429440185537166
-0.709	0.43055723719731975
-0.708	0.43167636666372083
-0.707	0.4327975722081303
-0.706	0.43392085206057496
-0.705	0.43504620440917074
-0.704	0.4361736273999435
-0.703	0.43730311913665415
-0.702	0.43843467768062167
-0.701	0.4395683010505462
-0.7	0.4407039872223352
-0.699	0.44184173412892624
-0.698	0.44298153966011455
-0.697	0.4441234016623765
-0.696	0.4452673179386978
-0.695	0.44641328624839866
-0.694	0.44756130430696217
-0.693	0.4487113697858609
-0.692	0.44986348031238627
-0.691	0.45101763346947554
-0.69	0.45217382679554247
-0.689	0.4533320577843068
-0.688	0.4544923238846234
-0.687	0.45565462250031485
-0.686	0.4568189509900016
-0.685	0.45798530666693404
-0.684	0.45915368679882484
-0.683	0.46032408860768337
-0.682	0.4614965092696475
-0.681	0.46267094591481933
-0.6807812106484503	0.462928168649347
-0.68	0.46384739562709926
-0.679	0.4650258554440232
-0.678	0.4662063223565959
-0.677	0.4673887933091305
-0.676	0.4685732651990854
-0.675	0.4697597348769007
-0.674	0.4709481991458404
-0.673	0.4721386547618284
-0.672	0.47333109843329196
-0.671	0.47452552682100013
-0.67	0.47572193653790706
-0.669	0.47692032414899416
-0.668	0.47812068617111303
-0.667	0.47932301907282915
-0.666	0.44971108649987174
-0.665	0.4512024718190302
-0.664	0.4526981769785279
-0.663	0.4541982082666356
-0.662	0.45570257191400704
-0.661	0.4572112740929537
-0.66	0.4587243209167146
-0.659	0.46024171843872275
-0.658	0.4617634726518701
-0.657	0.46328958948776755
-0.656	0.46482007481600063
-0.655	0.4663549344433845
-0.654	0.467894174113214
-0.653	0.4694377995045109
-0.652	0.47098581623126723
-0.651	0.47253822984168625
-0.65	0.47409504581742035
-0.649	0.47565626957280516
-0.648	0.4772219064540897
-0.647	0.4787919617386659
-0.646	0.4803664406342929
-0.645	0.4819453482783194
-0.6443940149772543	0.48290429984263716
-0.644	0.4835286897369015
-0.643	0.48511647000421915
-0.642	0.4867086940016899
-0.641	0.4883053665771774
-0.64	0.48990649250419854
-0.639	0.4915120764811296
-0.638	0.49312212313040377
-0.637	0.4947366369977138
-0.636	0.496355622551204
-0.635	0.49797908418066517
-0.634	0.49960702619672415
-0.633	0.5012394528300317
-0.632	0.5028763682304453
-0.631	0.5045177764662141
-0.63	0.506163681523156
-0.629	0.5078140873038359
-0.628	0.5094689976267399
-0.627	0.5111284162254457
-0.626	0.5127923467477948
-0.625	0.5144607927550575
-0.624	0.5161337577210969
-0.623	0.5178112450315335
-0.622	0.5194932579829032
-0.621	0.5211797997818153
-0.62	0.5228708735441088
-0.619	0.5245664822940048
-0.618	0.5262666289632572
-0.617	0.5279713163903037
-0.616	0.5296805473194095
-0.615	0.5313943243998155
-0.614	0.5331126501848787
-0.613	0.5348355271312148
-0.612	0.5365629575978359
-0.611	0.5382949438452883
-0.61	0.5400314880347888
-0.6099516849811152	0.5401155046645741
-0.609	0.5417725922273571
-0.608	0.5435182583829474
-0.607	0.5452684883595809
-0.606	0.5470232839124708
-0.605	0.5487826466931537
-0.604	0.5505465782486108
-0.603	0.5523150800203958
-0.602	0.5540881533437548
-0.601	0.5558657994467482
-0.6	0.557648019449372
-0.599	0.5594348143626745
-0.598	0.5612261850878746
-0.597	0.5630221324154792
-0.596	0.5648226570243954
-0.595	0.5666277594810477
-0.594	0.5684374402384887
-0.593	0.5702516996355138
-0.592	0.572070537895769
-0.591	0.5738939551268638
-0.59	0.5757219513194805
-0.589	0.5775545263464817
-0.588	0.5793916799620193
-0.587	0.5812334118006429
-0.586	0.5830797213764053
-0.585	0.5849306080819687
-0.584	0.5867860711877126
-0.583	0.5886461098408388
-0.582	0.5905107230644743
-0.581	0.5923799097567802
-0.58	0.5942536686900539
-0.579	0.5961319985098341
-0.578	0.5980148977340065
-0.5773502691896257	0.5992407235444323
-0.577	0.5999023647519074
-0.576	0.601794397823429
-0.575	0.6036909950781233
-0.574	0.605592154514308
-0.573	0.6074978739981716
-0.572	0.6094081512628775
-0.571	0.6113229839076723
-0.57	0.6132423693969893
-0.569	0.6151663050595573
-0.568	0.6170947880875078
-0.567	0.6190278155354814
-0.566	0.6209653843197398
-0.565	0.6229074912172701
-0.564	0.6248541328649011
-0.563	0.6268053057584104
-0.562	0.6287610062516381
-0.561	0.6307212305555994
-0.56	0.6326859747376008
-0.559	0.6346552347203536
-0.558	0.6366290062810918
-0.557	0.6386072850506908
-0.556	0.6405900665127856
-0.555	0.6425773460028938
-0.554	0.6445691187075372
-0.553	0.6465653796633664
-0.552	0.6485661237562865
-0.551	0.6505713457205862
-0.55	0.6525810401380657
-0.549	0.654595201437171
-0.548	0.6566138238921232
-0.547	0.6586369016220607
-0.5464913722529576	0.6596676024922707
-0.546	0.6606644285901706
-0.545	0.6626963986028336
-0.544	0.664732805308764
-0.543	0.666773642198156
-0.542	0.6688189026018305
-0.541	0.6708685796903857
-0.54	0.6729226664733486
-0.539	0.6749811557983324
-0.538	0.6770440403501915
-0.537	0.6791113126501865
-0.536	0.6811829650551451
-0.535	0.6832589897566316
-0.534	0.6853393787801144
-0.533	0.6874241239841423
-0.532	0.6895132170595196
-0.531	0.6916066495284863
-0.53	0.6937044127439027
-0.529	0.6958064978884354
-0.528	0.6979128959737482
-0.527	0.7000235978396981
-0.526	0.7021385941535316
-0.525	0.704257875409088
-0.524	0.7063814319260056
-0.523	0.7085092538489313
-0.522	0.710641331146735
-0.521	0.7127776536117306
-0.52	0.7149182108588934
-0.519	0.7170629923250939
-0.518	0.7192119872683247
-0.5172818579717865	0.7207578641991312
-0.517	0.7213651847669403
-0.516	0.7235225737188955
-0.515	0.7256841428409927
-0.514	0.7278498806681312
-0.513	0.7300197755525656
-0.512	0.7321938156631628
-0.511	0.73437198898467
-0.51	0.7365542833169856
-0.509	0.7387406862744335
-0.508	0.7409311852850463
-0.507	0.7431257675898519
-0.506	0.6344917672082475
-0.505	0.637156018818938
-0.504	0.6398293160484683
-0.503	0.6425116678406212
-0.502	0.6452030828883599
-0.501	0.6479035696306366
-0.5	0.6506131362491777
-0.499	0.6533317906652591
-0.498	0.6560595405364643
-0.497	0.6587963932534187
-0.496	0.6615423559365181
-0.495	0.6642974354326339
-0.494	0.6670616383118055
-0.493	0.6698349708639155
-0.492	0.6726174390953523
-0.491	0.6754090487256532
-0.49	0.6782098051841361
-0.4896335682000246	0.6792383823649902
-0.489	0.6810197136065159
-0.488	0.6838387788315042
-0.487	0.6866670053973969
-0.486	0.6895043975386461
-0.485	0.6923509591824208
-0.484	0.6952066939451489
-0.483	0.698071605129054
-0.482	0.7009456957186687
-0.481	0.7038289683773447
-0.48	0.7067214254437433
-0.479	0.7096230689283184
-0.478	0.7125339005097856
-0.477	0.7154539215315774
-0.476	0.7183831329982899
-0.475	0.7213215355721202
-0.474	0.7242691295692849
-0.473	0.727225914956437
-0.472	0.7301918913470691
-0.471	0.7331670579979032
-0.47	0.7361514138052769
-0.469	0.7391449573015172
-0.468	0.7421476866513026
-0.467	0.7451595996480245
-0.466	0.7481806937101299
-0.465	0.7512109658774667
-0.464	0.7542504128076117
-0.4634630567719698	0.7558862077107192
-0.463	0.7572990307721985
-0.462	0.760356815653235
-0.461	0.7634237629394172
-0.46	0.7664998677224328
-0.459	0.7695851246932608
-0.458	0.7726795281384692
-0.457	0.7757830719365021
-0.456	0.7788957495539661
-0.455	0.7820175540419103
-0.454	0.7851484780321043
-0.453	0.7882885137333122
-0.452	0.791437652927563
-0.451	0.7945958869664186
-0.45	0.7977632067672416
-0.449	0.8009396028094586
-0.448	0.8041250651308242
-0.447	0.8073195833236843
-0.446	0.8105231465312368
-0.445	0.8137357434437964
-0.444	0.8169573622950554
-0.443	0.8201879908583508
-0.442	0.8234276164429285
-0.441	0.8266762258902085
-0.44	0.829933805570062
-0.439	0.8332003413770769
-0.4386913376508308	0.8342104045847631
-0.438	0.8364758187268408
-0.437	0.8397602225522183
-0.436	0.8430535372996385
-0.435	0.8463557469253835
-0.434	0.849666834891885
-0.433	0.8529867841640271
-0.432	0.8563155772054519
-0.431	0.8596531959748791
-0.43	0.862999621922427
-0.429	0.8663548359859414
-0.428	0.8697188185873416
-0.427	0.8730915496289632
-0.426	0.8764730084899218
-0.425	0.8798631740224803
-0.424	0.8832620245484293
-0.423	0.8866695378554792
-0.422	0.8900856911936659
-0.421	0.8935104612717636
-0.42	0.896943824253717
-0.419	0.9003857557550857
-0.418	0.9038362308394993
-0.417	0.9072952240151331
-0.416	0.910762709231194
-0.41524364653850576	0.9133909779720802
-0.415	0.9142386598744283
-0.414	0.9177230487656394
-0.413	0.921215848156229
-0.412	0.9247170297247549
-0.411	0.9282265645735034
-0.41	0.9317444232250853
-0.409	0.9352705756190518
-0.408	0.9388049911085274
-0.407	0.9423476384568674
-0.406	0.945898485834336
-0.405	0.9494575008148038
-0.404	0.9530246503724753
-0.403	0.9565999008786328
-0.402	0.9601832180984076
-0.401	0.9637745671875793
-0.4	0.9673739126893934
-0.399	0.9709812185314123
-0.398	0.9745964480223916
-0.397	0.9782195638491772
-0.396	0.9818505280736416
-0.395	0.9854893021296428
-0.394	0.9891358468200104
-0.3930492152271221	0.9926100960542374
-0.393	0.9927901223135706
-0.392	0.9964520881421915
-0.391	1.0001217031978689
-0.39	1.0037989257298388
-0.389	1.0074837133417271
-0.388	1.0111760229887277
-0.387	1.0148758109748202
-0.386	1.0185830329500192
-0.385	1.0222976439076619
-0.384	0.8878417520722592
-0.383	0.8924226217361391
-0.382	0.8970224033471861
-0.381	0.9016411149382957
-0.38	0.9062787735570974
-0.379	0.9109353952495598
-0.378	0.9156109950434876
-0.377	0.9203055869319223
-0.376	0.9250191838564262
-0.375	0.9297517976902752
-0.374	0.9345034392215441
-0.373	0.9392741181361025
-0.3720410580113015	0.9438668113825861
-0.372	0.9440638430005062
-0.371	0.9488726212448013
-0.37	0.9537004591452352
-0.369	0.9585473618068763
-0.368	0.9634133331461526
-0.367	0.9682983758732993
-0.366	0.9732024914747288
-0.365	0.9781256801953211
-0.364	0.9830679410206351
-0.363	0.9880292716590495
-0.362	0.9930096685238271
-0.361	0.9980091267151161
-0.36	1.0030276400018834
-0.359	1.008065200803781
-0.358	1.0131218001729596
-0.357	1.0181974277758203
-0.356	1.023292071874714
-0.355	1.028405719309589
-0.354	1.033538355479592
-0.353	1.0386899643246288
-0.3521557695165126	1.0430538664558322
-0.352	1.043860528306871
-0.351	1.0490500283922455
-0.35	1.05425844403187
-0.349	1.0594857531434712
-0.348	1.0647319320927695
-0.347	1.0699969556748443
-0.346	1.0752807970954759
-0.345	1.0805834279524753
-0.344	1.0859048182169986
-0.343	1.091244936214856
-0.342	1.0966037486078166
-0.341	1.1019812203749102
-0.34	1.107377314793736
-0.339	1.1127919934217785
-0.338	1.1182252160777362
-0.337	1.1236769408228646
-0.336	1.1291471239423432
-0.335	1.1346357199266661
-0.334	1.1401426814530624
-0.3333333333333333	1.1438241680183314
-0.333	1.1456679593669508
-0.332	1.1512115026634326
-0.331	1.1567732584688297
-0.33	1.162353172022267
-0.329	1.1679511866573125
-0.328	1.1735672437836704
-0.327	1.1792012828689378
-0.326	1.1848532414204314
-0.325	1.1905230549670804
-0.324	1.1962106570414024
-0.323	1.2019159791615563
-0.322	1.2076389508134886
-0.321	1.2133794994331653
-0.32	1.219137550388904
-0.319	1.224913026963809
-0.318	1.2307058503383166
-0.317	1.236515939572846
-0.316	1.2423432115905797
-0.31551694088005316	1.2451642582147755
-0.315	1.248187581160356
-0.314	1.2540489608797025
-0.313	1.2599272611579933
-0.312	1.2658223901997563
-0.311	1.271734253988119
-0.31	1.277662756268411
-0.309	1.283607798531923
-0.308	1.2895692799998195
-0.307	1.2955470976072383
-0.306	1.3015411459875441
-0.305	1.3075513174567774
-0.304	1.3135775019982783
-0.303	1.3196195872475107
-0.302	1.3256774584770772
-0.301	1.3317509985819391
-0.3	1.337840088064846
-0.299	1.3439446050219823
-0.2986528199469207	1.3460675566914866
-0.298	1.3500644251288325
-0.297	1.3561994216262683
-0.296	1.362349465306878
-0.295	1.3685144245015306
-0.294	1.37469416506618
-0.293	1.3808885503689274
-0.292	1.213254868510541
-0.291	1.2209772023672303
-0.29	1.2287397162184726
-0.289	1.236542473902455
-0.288	1.2443855355309241
-0.287	1.2522689573942893
-0.286	1.260192791865882
-0.285	1.2681570873053825
-0.284	1.2761618879614443
-0.283	1.284207233873534
-0.28269007240456123	1.286708944625695
-0.282	1.2922931607730233
-0.281	1.3004196999835407
-0.28	1.3085868783206285
-0.279	1.316794717990716
-0.278	1.3250432364894529
-0.277	1.3333324464994152
-0.276	1.3416623557872311
-0.275	1.350032967100144
-0.274	1.3584442780620498
-0.273	1.366896281069042
-0.272	1.3753889631844944
-0.271	1.3839223060337216
-0.27	1.392496285698245
-0.269	1.4011108726097063
-0.268	1.4097660314434597
-0.26758052058674353	1.4134087618311924
-0.267	1.4184617210118848
-0.266	1.4271978941574601
-0.265	1.4359744976456268
-0.264	1.444791472057495
-0.263	1.4536487516824272
-0.262	1.4625462644105305
-0.261	1.4714839316251294
-0.26	1.4804616680952234
-0.259	1.4894793818680019
-0.258	1.498536974161454
-0.257	1.5076343392571114
-0.256	1.5167713643929759
-0.255	1.5259479296566816
-0.254	1.5351639078789279
-0.25327856188386416	1.541837064050875
-0.253	1.5444191645272454
-0.252	1.553713557600138
-0.251	1.5630469375216385
-0.25	1.5724191470363518
-0.249	1.581830021105017
-0.248	1.5912793868006418
-0.247	1.600767063205277
-0.246	1.610292861307456
-0.245	1.619856583900384
-0.244	1.6294580254809001
-0.243	1.6390969721492912
-0.242	1.6487732015099932
-0.241	1.6584864825732506
-0.24	1.6682365756577742
-0.23974103110828818	1.67076751714082
-0.239	1.6780232322944635
-0.238	1.687846195131252
-0.237	1.6977051978391164
-0.236	1.7075999650193279
-0.235	1.7175302121119793
-0.234	1.727495645305876
-0.233	1.7374959614498073
-0.232	1.747530847965308
-0.231	1.7575999827609066
-0.23	1.767703034147987
-0.229	1.7778396607582543
-0.228	1.788009511462923
-0.227	1.7982122252936452
-0.2269270702161501	1.7989575827897073
-0.226	1.8084474313652517
-0.225	1.8187147488003776
-0.224	1.8290137866560003
-0.223	1.8393441438519906
-0.222	1.6620360200638604
-0.221	1.6751851636080393
-0.22	1.6884234913428586
-0.219	1.7017511507135343
-0.218	1.7151682711880252
-0.217	1.728674963725683
-0.216	1.7422713202427205
-0.215	1.7559574130748001
-0.2147980049924181	1.7587328343703459
-0.214	1.7697332944370225
-0.213	1.7835989958816165
-0.212	1.7975545277536404
-0.211	1.811599878645013
-0.21	1.8257350148471887
-0.209	1.8399598798028243
-0.208	1.8542743935567656
-0.207	1.868678452206703
-0.206	1.8831719273538596
-0.205	1.8977546655540714
-0.204	1.9124264877696193
-0.20331722832703833	1.9224950645323324
-0.203	1.9271871888222112
-0.202	1.9420365368474843
-0.201	1.9569742727514234
-0.2	1.9720001096690907
-0.199	1.9871137324260826
-0.198	2.00231479700311
-0.197	2.017602930004128
-0.196	2.032977728128445
-0.195	2.0484387576472094
-0.194	2.063985553884762
-0.193	2.0796176207052293
-0.19245008972987526	2.0882500033734344
-0.192	2.0953344300048533
-0.191	2.11113542121048
-0.19	2.1270200007846585
-0.189	2.1429875417378224
-0.188	2.1590373831480076
-0.187	2.175168829688546
-0.186	2.1913811511642507
-0.185	2.2076735820565068
-0.184	2.2240453210777855
-0.183	2.2404955307360215
-0.18216379075098593	2.2543109589225514
-0.182	2.2570233369093495
-0.181	2.2736278284316533
-0.18	2.29030805668944
-0.179	2.3070630352304704
-0.178	2.3238917393846683
-0.177	2.340793105897745
-0.176	2.357766032578048
-0.175	2.374809377957084
-0.174	2.3919219609642135
-0.173	2.409102560615949
-0.1724272859905955	2.4189722771217026
-0.172	2.4263499157203876
-0.171	2.443662724597162
-0.17	2.4610396448134666
-0.169	2.478479292936518
-0.168	2.2570468140624484
-0.167	2.28063630931478
-0.166	2.30443587301401
-0.165	2.3284450053034416
-0.164	2.3526631113129066
-0.1632111894000082	2.3719135939433005
-0.163	2.37708949895092
-0.162	2.401723376707646
-0.161	2.426563851471013
-0.16	2.4516099263584006
-0.159	2.476860498566303
-0.158	2.502314357240529
-0.157	2.5279701813694677
-0.156	2.553826537703036
-0.155	2.579881878699987
-0.15448768559065656	2.5933069549241554
-0.154	2.6061345405063023
-0.153	2.632582740967398
-0.152	2.6592245776769747
-0.151	2.686058026065374
-0.15	2.713080937530287
-0.149	2.740291037612798
-0.148	2.7676859242216696
-0.147	2.795263065908931
-0.14623044588361028	2.816607594554692
-0.146	2.823019800199706
-0.145	2.8509533319794147
-0.144	2.8790607319413613
-0.143	2.9073389350978243
-0.142	2.9357847393577585
-0.141	2.964394804174196
-0.14	2.993165649264501
-0.139	3.022093653406604
-0.1384145488461686	3.0391010253708464
-0.138	3.0511750533143034
-0.137	3.080405942594814
-0.136	3.109782270791624
-0.135	3.139299842515789
-0.134	3.168954316668722
-0.133	3.1987412057595463
-0.132	3.2286558753200287
-0.13101640507570736	3.258199806949117
-0.131	3.2586935434200903
-0.13	3.2888492802868385
-0.129	3.319118008030046
-0.128	3.125703027163736
-0.127	3.1680507124891566
-0.126	3.210820663230435
-0.125	3.254008456501907
-0.12401368600376717	3.297009795269015
-0.124	3.297609281195422
-0.123	3.341617929497923
-0.122	3.3860287885842486
-0.121	3.4308358325044948
-0.12	3.476032614285795
-0.119	3.5216122582687595
-0.118	3.5675674526991754
-0.11738525650550419	3.5960011691201594
-0.117	3.6138904425959937
-0.116	3.6605730229168856
-0.115	3.7076065320429863
-0.114	3.7549818456047106
-0.113	3.8026893706707017
-0.112	3.850719040322195
-0.1111111111111111	3.8936740077528045
-0.111	3.899060308635202
-0.11	3.9477021460929658
-0.109	3.9966330354512536
-0.108	4.04584096807903
-0.107	4.0953134407968586
-0.106	4.145037453235522
-0.10517231362668437	4.186373990301819
-0.105	4.194999505736891
-0.104	4.245185597819043
-0.103	4.295581227227231
-0.102	4.346171389591997
-0.101	4.396940578715261
-0.1	4.447872787504713
-0.09955093998230691	4.470793079756363
-0.099	4.498951509576397
-0.098	4.550159741544524
-0.097	4.45840387093431
-0.096	4.533945995055805
-0.095	4.610229872723413
-0.09423002413485373	4.669458170089183
-0.094	4.68723333592254
-0.093	4.764932691590259
-0.092	4.8433026945593305
-0.091	4.9223165223874705
-0.09	5.001945752228588
-0.08919350686224783	5.066594056322271
-0.089	5.082160339904837
-0.088	5.162928601339871
-0.087	5.2442171965147235
-0.086	5.3259911161082405
-0.085	5.408213670983795
-0.0844261872946214	5.455581796130599
-0.084	5.4908464846832885
-0.083	5.57384948908795
-0.082	5.657180923403261
-0.081	5.740797336622355
-0.08	5.824653593618658
-0.07991367703609606	5.831902045976238
-0.079	5.908702885013727
-0.078	5.992896740961168
-0.077	6.077185048981027
-0.076	6.161516075972047
-0.0756423567387167	6.191676744374489
-0.075	6.245836494521058
-0.074	6.460578699163884
-0.073	6.590056757122591
-0.072	6.720425315855582
-0.0715993349974727	6.772888027455676
-0.071	6.851588843061367
-0.07	6.9834467472705
-0.069	7.1158933872429415
-0.068	7.248818096751113
-0.06777240944234611	7.279125392050415
-0.067	7.382105225442463
-0.066	7.515634196449411
-0.065	7.649279581384638
-0.06415002990995841	7.762868582499067
-0.064	7.782911193324146
-0.063	7.916394198340369
-0.062	8.049589246101437
-0.061	8.182352620001275
-0.06072126358366197	8.219261752956758
-0.06	8.314536407227205
-0.059	8.445988689108178
-0.058	8.576553752016224
-0.05747576199686517	8.644593038938565
-0.057	8.706072319017181
-0.056	9.382179496166358
-0.055	9.588040261325098
-0.054403729800002736	9.710744811222487
-0.054	9.793766100735153
-0.053	9.99903810994215
-0.052	10.203524125446876
-0.05149589519688552	10.306199851913444
-0.051	10.406879180653357
-0.05	10.608746050217178
-0.049	10.808755886155431
-0.04874348196120343	10.859716939521931
-0.048	11.00652894868697
-0.047	11.201675434307408
-0.04613818294872287	11.367443676278182
-0.046	11.39379640306303
-0.045	11.582484806368537
-0.044	11.767326616013381
-0.04367213502523579	11.827021677858358
-0.043	11.947902054219353
-0.042	13.35156348403645
-0.04133789533458906	13.54600256269029
-0.041	13.644411234246997
-0.04	13.931976707844324
-0.03912841883516806	14.177546911917304
-0.039	14.213287983947094
-0.038	14.487348240507094
-0.037037037037037035	14.743456294550871
-0.037	14.753141052275875
-0.036	15.00963621389088
-0.03505743787556146	15.241955135727807
-0.035	15.255796045475805
-0.034	15.490582129785508
-0.033183646660768985	15.673099421578407
-0.033	15.712962422218425
-0.032	18.164934808353458
-0.031410008044951226	18.377118318551346
-0.031	18.520219728596192
-0.03	18.853156419623076
-0.02973116895408261	18.93854525508539
-0.029	19.16140346764026
-0.028142062431540465	19.404454411288743
-0.028	19.442687926713788
-0.027	19.694834524215587
-0.02663789234536535	19.778550591513806
-0.026	19.915794573822986
-0.025214118912905578	20.06631747720888
-0.025	20.103673969450966
-0.024	23.023915526524533
-0.023866444999157556	23.056088070199632
-0.023	23.239687067779826
-0.022590803147448702	23.310935381893405
-0.022	23.39587217511308
-0.021383343303319473	23.4615283719402
-0.021	23.49033466892162
-0.020240421194553992	23.519893342289272
-0.02	23.52157593246531
-0.0191585873322884	23.49825543672447
-0.019	23.488763897811445
-0.018134576600000903	26.284138293494728
-0.018	26.267466974674498
-0.01716529839896184	26.120568753525106
-0.017	26.082684343099217
-0.016247827320401143	25.87437308639396
-0.016	25.793072280857594
-0.015379394316240958	25.562755913845336
-0.015	25.40365101316648
-0.01455737834174527	25.201086939544897
-0.014	26.694870515719753
-0.013779298444863012	26.544020017561056
-0.013042806278389354	25.992198230818122
-0.013	25.95798099681186
-0.012345679012345678	25.408617938868716
-0.012	25.100109844149593
-0.011685812625187154	24.81000622038779
-0.011061215553589661	24.20924582523503
-0.011	24.148828186129585
-0.01047000268165041	23.87341297392536
-0.01	23.272275389470067
-0.00991038965136087	23.15584515048434
-0.009380687477180155	22.459522005911097
-0.009	21.953923468638273
-0.008879297448455118	21.79327041420172
-0.00840470630430186	21.162091843456533
-0.008	20.28091988963281
-0.007955481666385851	20.21691061353654
-0.007530267715816235	19.606304420201724
-0.007127781101106491	19.034029100129935
-0.007	18.854366923462432
-0.0067468070648513305	18.50207613606759
-0.006386195777429466	18.010170822743454
-0.0060448588666669675	16.85914343128374
-0.006	16.80032746203193
-0.00572176613298728	16.44067692839866
-0.005415942440133714	16.05710731987123
-0.005126464772080319	15.706650528463378
-0.005	15.557507467288701
-0.004852459447248423	15.386509919080105
-0.004593099481621004	14.7609354121787
-0.004347602092796451	14.486986257373694
-0.00411522633744856	14.242654998366836
-0.004	14.127014022687895
-0.0038952708750623843	14.025000420455033
-0.003687071851196554	13.830415915698023
-0.00349000089388347	13.658375262867228
-0.00330346321712029	13.481825823535337
-0.003126895825726718	13.329405039900134
-0.003	13.228198636196701
-0.0029597658161517057	13.197444405807744
-0.00280156876810062	13.081974751845504
-0.0026518272221286174	13.307995199236863
-0.0025100892386054115	13.186293146163248
-0.002375927033702164	13.08158159884928
-0.002248935688283777	12.991994052529677
-0.002128731925809822	12.91491854026016
-0.002014952955555656	13.17167471447792
-0.002	13.161720973438829
-0.0019072553776624268	13.104108526050581
-0.001805314146711238	13.0489104486012
-0.0017088215906934398	13.00372777805552
-0.0016174864824161411	12.965827017406191
-0.0015310331605403347	13.218982549744638
-0.0014492006975988171	13.185428334015896
-0.0013717421124828531	13.16420605027644
-0.0012984236250207948	13.152717206747557
-0.0012290239503988513	13.14795966178534
-0.00116333363129449	13.465943975184771
-0.0011011544057067633	13.462722020067977
-0.0010422986085755728	13.470623661369121
-0.001	13.481976262921219
-0.000986588605383902	13.486396232542512
-0.00093385625603354	13.506604247349198
-0.0008839424073762058	14.037788763284194
-0.0008366964128684705	14.034522923259905
-0.0007919756779007212	14.042594599624195
-0.0007496452294279256	14.060019224827132
-0.000709577308603274	14.083989926969748
-0.0006716509851852187	14.564988196279394
-0.0006357517925541423	14.591279719269124
-0.0006017713822370793	14.627097809730113
-0.0005696071968978132	14.66951562478488
-0.0005391621608053804	14.71520048290218
-0.0005103443868467783	15.141510656695296
-0.0004830668991996057	15.186516989905531
-0.0004572473708276177	15.24373939996591
-0.0004328078750069312	15.310182426652553
-0.0004096746501329504	15.382148065140736
-0.0003877778770981633	15.874286121343712
-0.0003670514685689215	15.948444280165031
-0.00034743286952519095	16.033956066254028
-0.00032886286846130035	16.126806864953885
-0.0003112854186778467	16.222614926189983
-0.0002946474691254019	16.962923961625275
-0.00027889880428949045	17.029637730805355
-0.00026399189263357376	17.108107413494853
-0.00024988174314264164	17.195869139063838
-0.00023652576953442467	17.289342360984
-0.00022388366172840623	17.96544849213534
-0.00021191726418471428	18.057762666382555
-0.0002005904607456931	18.160713941849757
-0.00018986906563260423	18.27057357540078
-0.00017972072026846013	18.382983881229176
-0.00017011479561559274	18.964082913194403
-0.00016102229973320205	19.063824099922805
-0.00015241579027587258	19.183747603326484
-0.00014426929166897707	19.31967485346122
-0.00013655821671098347	19.466054089033197
-0.00012925929236605444	20.102318408836002
-0.00012235048952297383	20.247481355163465
-0.00011581095650839697	20.410879952399206
-0.00010962095615376677	20.586529164505304
-0.00010376180622594889	20.767764546783432
-9.821582304180064e-5	21.828072988400315
-9.296626809649682e-5	21.980055700268025
-8.799729754452457e-5	22.14417826509358
-8.329391438088055e-5	22.317453745595753
-7.884192317814156e-5	22.495354633946533
-7.462788724280207e-5	23.397084805203907
-7.063908806157143e-5	23.565706557209225
-6.686348691523104e-5	23.746690751527225
-6.328968854420141e-5	23.935611287180578
-5.990690675615338e-5	24.12693915130209
-5.670493187186425e-5	24.817544961131706
-5.367409991106735e-5	24.976066784834043
-5.080526342529086e-5	25.172872729297037
-4.808976388965902e-5	25.40102754356645
-4.5519405570327826e-5	25.651089186329287
-4.3086430788684815e-5	26.50031033719047
-4.0783496507657944e-5	26.748564603142007
-3.860365216946566e-5	27.02813512417535
-3.654031871792226e-5	27.329237919502848
-3.4587268741982965e-5	27.641023869424583
-3.2738607680600214e-5	29.183452818117583
-3.0988756032165605e-5	29.485140549514448
-2.9332432514841528e-5	29.79428146786335
-2.776463812696018e-5	30.107230419984514
-2.628064105938052e-5	30.41845612660346
-2.4875962414267358e-5	31.72803976113917
-2.3546362687190476e-5	32.00704727513012
-2.228782897174368e-5	32.29664484466667
-2.1096562848067137e-5	32.592514195738744
-1.9968968918717793e-5	32.88836031814077
-1.890164395728808e-5	33.706377042897145
-1.789136663702245e-5	33.96030946503174
-1.6935087808430286e-5	34.284489701631834
-1.6029921296553006e-5	34.66546036156611
-1.5173135190109274e-5	35.08585207393084
-1.436214359622827e-5	36.16475725087116
-1.3594498835885981e-5	36.58127699827925
-1.2867884056488553e-5	37.04967264674818
-1.218010623930742e-5	37.5530789406325
-1.1529089580660988e-5	38.07324504184367
-1.0912869226866738e-5	40.58972540997676
-1.03295853440552e-5	41.17957330404098
-9.777477504947175e-6	41.751551714163334
-9.254879375653394e-6	42.302205178816465
-8.760213686460173e-6	42.82634286733877
-8.291987471422452e-6	44.798926292939285
-7.848787562396825e-6	45.26253772705984
-7.429276323914559e-6	45.720105604126815
-7.032187616022379e-6	46.16984201207634
-6.6563229729059306e-6	46.60662844504356
-6.300547985762694e-6	47.94407300518421
-5.963788879007484e-6	48.34979677140841
-5.645029269476762e-6	48.86648600120401
-5.343307098851002e-6	49.468392407274216
-5.057711730036425e-6	50.12496405117988
-4.787381198742757e-6	51.6172403671977
-4.531499611961994e-6	52.263265158644955
-4.289294685496184e-6	52.986361566866464
-4.060035413102473e-6	53.75834296745373
-3.843029860220329e-6	54.54964531105411
-3.6376230756222457e-6	59.02321573052942
-3.443195114685067e-6	60.065505395434926
-3.2591591683157254e-6	61.01670605676147
-3.0849597918844647e-6	61.87674852168019
-2.9200712288200575e-6	62.645368859743535
-2.763995823807484e-6	65.49306896240252
-2.6162625207989416e-6	66.17687995986867
-2.476425441304853e-6	66.8055529165087
-2.3440625386741264e-6	67.38603068526724
-2.218774324301977e-6	67.91984585763369
-2.100182661920898e-6	70.40769078415099
-1.987929626335828e-6	70.86055380670237
-1.8816764231589208e-6	71.46028328240544
-1.7811023662836674e-6	72.16611154148906
-1.6859039100121416e-6	72.9328842365149
-1.5957937329142524e-6	75.11865193137231
-1.5104998706539979e-6	75.9157263628679
-1.4297648951653947e-6	76.82241702364031
-1.3533451377008244e-6	77.79417434717729
-1.2810099534067765e-6	78.78598236733913
-1.2125410252074154e-6	86.1257948145782
-1.1477317048950223e-6	87.57485904176269
-1.086386389438575e-6	88.82482541832789
-1.0283199306281548e-6	89.8810549870493
-9.733570762733526e-7	90.75165873993325
-9.213319412691613e-7	95.69992753574297
-8.720875069329806e-7	96.55752593331559
-8.254751471016177e-7	97.26386395235049
-7.813541795580421e-7	97.84107489922593
-7.395914414339923e-7	98.30438535075997
-7.00060887306966e-7	101.42978572412873
-6.626432087786093e-7	101.72423612940771
-6.272254743863069e-7	102.17937521466614
6.272254743863069e-7	115.35852093183554
6.626432087786093e-7	114.68300763661406
7.00060887306966e-7	114.05132240020029
7.395914414339923e-7	111.75954185683327
7.813541795580421e-7	111.84288297084632
8.254751471016177e-7	111.80808618576168
8.720875069329806e-7	111.64652235585751
9.213319412691613e-7	111.34271731159883
9.733570762733526e-7	105.6957732683844
1.0283199306281548e-6	105.51602575217842
1.086386389438575e-6	105.11535158974205
1.1477317048950223e-6	104.47126768328513
1.2125410252074154e-6	103.56043101835456
1.2810099534067765e-6	93.6210554570473
1.3533451377008244e-6	92.7330460734851
1.4297648951653947e-6	91.73303003008608
1.5104998706539979e-6	90.66862885833817
1.5957937329142524e-6	89.59724513895453
1.6859039100121416e-6	87.16734279810534
1.7811023662836674e-6	86.40504190412119
1.8816764231589208e-6	85.58485326124445
1.987929626335828e-6	84.76461714616727
2.100182661920898e-6	84.01145921191059
2.218774324301977e-6	81.64252878127698
2.3440625386741264e-6	81.32481493083495
2.476425441304853e-6	80.92039559088235
2.6162625207989416e-6	80.43236005827151
2.763995823807484e-6	79.86033056000088
2.9200712288200575e-6	77.32316880598378
3.0849597918844647e-6	76.81780147192703
3.2591591683157254e-6	76.16211761362554
3.443195114685067e-6	75.35118210550147
3.6376230756222457e-6	74.38007624228177
3.843029860220329e-6	68.2900284841773
4.060035413102473e-6	67.48147224117399
4.289294685496184e-6	66.60005290499318
4.531499611961994e-6	65.67964979660192
4.787381198742757e-6	64.75935019799145
5.057711730036425e-6	63.31055146867772
5.343307098851002e-6	62.549802168498694
5.645029269476762e-6	61.757679972525935
5.963788879007484e-6	60.97660537268945
6.300547985762694e-6	60.25286957316926
6.6563229729059306e-6	58.76275472170915
7.032187616022379e-6	58.32647204113115
7.429276323914559e-6	57.824670762733575
7.848787562396825e-6	57.264752188141145
8.291987471422452e-6	56.6533596773437
8.760213686460173e-6	55.03139285292669
9.254879375653394e-6	54.47204493794557
9.777477504947175e-6	53.82365617826483
1.03295853440552e-5	53.09217643000811
1.0912869226866738e-5	52.28427055438404
1.1529089580660988e-5	49.33649752844325
1.218010623930742e-5	48.704787957975256
1.2867884056488553e-5	48.03200380236443
1.3594498835885981e-5	47.34168466340484
1.436214359622827e-5	46.659988189963926
1.5173135190109274e-5	45.923506424910556
1.6029921296553006e-5	45.345207141255536
1.6935087808430286e-5	44.75607426980614
1.789136663702245e-5	44.18323795371313
1.890164395728808e-5	43.65427486815376
1.9968968918717793e-5	42.876728462434144
2.1096562848067137e-5	42.48325541645336
2.228782897174368e-5	42.0415036115039
2.3546362687190476e-5	41.55813597934703
2.4875962414267358e-5	41.03985687356662
2.628064105938052e-5	40.11259883589552
2.776463812696018e-5	39.641405748672106
2.9332432514841528e-5	39.11471960702309
3.0988756032165605e-5	38.5402526638062
3.2738607680600214e-5	37.92659356188404
3.4587268741982965e-5	36.40564546042117
3.654031871792226e-5	35.94249346845738
3.860365216946566e-5	35.45472847934508
4.0783496507657944e-5	34.95775459159893
4.3086430788684815e-5	34.468145433509996
4.5519405570327826e-5	33.98619639713545
4.808976388965902e-5	33.570061328335264
5.080526342529086e-5	33.14897773464132
5.367409991106735e-5	32.73938722606703
5.670493187186425e-5	32.35707111628283
5.990690675615338e-5	32.070272409457125
6.328968854420141e-5	31.745726301862042
6.686348691523104e-5	31.384989269861173
7.063908806157143e-5	30.993241348919934
7.462788724280207e-5	30.57597460516808
7.884192317814156e-5	30.00822999241611
8.329391438088055e-5	29.63597583719004
8.799729754452457e-5	29.22668317915594
9.296626809649682e-5	28.787381431191612
9.821582304180064e-5	28.326081399713164
0.00010376180622594889	27.431199068623386
0.00010962095615376677	27.09106277039655
0.00011581095650839697	26.73424359900647
0.00012235048952297383	26.37069732345101
0.00012925929236605444	26.01087260717124
0.00013655821671098347	25.71695511754288
0.00014426929166897707	25.413998880772702
0.00015241579027587258	25.1061014728952
0.00016102229973320205	24.802862675065008
0.00017011479561559274	24.51295340343522
0.00017972072026846013	24.334299534994713
0.00018986906563260423	24.068342870654735
0.0002005904607456931	23.774538215225377
0.00021191726418471428	23.456661285174654
0.00022388366172840623	23.118823814862072
0.00023652576953442467	22.7850208035443
0.00024988174314264164	22.48713412341927
0.00026399189263357376	22.16209214661786
0.00027889880428949045	21.81527872401315
0.0002946474691254019	21.45289075241189
0.0003112854186778467	20.93002165091331
0.00032886286846130035	20.663021356568834
0.00034743286952519095	20.38263437022435
0.0003670514685689215	20.095336628169605
0.0003877778770981633	19.80780725358508
0.0004096746501329504	19.62045901721019
0.0004328078750069312	19.37928013349154
0.0004572473708276177	19.131517528520103
0.0004830668991996057	18.882841146621157
0.0005103443868467783	18.638119212016313
0.0005391621608053804	18.541487997907204
0.0005696071968978132	18.3124138487791
0.0006017713822370793	18.061084628615408
0.0006357517925541423	17.790203571608444
0.0006716509851852187	17.50276301368995
0.000709577308603274	17.33210433984145
0.0007496452294279256	17.078453564508155
0.0007919756779007212	16.80310390659615
0.0008366964128684705	16.50998648589318
0.0008839424073762058	16.20368328734125
0.00093385625603354	15.880787762366307
0.000986588605383902	15.648862388699367
0.001	15.58978280222321
0.0010422986085755728	15.404438913654161
0.0011011544057067633	15.15174486933801
0.00116333363129449	14.895109788365207
0.0012290239503988513	14.772655029473505
0.0012984236250207948	14.554800243363497
0.0013717421124828531	14.32868640213456
0.0014492006975988171	14.097836572198911
0.0015310331605403347	13.86520379504563
0.0016174864824161411	13.825162579551524
0.0017088215906934398	13.611841589345307
0.001805314146711238	13.380493498201611
0.0019072553776624268	13.133101728461998
0.002	12.908001816577508
0.002014952955555656	12.87184460142688
0.002128731925809822	12.790870058295612
0.002248935688283777	12.557015676496363
0.002375927033702164	12.305099088379091
0.0025100892386054115	12.037944873547696
0.0026518272221286174	11.75885292014047
0.00280156876810062	11.53144737773
0.0029597658161517057	11.306194779850307
0.003	11.248817212609547
0.003126895825726718	11.068515666957886
0.00330346321712029	10.821285384821833
0.00349000089388347	10.567481264883336
0.003687071851196554	10.475195629682739
0.0038952708750623843	10.258759559209416
0.004	10.150984620467192
0.00411522633744856	10.033744994617717
0.004347602092796451	9.802782877177911
0.004593099481621004	9.568226511638692
0.004852459447248423	9.617372575751432
0.005	9.509738526852939
0.005126464772080319	9.417172171904198
0.005415942440133714	9.20563338773573
0.00572176613298728	8.984989800749394
0.006	8.788800747336953
0.0060448588666669675	8.757678349535079
0.006386195777429466	9.018106331876321
0.0067468070648513305	8.835308652680053
0.007	8.707790817246956
0.007127781101106491	8.64403635094418
0.007530267715816235	8.44722192497435
0.007955481666385851	8.248189530742463
0.008	8.227985719907975
0.00840470630430186	8.448011957395934
0.008879297448455118	8.30710640156859
0.009	8.272023474289188
0.009380687477180155	8.163970503391871
0.00991038965136087	8.02142986521654
0.01	7.9983269811299795
0.01047000268165041	7.8823499410736595
0.011	8.101918475868441
0.011061215553589661	8.09118135500236
0.011685812625187154	7.983574544660518
0.012	7.931042030345968
0.012345679012345678	7.874663006290163
0.013	7.772276814911457
0.013042806278389354	7.765778973577608
0.013779298444863012	7.657702680548755
0.014	7.62660738091595
0.01455737834174527	7.767703840109081
0.015	7.713969257447187
0.015379394316240958	7.667138989508351
0.016	7.589212140302222
0.016247827320401143	7.557685017148896
0.017	7.460732900028119
0.01716529839896184	7.439187406127956
0.018	7.329144884301751
0.018134576600000903	7.3112108092387995
0.019	7.385795118319266
0.0191585873322884	7.370322543970063
0.02	7.2857293922198885
0.020240421194553992	7.260831345883404
0.021	7.180231300003783
0.021383343303319473	7.138509166743319
0.022	7.070042864366727
0.022590803147448702	7.002997879172043
0.023	6.955791580602263
0.023866444999157556	6.853928224395952
0.024	6.838011059462981
0.025	6.809995549805511
0.025214118912905578	6.792434243253301
0.026	6.726622110505111
0.02663789234536535	6.6717382252738275
0.027	6.64004101952146
0.028	6.550632070501572
0.028142062431540465	6.537720973458725
0.029	6.458730772012071
0.02973116895408261	6.39012934847355
0.03	6.36463196025841
0.031	6.2685940640957165
0.031410008044951226	6.228710865044218
0.032	6.1708437982836895
0.033	6.17202911864827
0.033183646660768985	6.159601609202103
0.034	6.103532798169682
0.035	6.033119976561104
0.03505743787556146	6.029020922857174
0.036	5.960956054093462
0.037	5.887193615675196
0.037037037037037035	5.884432849693726
0.038	5.81197393885403
0.039	5.735428624372894
0.03912841883516806	5.725509147094453
0.04	5.657681292631423
0.041	5.5788492913204735
0.04133789533458906	5.55198711559261
0.042	5.499045362663356
0.043	5.9713740312254755
0.04367213502523579	5.942359114760043
0.044	5.928010687693129
0.045	5.88350534869296
0.046	5.837965104128822
0.04613818294872287	5.831596755822874
0.047	5.79149518569513
0.048	5.744198945577898
0.04874348196120343	5.708559691412964
0.049	5.696177839460345
0.05	5.647531410038381
0.051	5.5983572676209405
0.05149589519688552	5.573805909278894
0.052	5.5487510648092275
0.053	5.498806462706098
0.054	5.448615086591022
0.054403729800002736	5.428301805742464
0.055	5.398266469496066
0.056	5.347847982623289
0.057	5.946583940136146
0.05747576199686517	5.936040074206736
0.058	5.924245660750117
0.059	5.901261718976334
0.06	5.8776843518528334
0.06072126358366197	5.8603397306405
0.061	5.853565459130331
0.062	5.828956499312888
0.063	5.803908385563333
0.064	5.778471381698042
0.06415002990995841	5.774624592832294
0.065	5.752694998524828
0.066	5.7266278908051556
0.067	5.700317755147024
0.06777240944234611	5.679858745172256
0.068	5.673811229157781
0.069	5.647153792206009
0.07	5.620389668158608
0.071	5.593561730472936
0.0715993349974727	5.577469491909105
0.072	5.566711410033972
0.073	5.5398786061333265
0.074	5.513101600989952
0.075	6.037849232008413
0.0756423567387167	6.031283893311678
0.076	6.027534961063055
0.077	6.016704045689465
0.078	6.0053709989624275
0.079	5.993550231358928
0.07991367703609606	5.982335617860408
0.08	5.981256033231979
0.081	5.968502557637176
0.082	5.955303803534492
0.083	5.9416735993881815
0.084	5.927625587187981
0.0844261872946214	5.921514837016523
0.085	5.913173206914957
0.086	5.898329681475376
0.087	5.883108002125859
0.088	5.867520914412815
0.089	5.8515809046487375
0.08919350686224783	5.848456685426366
0.09	5.83530018694749
0.091	5.81869069083987
0.092	5.801764049490137
0.093	5.784531588533101
0.094	5.767004315550402
0.09423002413485373	5.762932043211409
0.095	5.749192910203483
0.096	5.7311077150395064
0.097	5.712758726985023
0.098	6.116140538028223
0.099	6.105981517207269
0.09955093998230691	6.100113271272374
0.1	6.095188197493929
0.101	6.083764417912213
0.102	6.07171430073744
0.103	6.059042252068133
0.104	6.04575296198543
0.105	6.031851404291508
0.10517231362668437	6.029394515914879
0.106	6.017342835819635
0.107	6.002232795309707
0.108	5.986527101844483
0.109	5.970231852842904
0.11	5.953353421608249
0.111	5.935898454430125
0.1111111111111111	5.933923722830844
0.112	5.917873867240696
0.113	5.899286841826773
0.114	5.880144821600746
0.115	5.860455506934621
0.116	5.840226850062774
0.117	5.819467049560136
0.11738525650550419	5.8113292539559405
0.118	5.798184544404058
0.119	5.776388007628984
0.12	5.754086339584556
0.121	5.731288660808704
0.122	5.708004304528555
0.123	5.684242808802955
0.124	5.660013908321485
0.12401368600376717	5.659679115263995
0.125	5.635327525875848
0.126	5.610193763520331
0.127	5.584622893439063
0.128	5.558625348538455
0.129	4.978431218935433
0.13	4.963598648609601
0.131	4.948473102333594
0.13101640507570736	4.948222546271168
0.132	4.933058563903907
0.133	4.917359077637842
0.134	4.90137874657584
0.135	4.8851217306446175
0.136	4.868592244782449
0.137	4.851794557027893
0.138	4.834732986573499
0.1384145488461686	4.827583791077656
0.139	4.817411901785914
0.14	4.7998357181939895
0.141	4.782008896446506
0.142	4.763935940241172
0.143	4.745621394226648
0.144	4.72706984187931
0.145	4.708285903356679
0.146	4.689274233329248
0.14623044588361028	4.684861278879658
0.147	4.670039518792719
0.148	4.6505864768625464
0.149	4.630919852552724
0.15	4.6110444165409215
0.151	4.590964962921877
0.152	4.570686306951201
0.153	4.550213282781615
0.154	4.52955074119374
0.15448768559065656	4.5194066307883975
0.155	4.508703547323506
0.156	4.487676578388357
0.157	4.46647472141429
0.158	4.445102870965924
0.159	4.4235659268816825
0.16	4.401868792016193
0.161	4.380016369992055
0.162	4.358013562962993
0.163	4.335865269390583
0.1632111894000082	4.331169638874115
0.164	4.313576381836493
0.165	4.2911517847723495
0.166	4.26859635240923
0.167	4.245914946548717
0.168	4.22311241445753
0.169	3.9674427035432793
0.17	3.9532234553275862
0.171	3.938862017224666
0.172	3.9243606128372397
0.1724272859905955	3.918122238418751
0.173	3.909721483622975
0.174	3.894946888248649
0.175	3.8800391019384235
0.176	3.8650004158164997
0.177	3.8498331362445044
0.178	3.834539584153906
0.179	3.8191220943738027
0.18	3.80358301495441
0.181	3.787924706486562
0.182	3.772149541417598
0.18216379075098593	3.769554741491448
0.183	3.756259903363952
0.184	3.74025818642079
0.185	3.7241467944690463
0.186	3.707928140480199
0.187	3.6916046458191687
0.188	3.675178739545629
0.189	3.6586528577141433
0.19	3.642029442673458
0.191	3.625310942365296
0.192	3.608499809623033
0.19245008972987526	3.6009037169023945
0.193	3.5915985014705916
0.194	3.5746094784219142
0.195	3.5575352037813888
0.196	3.540378142945549
0.197	3.5231407627064386
0.198	3.5058255305569554
0.199	3.488434913998579
0.2	3.47097137985177
0.201	3.4534373935694247
0.202	3.435835418553741
0.203	3.4181679154768023
0.20331722832703833	3.412549988845452
0.204	3.4004373416052456
0.205	3.3826461501293306
0.206	3.3647967894967703
0.207	3.3468917027516136
0.208	3.328933326878534
0.209	3.310924092152835
0.21	3.2928664214964827
0.211	3.274762729840477
0.212	3.2566154234938725
0.213	3.2384268995197414
0.214	3.22019954511838
0.2147980049924181	3.2056277586778332
0.215	3.2019357370180352
0.216	3.183637840873444
0.217	3.1653082106724506
0.218	3.146949188150997
0.219	3.128563102216691
0.22	3.1101522683812832
0.221	3.0917189882022367
0.222	3.073265548733665
0.223	2.8518088218055526
0.224	2.8405522612324616
0.225	2.8292565575089017
0.226	2.8179226981964796
0.2269270702161501	2.8073821924822777
0.227	2.806551670878093
0.228	2.7951444629969675
0.229	2.7837020616961086
0.23	2.7722254536582365
0.231	2.7607156249462177
0.232	2.7491735608440617
0.233	2.7376002456985145
0.234	2.725996662761291
0.235	2.714363794031985
0.236	2.702702620101724
0.237	2.69101411999757
0.238	2.6792992710277432
0.239	2.667559048627693
0.23974103110828818	2.658843384544774
0.24	2.6557944262070654
0.241	2.6440063749976015
0.242	2.632195863902008
0.243	2.6203638593438505
0.244	2.608511325118498
0.245	2.5966392222451544
0.246	2.584748508820042
0.247	2.5728401398707352
0.248	2.560915067211723
0.249	2.548974239301215
0.25	2.5370186010992275
0.251	2.5250490939270014
0.252	2.5130666553277736
0.253	2.5010722189289476
0.25327856188386416	2.4977290154006253
0.254	2.4890667143056966
0.255	2.4770510668460184
0.256	2.4650261976173153
0.257	2.452993023234481
0.258	2.4409524557295734
0.259	2.428905402423073
0.26	2.416852765796783
0.261	2.4047954433683816
0.262	2.392734327567676
0.263	2.380670305614564
0.264	2.368604259398773
0.265	2.356537065361344
0.266	2.34446959437795
0.267	2.3324027116440456
0.26758052058674353	2.3253982470421946
0.268	2.320337276561861
0.269	2.3082741426292985
0.27	2.296214157330735
0.271	2.2841581620297613
0.272	2.2721069918638763
0.273	2.2600614756411597
0.274	2.24802243573896
0.275	2.235990688004592
0.276	2.2239670416580832
0.277	2.211952299196989
0.278	2.199947256303277
0.279	2.187952701752321
0.28	2.1759694173240054
0.281	2.1639981777159667
0.282	2.1520397504589743
0.28269007240456123	2.1437954389940517
0.283	2.140094895834474
0.284	2.1281643667943198
0.285	2.1162489088826693
0.286	2.1043492601600975
0.287	2.092466151129917
0.288	2.0806003046667056
0.289	2.068752435947083
0.29	2.056923252382707
0.291	2.0451134535555275
0.292	2.033323731155278
0.293	1.9199446164045906
0.294	1.912296194570418
0.295	1.904652593216085
0.296	1.8970141082305416
0.297	1.8893810328214289
0.298	1.8817536575066207
0.2986528199469207	1.8767775673619458
0.299	1.8741322701062497
0.3	1.8665171557352118
0.301	1.8589085967961234
0.302	1.8513068729727697
0.303	1.8437122612239953
0.304	1.8361250357780676
0.305	1.8285454681274953
0.306	1.820973827024294
0.307	1.8134103784757045
0.308	1.805855385740362
0.309	1.7983091093248973
0.31	1.7907718069809788
0.311	1.7832437337027964
0.312	1.7757251417249589
0.313	1.7682162805208352
0.314	1.7607173968012986
0.315	1.7532287345139057
0.31551694088005316	1.7493616259519595
0.316	1.7457505348424764
0.317	1.738283036207088
0.318	1.7308264742644717
0.319	1.7233810819088131
0.32	1.7159470892729376
0.321	1.7085247237299017
0.322	1.701114209894965
0.323	1.6937157696279355
0.324	1.686329622035907
0.325	1.6789559834763634
0.326	1.6715950675606435
0.327	1.664247085157787
0.328	1.656912244398723
0.329	1.6495907506808205
0.33	1.6422828066727893
0.331	1.6349886123199215
0.332	1.6277083648496777
0.333	1.620442258777604
0.3333333333333333	1.6180233991833146
0.334	1.6131904859135817
0.335	1.6059532353684025
0.336	1.598730693560666
0.337	1.591523044223987
0.338	1.58433046841452
0.339	1.5771531445187874
0.34	1.5699912482618086
0.341	1.5628449527155237
0.342	1.5557144283075106
0.343	1.5485998428299879
0.344	1.5415013614490969
0.345	1.5344191467144632
0.346	1.5273533585690275
0.347	1.5203041543591418
0.348	1.51327168884493
0.349	1.506256114210902
0.35	1.4992575800768195
0.351	1.4922762335088113
0.352	1.4853122190307269
0.3521557695165126	1.4842290072615718
0.353	1.4783656786357267
0.354	1.4714367517981066
0.355	1.4645255754853468
0.356	1.457632284170383
0.357	1.450757009844095
0.358	1.4438998820280062
0.359	1.4370610277871927
0.36	1.4302405717433908
0.361	1.4234386360883042
0.362	1.4166553405971067
0.363	1.4098908026421255
0.364	1.4031451372067123
0.365	1.3964184568992934
0.366	1.3897108719675924
0.367	1.3830224903130137
0.368	1.3763534175052066
0.369	1.3697037567967723
0.37	1.363073609138133
0.371	1.3564630731925549
0.372	1.349872245351304
0.3720410580113015	1.3496020616432571
0.373	1.343301219748957
0.374	1.3367500882788383
0.375	1.3302189406085954
0.376	1.3237078641958921
0.377	1.3172169443042399
0.378	1.310746264018928
0.379	1.3042959042630864
0.38	1.2978659438138456
0.381	1.2914564593186042
0.382	1.2850675253114012
0.383	1.2786992142293818
0.384	1.2723515964293555
0.385	1.3582525265125815
0.386	1.3536682831887052
0.387	1.3490890673563083
0.388	1.3445149675849741
0.389	1.339946071681428
0.39	1.3353824666894842
0.391	1.330824238890061
0.392	1.3262714738012633
0.393	1.3217242561785154
0.3930492152271221	1.3215006085432015
0.394	1.3171826700147724
0.395	1.3126467985407815
0.396	1.308116724225408
0.397	1.3035925287760248
0.398	1.2990742931389618
0.399	1.2945620975000052
0.4	1.2900560212849703
0.401	1.2855561431603257
0.402	1.2810625410338716
0.403	1.2765752920554814
0.404	1.2720944726178975
0.405	1.2676201583575832
0.406	1.26315242415563
0.407	1.2586913441387204
0.408	1.2542369916801426
0.409	1.2497894394008648
0.41	1.2453487591706534
0.411	1.2409150221092506
0.412	1.2364882985876042
0.413	1.232068658229144
0.414	1.2276561699111093
0.415	1.2232509017659339
0.41524364653850576	1.2221786749757126
0.416	1.2188529211826693
0.417	1.2144622948084658
0.418	1.2100790885500972
0.419	1.2057033675755338
0.42	1.2013351963155634
0.421	1.1969746384654605
0.422	1.1926217569866924
0.423	1.1882766141086858
0.424	1.1839392713306218
0.425	1.179609789423286
0.426	1.1752882284309574
0.427	1.170974647673341
0.428	1.1666691057475407
0.429	1.1623716605300802
0.43	1.1580823691789526
0.431	1.1538012881357254
0.432	1.1495284731276727
0.433	1.1452639791699517
0.434	1.141007860567821
0.435	1.1367601709188881
0.436	1.132520963115405
0.437	1.1282902893465887
0.438	1.12406820110099
0.4386913376508308	1.1211543586623411
0.439	1.1198547491688864
0.44	1.1156499836447207
0.441	1.1114539539295651
0.442	1.1072667087336225
0.443	1.1030882960787618
0.444	1.0989187633010875
0.445	1.094758157053533
0.446	1.090606523308498
0.447	1.0864639073605051
0.448	1.0823303538288904
0.449	1.078205906660532
0.45	1.0740906091325917
0.451	1.0699845038552995
0.452	1.065887632774758
0.453	1.06180003717578
0.454	1.0577217576847437
0.455	1.0536528342724862
0.456	1.049593306257214
0.457	1.0455432123074402
0.458	1.0415025904449506
0.459	1.0374714780477885
0.46	1.033449911853264
0.461	1.0294379279609913
0.462	1.0254355618359412
0.463	1.0214428483115217
0.4634630567719698	1.01959727452562
0.464	1.017459821592674
0.465	1.0134865152589958
0.466	1.0095229622678796
0.467	1.0055691949576744
0.468	1.0016252450508634
0.469	0.9976911436572626
0.47	0.9937669212772382
0.471	0.9898526078049401
0.472	0.9859482325315527
0.473	0.9820538241485636
0.474	0.9781694107510479
0.475	0.9742950198409679
0.476	0.9704306783304864
0.477	0.9665764125453009
0.478	0.9627322482279845
0.479	0.9588982105413435
0.48	0.9550743240717903
0.481	0.9512606128327266
0.482	0.94745710026794
0.483	0.9436638092550129
0.484	0.9398807621087388
0.485	0.9361079805845569
0.486	0.9323454858819934
0.487	0.9285932986481064
0.488	0.9248514389809545
0.489	0.9211199264330634
0.4896335682000246	0.9187611219177843
0.49	0.917398780014903
0.491	0.9136880181983746
0.492	0.9099876589203096
0.493	0.9062977195859672
0.494	0.9026182170725456
0.495	0.8989491677326971
0.496	0.8952905873980495
0.497	0.8916424913827379
0.498	0.8880048944869305
0.499	0.8843778110003738
0.5	0.8807612547059314
0.501	0.877155238883131
0.502	0.8735597763117167
0.503	0.8699748792752006
0.504	0.8664005595644217
0.505	0.8628368284811063
0.506	0.8592836968414262
0.507	0.9435955192538263
0.508	0.9409291367110095
0.509	0.9382668007505159
0.51	0.9356085341717906
0.511	0.9329543595319705
0.512	0.9303042991464137
0.513	0.9276583750892322
0.514	0.9250166091938388
0.515	0.9223790230535075
0.516	0.9197456380219372
0.517	0.9171164752138306
0.5172818579717865	0.9163761903403075
0.518	0.9144915555054789
0.519	0.9118708995353614
0.52	0.9092545277047507
0.521	0.9066424601783255
0.522	0.9040347168848006
0.523	0.9014313175175579
0.524	0.8988322815352926
0.525	0.8962376281626661
0.526	0.8936473763909627
0.527	0.8910615449787704
0.528	0.8884801524526511
0.529	0.8859032171078329
0.53	0.8833307570089085
0.531	0.880762789990538
0.532	0.8781993336581634
0.533	0.8756404053887313
0.534	0.8730860223314215
0.535	0.870536201408389
0.536	0.8679909593155044
0.537	0.8654503125231141
0.538	0.8629142772767973
0.539	0.860382869598137
0.54	0.8578561052854992
0.541	0.8553339999148142
0.542	0.8528165688403672
0.543	0.8503038271956027
0.544	0.8477957898939259
0.545	0.8452924716295139
0.546	0.8427938868781423
0.5464913722529576	0.8415678904106549
0.547	0.8403000498980056
0.548	0.8378109747305525
0.549	0.8353266752013273
0.55	0.8328471649208127
0.551	0.8303724572852867
0.552	0.8279025654776769
0.553	0.82543750246843
0.554	0.8229772810163798
0.555	0.8205219136696259
0.556	0.8180714127664133
0.557	0.8156257904360279
0.558	0.8131850585996822
0.559	0.8107492289714204
0.56	0.8083183130590241
0.561	0.8058923221649191
0.562	0.8034712673870925
0.563	0.8010551596200148
0.564	0.7986440095555642
0.565	0.7962378276839585
0.566	0.7938366242946882
0.567	0.7914404094774611
0.568	0.7890491931231411
0.569	0.7866629849247034
0.57	0.7842817943781849
0.571	0.781905630783642
0.572	0.7795345032461145
0.573	0.7771684206765905
0.574	0.7748073917929783
0.575	0.7724514251210783
0.576	0.7701005289955632
0.577	0.7677547115609581
0.5773502691896257	0.7669342464716093
0.578	0.7654139807726281
0.579	0.7630783443977633
0.58	0.7607478100163761
0.581	0.7584223850222913
0.582	0.7561020766241511
0.583	0.7537868918464108
0.584	0.7514768375303478
0.585	0.7491719203350694
0.586	0.7468721467385213
0.587	0.7445775230385037
0.588	0.7422880553536852
0.589	0.7400037496246243
0.59	0.7377246116147885
0.591	0.7354506469115774
0.592	0.7331818609273514
0.593	0.7309182589004579
0.594	0.7286598458962621
0.595	0.7264066268081785
0.596	0.7241586063587067
0.597	0.721915789100466
0.598	0.7196781794172351
0.599	0.7174457815249876
0.6	0.7152185994729398
0.601	0.7129966371445859
0.602	0.710779898258749
0.603	0.7085683863706196
0.604	0.7063621048728075
0.605	0.7041610569963875
0.606	0.7019652458119479
0.607	0.6997746742306414
0.608	0.6975893450052352
0.609	0.695409260731162
0.6099516849811152	0.6933393804586242
0.61	0.6932344238475738
0.611	0.6910648366383935
0.612	0.6889005012333697
0.613	0.6867414196091279
0.614	0.6845875935902302
0.615	0.6824390248502256
0.616	0.6802957149127056
0.617	0.6781576651523624
0.618	0.6760248767960411
0.619	0.6738973509237971
0.62	0.6717750884699512
0.621	0.6696580902241435
0.622	0.6675463568323909
0.623	0.6654398887981395
0.624	0.6633386864833217
0.625	0.6612427501094085
0.626	0.6591520797584625
0.627	0.657066675374194
0.628	0.6549865367630094
0.629	0.6529116635950686
0.63	0.6508420554053294
0.631	0.6487777115946017
0.632	0.6467186314305978
0.633	0.6446648140489769
0.634	0.6426162584543964
0.635	0.6405729635215542
0.636	0.6385349279962378
0.637	0.6365021504963659
0.638	0.6344746295130298
0.639	0.6324523634115378
0.64	0.6304353504324521
0.641	0.6284235886926282
0.642	0.6264170761862524
0.643	0.6244158107858759
0.644	0.6224197902434483
0.6443940149772543	0.6216347681425181
0.645	0.6204290121913496
0.646	0.6184434741434209
0.647	0.6164631734959913
0.648	0.6144881075289041
0.649	0.6125182734065433
0.65	0.610553668178853
0.651	0.6085942887823583
0.652	0.6066401320411856
0.653	0.6046911946680759
0.654	0.6027474732653985
0.655	0.6008089643261652
0.656	0.5988756642350358
0.657	0.5969475692693271
0.658	0.5950246756000156
0.659	0.5931069792927401
0.66	0.5911944763088008
0.661	0.5892871625061572
0.662	0.5873850336404178
0.663	0.585488085365836
0.664	0.5835963132362968
0.665	0.5817097127063011
0.666	0.5798282791319506
0.667	0.5931122673018985
0.668	0.5916704687585997
0.669	0.5902307334662933
0.67	0.5887930675218974
0.671	0.5873574769611154
0.672	0.5859239677585754
0.673	0.5844925458279746
0.674	0.583063217022221
0.675	0.5816359871335798
0.676	0.5802108618938182
0.677	0.5787878469743544
0.678	0.5773669479864043
0.679	0.5759481704811344
0.68	0.5745315199498098
0.6807812106484503	0.5734263008179854
0.681	0.5731170018239493
0.682	0.5717046214754776
0.683	0.57029438421688
0.684	0.56888629530136
0.685	0.567480359922996
0.686	0.5660765832168978
0.687	0.5646749702593703
0.688	0.5632755260680693
0.689	0.5618782556021671
0.69	0.5604831637625138
0.691	0.5590902553918025
0.692	0.5576995352747328
0.693	0.5563110081381788
0.694	0.5549246786513553
0.695	0.5535405514259868
0.696	0.5521586310164767
0.697	0.5507789219200775
0.698	0.5494014285770621
0.699	0.5480261553708986
0.7	0.5466531066284195
0.701	0.54528228662
0.702	0.5439136995597313
0.703	0.5425473496055984
0.704	0.5411832408596557
0.705	0.5398213773682073
0.706	0.538461763121984
0.707	0.5371044020563251
0.708	0.5357492980513586
0.709	0.5343964549321831
0.71	0.5330458764690508
0.711	0.5316975663775505
0.712	0.5303515283187926
0.713	0.5290077658995946
0.714	0.5276662826726657
0.715	0.5263270821367958
0.716	0.524990167737041
0.717	0.5236555428649143
0.718	0.5223232108585731
0.719	0.5209931750030092
0.7192230933248643	0.5206967664779913
0.72	0.5196654385302409
0.721	0.5183400046195041
0.722	0.5170168763974428
0.723	0.5156960569383041
0.724	0.5143775492641309
0.725	0.5130613563449564
0.726	0.5117474810989993
0.727	0.5104359263928575
0.728	0.5091266950417084
0.729	0.5078197898095025
0.73	0.5065152134091608
0.731	0.5052129685027759
0.732	0.5039130577018075
0.733	0.5026154835672847
0.734	0.5013202486100032
0.735	0.5000273552907278
0.736	0.4987368060203934
0.737	0.49744860316030515
0.738	0.4961627490223421
0.739	0.4948792458691594
0.74	0.4935980959143911
0.741	0.49231930132285495
0.742	0.4910428642107556
0.743	0.48976878664588946
0.744	0.48849707064785053
0.745	0.48722771818823496
0.746	0.4859607311908482
0.747	0.4846961115319103
0.748	0.4834338610402643
0.749	0.48217398149758217
0.75	0.4809164746385735
0.751	0.47966134215119327
0.752	0.47840858567685013
0.753	0.47715820681061594
0.754	0.475910207101434
0.755	0.47466458805232936
0.756	0.4734213511206192
0.757	0.47218049771812176
0.758	0.4709420292113683
0.759	0.4697059469218126
0.7598356856515925	0.46867480191071836
0.76	0.4684722521260434
0.761	0.46724094605599475
0.762	0.46601202989915874
0.763	0.4647855047987967
0.764	0.4635613718541519
0.765	0.46233963212066176
0.766	0.4611202866101704
0.767	0.4599033362911426
0.768	0.45868878208887565
0.769	0.4574766248857133
0.77	0.45626686552125906
0.771	0.4550595047925905
0.772	0.45385454345447285
0.773	0.4526519822195724
0.774	0.45145182175867166
0.775	0.4502540627008829
0.776	0.44905870563386413
0.777	0.4478657511040312
0.778	0.44667519961677515
0.779	0.4454870516366747
0.78	0.4443013075877136
0.781	0.44311796785349317
0.782	0.4419370327774492
0.783	0.4407585026630662
0.784	0.4395823777740928
0.785	0.43840865833475684
0.786	0.4372373445299813
0.787	0.43606843650559907
0.788	0.4349019343685678
0.789	0.4337378381871862
0.79	0.4325761479913093
0.791	0.4314168637725626
0.792	0.43025998548455835
0.793	0.4291055130431114
0.794	0.427953446326454
0.795	0.4268037851754495
0.796	0.4256565293938096
0.797	0.4245116787483082
0.798	0.4233692329689978
0.799	0.42222919174942247
0.8	0.42109155474683413
0.801	0.4199563215824076
0.802	0.4188234918414536
0.8027415617602307	0.4179849803417056
0.803	0.41769306507363496
0.804	0.4165650407931799
0.805	0.41543941847909727
0.806	0.4143161975753909
0.807	0.41319537749127166
0.808	0.41207695760137386
0.809	0.41096093724596683
0.81	0.4098473157311706
0.811	0.4087360923291674
0.812	0.40762726627841567
0.813	0.40652083678386286
0.814	0.405416803017159
0.815	0.4043151641168676
0.816	0.40321591918868005
0.817	0.40211906730562563
0.818	0.4010246075082857
0.819	0.3999325388050038
0.82	0.39884286017209747
0.821	0.39775557055406924
0.822	0.3966706688638188
0.823	0.3955881539828515
0.824	0.3945080247614911
0.825	0.39343028001908803
0.826	0.3923549185442303
0.827	0.3912819390949519
0.828	0.3902113403989439
0.829	0.38914312115376165
0.83	0.388077280027034
0.831	0.3870138156566719
0.832	0.3859527266510761
0.833	0.384894011589344
0.834	0.3838376690214784
0.835	0.38278369746859364
0.836	0.38173209542312225
0.837	0.3806828613490208
0.838	0.3796359936819771
0.839	0.3785914908296135
0.84	0.37754935117169397
0.841	0.37650957306032795
0.842	0.37547215482017504
0.843	0.37443709474864867
0.844	0.3734043911161192
0.845	0.372374042166118
0.846	0.3713460461155398
0.847	0.3703204011548443
0.848	0.36929710544825933
0.8480702172136836	0.3692253406973379
0.849	0.3682761571339813
0.85	0.3672575543243758
0.851	0.36624129510618
0.852	0.36522737754070067
0.853	0.3642157996640149
0.854	0.36320655948716957
0.855	0.36219965499637896
0.856	0.36119508415322454
0.857	0.3601928448948507
0.858	0.3591929351341642
0.859	0.3581953527600303
0.86	0.3572000956374676
0.861	0.35620716160784616
0.862	0.35521654848908135
0.863	0.35422825407582925
0.864	0.353242276139681
0.865	0.3522586124293561
0.866	0.351277260670896
0.867	0.35029821856785753
0.868	0.34932148380150385
0.869	0.3483470540309974
0.87	0.3473749268935903
0.871	0.3464051000048147
0.872	0.3454375709586741
0.873	0.3444723373278318
0.874	0.34350939666380026
0.875	0.34254874649712946
0.876	0.3415903843375949
0.877	0.34063430767438463
0.878	0.35927127990572094
0.879	0.3585435316369638
0.88	0.3578167432183472
0.881	0.3570909160746625
0.882	0.35636605161607265
0.883	0.35564215123814685
0.884	0.3549192163218914
0.885	0.3541972482337846
0.886	0.35347624832580876
0.887	0.3527562179354849
0.888	0.35203715838590477
0.889	0.35131907098576687
0.89	0.3506019570294082
0.891	0.3498858177968398
0.892	0.34917065455378027
0.893	0.34845646855169055
0.894	0.34774326102780795
0.895	0.34703103320518147
0.8959584598407621	0.3463493120598728
0.896	0.34631978629270593
0.897	0.3456095214851578
0.898	0.3449002399632287
0.899	0.3441919428935628
0.9	0.3434846314287908
0.901	0.34277830670756526
0.902	0.342072969854597
0.903	0.3413686219806903
0.904	0.34066526418277915
0.905	0.3399628975439634
0.906	0.33926152313354424
0.907	0.33856114200706133
0.908	0.337861755206328
0.909	0.3371633637594694
0.91	0.33646596868095824
0.911	0.33576957097165105
0.912	0.33507417161882613
0.913	0.3343797715962199
0.914	0.3336863718640639
0.915	0.3329939733691232
0.916	0.3323025770447321
0.917	0.33161218381083224
0.918	0.3309227945740112
0.919	0.33023441022753874
0.92	0.32954703165140536
0.921	0.3288606597123599
0.922	0.3281752952639476
0.923	0.32749093914654837
0.924	0.3268075921874155
0.925	0.3261252552007121
0.926	0.3254439289875525
0.927	0.32476361433603773
0.928	0.324084312021296
0.929	0.32340602280552133
0.93	0.3227287474380113
0.931	0.3220524866552072
0.932	0.3213772411807323
0.933	0.3207030117254306
0.934	0.320029798987407
0.935	0.31935760365206645
0.936	0.31868642639215183
0.937	0.31801626786778525
0.938	0.3173471287265072
0.939	0.3166790096033146
0.94	0.31601191112070237
0.941	0.3153458338887027
0.942	0.3146807785049242
0.943	0.3140167455545927
0.944	0.3133537356105902
0.945	0.31269174923349713
0.946	0.31203078697162906
0.9465508226401592	0.31166715160275227
0.947	0.3113708493610803
0.948	0.31071193692576216
0.949	0.31005405017744436
0.95	0.30939718961579427
0.951	0.3087413557284191
0.952	0.30808654899090504
0.953	0.3074327698668584
0.954	0.3067800188079467
0.955	0.3061282962539388
0.956	0.30547760263274604
0.957	0.3048279383604632
0.958	0.3041793038414093
0.959	0.30353169946816827
0.96	0.3028851256216311
0.961	0.3022395826710357
0.962	0.301595070974009
0.963	0.30095159087660756
0.964	0.3003091427133588
0.965	0.29966772680730325
0.966	0.2990273434700347
0.967	0.2983879930017427
0.968	0.29774967569125294
0.969	0.29711239181606997
0.97	0.29647614164241765
0.971	0.29584092542528156
0.972	0.2952067434084503
0.973	0.2945735958245571
0.974	0.29394148289512184
0.975	0.2933104048305923
0.976	0.2926803618303865
0.977	0.2920513540829346
0.978	0.29142338176571986
0.979	0.29079644504532187
0.98	0.29017054407745735
0.981	0.28954567900702277
0.982	0.2889218499681361
0.983	0.2882990570841788
0.984	0.28767730046783835
0.985	0.28705658022114955
0.986	0.28643689643553705
0.987	0.28581824919185783
0.988	0.2852006385604426
0.989	0.2845840646011387
0.99	0.28396852736335176
0.991	0.283354026886088
0.992	0.2827405631979975
0.993	0.2821281363174143
0.994	0.2815167462524007
0.995	0.2809063930007887
0.996	0.28029707655022207
0.997	0.27968879687819986
0.998	0.27908155395211687
0.999	0.27847534772930765
1.0	0.2778701781570877
1.0	0.2778701781570877
