-1.0	0.47765989162932304
-1.0	0.47765989162932304
-0.999	0.47991787988514106
-0.998	0.4821922031739
-0.997	0.48448304814842513
-0.996	0.4867905996025098
-0.995	0.48911504034661324
-0.994	0.4914565510831808
-0.993	0.49381531028164677
-0.992	0.4961914940531851
-0.991	0.49858527602526775
-0.99	0.5009968272161004
-0.989	0.5034263159089962
-0.988	0.5058739075267553
-0.987	0.5083397645061142
-0.986	0.5108240461723362
-0.985	0.5133269086140039
-0.984	0.5158485045580856
-0.983	0.5183889832453448
-0.982	0.5209484903061544
-0.981	0.5235271676367955
-0.98	0.5261251532762964
-0.979	0.5287425812838941
-0.978	0.5313795816171789
-0.977	0.5340362800109958
-0.976	0.5367127978571701
-0.975	0.5394092520851316
-0.974	0.5421257550435002
-0.973	0.544862414382712
-0.972	0.5476193329387447
-0.971	0.5503966086180225
-0.97	0.5531943342835639
-0.969	0.5560125976424428
-0.968	0.5588514811346348
-0.967	0.5617110618233122
-0.966	0.5645914112866615
-0.9659363289248455	0.5647755110852014
-0.965	0.567492595511289
-0.964	0.5704146747872825
-0.963	0.5733577036049944
-0.962	0.5763217305536175
-0.961	0.5793067982216151
-0.96	0.582312943099071
-0.959	0.585340195482028
-0.958	0.5883885793788735
-0.957	0.5914581124188406
-0.956	0.5945488057626827
-0.955	0.5976606640155848
-0.954	0.6007936851423741
-0.953	0.6039478603850847
-0.952	0.6071231741829395
-0.951	0.6103196040948047
-0.95	0.6135371207241729
-0.949	0.6167756876467306
-0.948	0.6200352613405651
-0.947	0.6233157911190619
-0.946	0.6266172190665433
-0.945	0.6299394799767023
-0.944	0.6332825012938755
-0.943	0.6366462030572074
-0.942	0.6400304978477453
-0.941	0.6434352907385179
-0.94	0.6468604792476313
-0.939	0.650305953294432
-0.938	0.6537715951587679
-0.937	0.6572572794433948
-0.936	0.6607628730395574
-0.935	0.6642882350957793
-0.934	0.6678332169899031
-0.9330329915368074	0.671279757000504
-0.933	0.6713976623043995
-0.932	0.6749814068049862
-0.931	0.6785842784225743
-0.93	0.6822060972385762
-0.929	0.6858466754735906
-0.928	0.6895058174794924
-0.927	0.6931833197349453
-0.926	0.6968789708443517
-0.925	0.7005925515402617
-0.924	0.7043238346892505
-0.923	0.708072585301277
-0.922	0.7118385605425316
-0.921	0.7156215097517868
-0.92	0.7194211744602472
-0.919	0.7232372884149122
-0.918	0.7270695776054408
-0.917	0.730917760294532
-0.916	0.7347815470518053
-0.915	0.738660640791182
-0.914	0.742554736811763
-0.913	0.7464635228421868
-0.912	0.7503866790884617
-0.911	0.7543238782852565
-0.91	0.7582747857506351
-0.909	0.7622390594442164
-0.908	0.766216350028742
-0.907	0.7702063009350226
-0.906	0.7742085484302501
-0.905	0.7782227216896423
-0.904	0.7822484428713898
-0.903	0.7862853271948818
-0.902	0.7903329830221746
-0.9012504626108303	0.7933736758099075
-0.901	0.7943910119426667
-0.9	0.7984590088609509
-0.899	0.8025365620877956
-0.898	0.8066232534342259
-0.897	0.8107186583086534
-0.896	0.814822345817013
-0.895	0.8189338788658675
-0.894	0.8230528142684217
-0.893	0.8271787028534063
-0.892	0.8313110895767716
-0.891	1.178831635563155
-0.89	1.185457695219025
-0.889	1.1921108896849377
-0.888	1.1987904104357106
-0.887	1.205495430659026
-0.886	1.2122251054986144
-0.885	1.218978572309493
-0.884	1.225754950925158
-0.883	1.2325533439366032
-0.882	1.2393728369830614
-0.881	1.2462124990542895
-0.88	1.2530713828042852
-0.879	1.2599485248762508
-0.878	1.2668429462386337
-0.877	1.273753652532076
-0.876	1.2806796344270583
-0.875	1.2876198679920487
-0.874	1.2945733150719347
-0.873	1.3015389236765207
-0.872	1.308515628378842
-0.871	1.3155023507230688
-0.8705505632961241	1.3186454133739112
-0.87	1.3224979996417288
-0.869	1.3295014718819922
-0.868	1.3365116524407452
-0.867	1.3435274150081624
-0.866	1.3505476224194926
-0.865	1.3575711271147517
-0.864	1.3645967716060177
-0.863	1.3716233889520024
-0.862	1.3786498032395806
-0.861	1.385674830071938
-0.86	1.3926972770629993
-0.859	1.3997159443377847
-0.858	1.4067296250383423
-0.857	1.4137371058348882
-0.856	1.420737167441796
-0.855	1.4277285851380512
-0.854	1.4347101292917934
-0.853	1.441680565888567
-0.852	1.448638657062881
-0.851	1.4555831616326906
-0.85	1.4625128356364017
-0.849	1.469426432871991
-0.848	1.4763227054378405
-0.847	1.4832004042748852
-0.846	1.490058279709641
-0.845	1.496895081997736
-0.844	1.5037095618674907
-0.843	1.510500471063168
-0.842	1.5172665628874533
-0.841	1.524006592742758
-0.8408964152537145	1.52470321759181
-0.84	1.5307193186709334
-0.839	1.537403501890974
-0.838	1.5440579073342955
-0.837	1.550681304177182
-0.836	1.5572724663699897
-0.835	1.5638301731626922
-0.834	1.5703532096263704
-0.833	1.576840367170246
-0.832	1.583290444053853
-0.831	1.5897022458939614
-0.83	1.5960745861658596
-0.829	1.6024062866986175
-0.828	1.6086961781639415
-0.827	1.6149431005582668
-0.826	1.6211459036777023
-0.825	1.6273034475854835
-0.824	1.6334146030715737
-0.823	1.639478252104083
-0.822	1.6454932882721471
-0.821	1.6514586172199623
-0.82	1.6573731570716461
-0.819	1.6632358388466184
-0.818	1.6690456068652013
-0.817	1.6748014191441563
-0.816	1.6805022477818674
-0.815	1.686147079332918
-0.814	1.6917349151717933
-0.813	1.6972647718454654
-0.8122523963562355	1.7013604578132426
-0.812	1.7027356814146257
-0.811	1.708146691783359
-0.81	1.713496867017012
-0.809	1.7187852876481071
-0.808	1.7240110509700748
-0.807	1.7291732713186625
-0.806	1.7342710803408425
-0.805	1.7393036272510831
-0.804	1.7442700790748509
-0.803	1.7491696208792236
-0.802	1.754001455990507
-0.801	1.7587648061987748
-0.8	1.7634589119492434
-0.799	1.7680830325204302
-0.798	1.7726364461890405
-0.797	1.7771184503815498
-0.796	1.7815283618124695
-0.795	1.7858655166092832
-0.794	1.7901292704240643
-0.793	1.7943189985318013
-0.792	1.7984340959154705
-0.791	1.802473977337903
-0.79	1.8064380774005164
-0.789	1.8103258505889888
-0.788	1.8141367713059773
-0.787	1.8178703338909767
-0.786	1.8215260526274535
-0.785	1.8251034617373842
-0.7845840978967507	1.826568149947648
-0.784	1.828602115363344
-0.783	1.8320215875383186
-0.782	1.835361472143402
-0.781	1.8386213828535807
-0.78	1.8418009530717916
-0.779	1.844899835851478
-0.778	1.8479177038078642
-0.777	1.850854249018174
-0.776	1.853709182911067
-0.775	1.8564822361455215
-0.774	1.8591731584794522
-0.773	1.8617817186283365
-0.772	1.864307704114139
-0.771	1.866750921104832
-0.77	1.8691111942448222
-0.769	1.8713883664765998
-0.768	1.8735822988539335
-0.767	1.8756928703469467
-0.766	1.8777199776394147
-0.765	1.8796635349186295
-0.764	1.8815234736581843
-0.763	1.8832997423940476
-0.762	1.8849923064942709
-0.761	1.886601147922732
-0.76	1.8881262649972566
-0.759	1.8895676721425194
-0.758	1.8909253996381037
-0.7578582832551991	1.8911110451179298
-0.757	1.8921994933620914
-0.756	1.8933900145305966
-0.755	1.8944970394336078
-0.754	1.8955206591675506
-0.753	1.8964609793649507
-0.752	1.8973181199215992
-0.751	1.8980922147216055
-0.75	2.6722294021722908
-0.749	2.6736784989836324
-0.748	2.6749859885010245
-0.747	2.676152827420358
-0.746	2.6771800193040427
-0.745	2.678068613027735
-0.744	2.678819701189231
-0.743	2.679434418481693
-0.742	2.6799139400334426
-0.741	2.680259479716558
-0.74	2.6804722884266163
-0.739	2.6805536523359064
-0.738	2.680504891122516
-0.737	2.6803273561777163
-0.736	2.6800224287940786
-0.735	2.6795915183368284
-0.734	2.6790360604009273
-0.733	2.678357514956399
-0.7320428479728127	2.677594122903943
-0.732	2.677557364484452
-0.731	2.6766371121069374
-0.73	2.6755982797117124
-0.729	2.674442406076458
-0.728	2.673171044993524
-0.727	2.671785763398362
-0.726	2.6702881395040867
-0.725	2.668679760944727
-0.724	2.6669622229296728
-0.723	2.665137126411842
-0.722	2.663206076272036
-0.721	2.6611706795219647
-0.72	2.6590325435283497
-0.719	2.656793274260509
-0.718	2.6544544745637886
-0.717	2.6520177424611435
-0.716	2.649484669485154
-0.715	2.6468568390427003
-0.714	2.6441358248144624
-0.713	2.6413231891913713
-0.712	2.638420481750083
-0.711	2.6354292377694537
-0.71	2.632350976789982
-0.709	2.6291872012180724
-0.708	2.62593939497693
-0.7071067811865476	2.622968537304994
-0.707	2.6226090222058165
-0.706	2.6191975260093203
-0.705	2.615706327258237
-0.704	2.6121368234435334
-0.703	2.608490387584846
-0.702	2.6047683671948256
-0.701	2.6009720833005923
-0.7	2.5971028295234637
-0.699	2.593161871218033
-0.698	2.5891504446715725
-0.697	2.585069756364675
-0.696	2.5809209822939194
-0.695	2.5767052673572772
-0.694	2.5724237248028725
-0.693	2.568077435741605
-0.692	2.5636674487240834
-0.691	2.5591947793821554
-0.69	2.554660410135314
-0.689	2.5500652899620677
-0.688	2.5454103342363408
-0.687	2.540696424628835
-0.686	2.5359244090731923
-0.685	2.531095101796719
-0.684	2.5262092834153127
-0.6830201283771977	2.5213677123461746
-0.683	2.5212677010921603
-0.682	2.5162710687596714
-0.681	2.511220067404021
-0.68	2.5061153454115845
-0.679	2.500957518976459
-0.678	2.4957471725681812
-0.677	2.4904848594586557
-0.676	2.48517110230723
-0.675	2.4798063938027726
-0.674	2.474391197361517
-0.673	2.468925947879376
-0.672	2.4634110525373307
-0.671	2.457846891658448
-0.67	2.4522338196149844
-0.669	2.446572165783996
-0.668	2.4408622355497664
-0.667	2.435104311351351
-0.666	2.429298653773425
-0.665	2.423445502678608
-0.664	2.417545078379353
-0.663	2.4115975828474423
-0.662	2.4056032009591086
-0.661	2.3995621017737143
-0.66	2.3934744398439083
-0.6597539553864471	2.3919694822461706
-0.659	2.3873403565551317
-0.658	2.381159981492317
-0.657	2.374933433831566
-0.656	2.3686608237546087
-0.655	2.36234225388377
-0.654	2.355977820735191
-0.653	2.349567616188012
-0.652	2.3431117289672
-0.651	2.336610246137732
-0.65	2.3300632546077895
-0.649	2.323470842638646
-0.648	2.3168331013589185
-0.647	2.3101501262808655
-0.646	2.303422018816397
-0.645	2.296648887790508
-0.644	2.289830850949818
-0.643	2.282968036463953
-0.642	2.2760605844175017
-0.641	2.2691086482903082
-0.64	2.2621123964238903
-0.639	2.2550720134718003
-0.638	2.247987701831775
-0.6372803136596311	2.2428621591747366
-0.637	2.240859683057561
-0.636	2.233688199248338
-0.635	2.2264735144136916
-0.634	2.2192159158121583
-0.633	2.2119157152613793
-0.632	2.204573250417969
-0.631	2.1971888860252475
-0.63	2.151343204858259
-0.629	2.140132650695675
-0.628	2.128868130678368
-0.627	2.1175522625654324
-0.626	2.1061876692271517
-0.625	2.0947769787122597
-0.624	2.0833228243401045
-0.623	2.0718278448158234
-0.622	2.060294684366522
-0.621	2.048725992896445
-0.62	2.0371244261590102
-0.619	2.025492645943582
-0.618	2.0138333202747707
-0.617	2.002149123622043
-0.616	1.9904427371173568
-0.6155722066724582	1.9854287103886037
-0.615	1.978716848778556
-0.614	1.96697415373619
-0.613	1.9552173544614497
-0.612	1.9434491609928874
-0.611	1.9316722911595767
-0.61	1.9198894707984069
-0.609	1.9081034339631762
-0.608	1.8963169231232024
-0.607	1.8845326893491725
-0.606	1.872753492483988
-0.605	1.8609821012963987
-0.604	1.8492212936152685
-0.603	1.8374738564423396
-0.602	1.8257425860414447
-0.601	1.814030288002151
-0.6	1.8023397772758996
-0.599	1.7906738781827523
-0.598	1.7790354243869557
-0.597	1.767427258839592
-0.596	1.7558522336866635
-0.595	1.744313210141072
-0.5946035575013605	1.7397492505583856
-0.594	1.732813058317002
-0.593	1.7213546570253497
-0.592	1.7099408935289113
-0.591	1.6985746632561523
-0.59	1.687258869472482
-0.589	1.6759964229080646
-0.588	1.6647902413413005
-0.587	1.6536432491372293
-0.586	1.6425583767402039
-0.585	1.631538560120323
-0.584	1.6205867401731875
-0.583	1.609705862072707
-0.582	1.5988988745767494
-0.581	1.58816872928559
-0.58	1.5775183798532006
-0.579	1.5669507811515506
-0.578	1.5564688883882078
-0.577	1.5460756561776408
-0.576	1.5357740375667404
-0.575	1.5255669830151943
-0.5743491774985174	1.5189762006418073
-0.574	1.5154574393314584
-0.573	1.5054483485651868
-0.572	1.4955426468570825
-0.571	1.485743263247251
-0.57	1.4760531184432304
-0.569	1.4664751235489972
-0.568	1.4570121787563148
-0.567	1.4476671719999263
-0.566	1.4384429775781644
-0.565	1.4293424547406466
-0.564	1.4203684462448245
-0.563	1.411523776883226
-0.562	1.4028112519833231
-0.561	1.39423365588202
-0.56	1.3857937503768631
-0.559	1.377494273156092
-0.558	1.3693379362097693
-0.557	1.3613274242242537
-0.556	1.3534653929623541
-0.555	1.3457544676315427
-0.5547847360339224	1.344114599190338
-0.554	1.3381972412426693
-0.553	1.3307962729616414
-0.552	1.3235540864565938
-0.551	1.3164731682430855
-0.55	1.3095559660299068
-0.549	1.3028048870680877
-0.548	1.2962222965057317
-0.547	1.2898105157512996
-0.546	1.2835718208479852
-0.545	1.277508440861823
-0.544	1.271622556286166
-0.543	1.2659162974651708
-0.542	1.2603917430389024
-0.541	1.2550509184126715
-0.54	1.2498957942531723
-0.539	1.2449282850139856
-0.538	1.240150247492958
-0.537	1.2355634794239443
-0.536	1.2311697181053514
-0.5358867312681466	1.2306842862992733
-0.535	1.2269706390678763
-0.534	1.2229678547837757
-0.533	1.219162913419955
-0.532	1.215557297637092
-0.531	1.2121524234369532
-0.53	1.506871647813842
-0.529	1.4957828764698753
-0.528	1.4848114143081594
-0.527	1.4739653342650316
-0.526	1.4632526157505374
-0.525	1.4526811363627294
-0.524	1.4422586638706418
-0.523	1.4319928484768292
-0.522	1.4218912153694403
-0.521	1.4119611575728963
-0.52	1.4022099291052963
-0.519	1.3926446384497655
-0.518	1.3832722423460089
-0.5176324619206888	1.3798773599644558
-0.517	1.3740995399074096
-0.516	1.3651331670680722
-0.515	1.3563795913632979
-0.514	1.3478451070460395
-0.513	1.3395358305410086
-0.512	1.3314576962371916
-0.511	1.3236164526186718
-0.51	1.316017658732795
-0.509	1.3086666809938878
-0.508	1.3015686903199237
-0.507	1.2947286595987624
-0.506	1.288151361479816
-0.505	1.2818413664862969
-0.504	1.2758030414424903
-0.503	1.2700405482098498
-0.502	1.2645578427250925
-0.501	1.2593586743328786
-0.5	1.2544465854051203
-0.5	1.2544465854051203
-0.499	1.249824911238456
-0.498	1.245496780220953
-0.497	1.2414651142586768
-0.496	1.237732629452381
-0.495	1.2343018370142191
-0.494	1.2311750444140876
-0.493	1.2283543567449255
-0.492	1.2258416782961101
-0.491	1.223638714323872
-0.49	1.2217469730075405
-0.489	1.2201677675803295
-0.488	1.2189022186233074
-0.487	1.2179512565111907
-0.486	1.2173156239986136
-0.485	1.216995878935593
-0.484	1.2169923971009942
-0.483	1.2173053751429501
-0.48296816446242286	1.2173205373662968
-0.482	1.2179348336153313
-0.481	1.218880620099586
-0.48	1.2201424124014806
-0.479	1.2217197218125353
-0.478	1.2236118964262475
-0.477	1.225818124499493
-0.476	1.2283374378498442
-0.475	1.2311687152798991
-0.474	1.2343106860201083
-0.473	1.237761933181965
-0.472	1.2415208972138694
-0.471	1.2455858793523829
-0.47	1.249955045062056
-0.469	1.2546264274574541
-0.468	1.2595979307014744
-0.467	1.2648673333745237
-0.4665164957684037	1.2675212593770115
-0.466	1.2704322918095956
-0.465	1.2762903433887676
-0.464	1.282438909797116
-0.463	1.288875300230531
-0.462	1.2955967145543772
-0.461	1.302600246410427
-0.46	1.3098828862699445
-0.459	1.3174415244312643
-0.458	1.325272953960641
-0.457	1.3333738735755798
-0.456	1.341740890470282
-0.455	1.350370523083227
-0.454	1.3592592038073106
-0.453	1.3684032816433163
-0.452	1.3777990247978484
-0.451	1.3874426232271777
-0.45062523130541515	1.3911198020156277
-0.45	1.3973301911287563
-0.449	1.4074577693824426
-0.448	1.4178213279437237
-0.447	1.4284167681914735
-0.446	1.439239925232975
-0.445	1.8746183243564685
-0.444	1.8708849092356883
-0.443	1.8672392327740575
-0.442	1.8636942377644437
-0.441	1.860262774860691
-0.44	1.8569575758672157
-0.439	1.8537912276148798
-0.438	1.8507761464861616
-0.437	1.8479245536489626
-0.436	1.845248451054665
-0.435275281648062	1.8434253911762082
-0.435	1.842759598252123
-0.434	1.8404694900652763
-0.433	1.8383893351780167
-0.432	1.8365300356657743
-0.431	1.8349021675091293
-0.43	1.8335159621205748
-0.429	1.832381288911352
-0.428	1.831507638921146
-0.427	1.8309041095292948
-0.426	1.8305793902621295
-0.425	1.8305417497070948
-0.424	1.8307990235404197
-0.423	1.8313586036713723
-0.422	1.8322274285024758
-0.421	1.8334119743016246
-0.42044820762685725	1.8342029751752533
-0.42	1.834918247678663
-0.419	1.836751779155866
-0.418	1.8389176178187578
-0.417	1.8414203270309
-0.416	1.8442639811936847
-0.415	1.847452163529757
-0.414	1.8509879648664609
-0.413	1.8548739833937247
-0.412	1.8591123253689896
-0.411	1.8637046067401979
-0.41	1.8686519556564707
-0.409	1.8739550158349305
-0.408	1.8796139507511325
-0.407	1.8856284486197978
-0.4061261981781178	1.891174413788181
-0.406	1.8919977281319316
-0.405	1.898720544914013
-0.404	1.9057951986746908
-0.403	1.913219541004363
-0.402	1.9209909837931023
-0.401	1.929106508232612
-0.4	1.9375626743682874
-0.399	1.9463556311679335
-0.398	1.955481127074306
-0.397	1.9649345210093514
-0.396	1.974710793798805
-0.395	1.9848045599866935
-0.394	1.9952100800101977
-0.393	2.0059212727063285
-0.3922920489483753	2.0136855889346243
-0.392	2.0169317281228794
-0.391	2.028234720607152
-0.39	2.0398232221470125
-0.389	2.0516899159398743
-0.388	2.0638272101662585
-0.387	2.076227251945572
-0.386	2.088881941452748
-0.385	2.1017829461753195
-0.384	2.1149217152913824
-0.383	2.1282894941497257
-0.382	2.1418773388341834
-0.381	2.155676130794917
-0.38	2.1696765915299676
-0.379	2.1838692973009213
-0.37892914162759955	2.184882013560223
-0.378	2.1982446938669735
-0.377	2.2127931112220187
-0.376	2.2275047783196467
-0.375	2.6928227871534327
-0.374	2.6853147850981447
-0.373	2.6777982434999634
-0.372	2.6703014473819446
-0.371	2.6628524801381808
-0.37	2.655479141681422
-0.369	2.6482088686850953
-0.368	2.641068657203879
-0.367	2.634084987940007
-0.3660214239864063	2.6274273758495266
-0.366	2.627283754404621
-0.365	2.6206901942048195
-0.364	2.6143288236677593
-0.363	2.608223375993351
-0.362	2.6023967431069353
-0.361	2.596870921362894
-0.36	2.5916669612296674
-0.359	2.5868049210661437
-0.358	2.5823038250790584
-0.357	2.5781816255309544
-0.356	2.5744551692485214
-0.355	2.5711401684618993
-0.354	2.568251175986817
-0.3535533905932738	2.567102106719874
-0.353	2.5658015647433676
-0.352	2.563803511587869
-0.351	2.56226798541769
-0.35	2.561204739493129
-0.349	2.5606223079055774
-0.348	2.5605280061071847
-0.347	2.560927935404214
-0.346	2.5618269913041356
-0.345	2.563228875595373
-0.344	2.565136112028382
-0.343	2.5675500654575028
-0.342	2.570470964294655
-0.3415100641885989	2.5720868202895626
-0.341	2.573897926118536
-0.34	2.577828986276388
-0.339	2.582261129309704
-0.338	2.5871903230302884
-0.337	2.5926115550689506
-0.336	2.598518871715645
-0.335	2.6049054188670877
-0.334	2.611763484895728
-0.333	2.6190845452523535
-0.332	2.626859308613551
-0.331	2.635077764384646
-0.33	2.6437292313686016
-0.32987697769322355	2.644822920327952
-0.329	2.652802407411583
-0.328	2.662285419836493
-0.327	2.6721658764766847
-0.326	2.682430917123257
-0.325	2.693067265200784
-0.324	2.7040612794880428
-0.323	2.715399005702198
-0.322	2.727066227767061
-0.321	2.7390485185883633
-0.32	2.7513312901615317
-0.319	2.763899842840238
-0.31864015682981556	2.768489631075247
-0.318	2.776739413596953
-0.317	2.789835223109986
-0.316	2.803172521514973
-0.315	2.5873604979646383
-0.314	2.5930202612757576
-0.313	2.599596975699761
-0.312	2.6070711843010406
-0.311	2.6154229981704042
-0.31	2.624632284238447
-0.309	2.6346788479994876
-0.308	2.6455426099202475
-0.307786103336229	2.6479705206107553
-0.307	2.6572037743461525
-0.306	2.66964298976304
-0.305	2.6828414993229144
-0.304	2.6967812805991387
-0.303	2.711445173598645
-0.302	2.726816996126408
-0.301	2.742881645670125
-0.3	2.759625187050554
-0.299	2.777034925165128
-0.298	2.7950994622387864
-0.29730177875068026	2.8080952960847463
-0.297	2.8138087390863555
-0.296	2.833154059984752
-0.295	2.8531281008505998
-0.294	2.873724900519019
-0.293	2.8949398350221243
-0.292	2.9167695748706253
-0.291	2.9392120254485365
-0.29	2.962266250738798
-0.289	2.985932380706262
-0.288	3.0102115027733127
-0.2871745887492588	3.030714905852448
-0.287	3.0351055379320218
-0.286	3.060617102144535
-0.285	3.08674935378976
-0.284	3.113505828018863
-0.283	3.1408902589838927
-0.282	3.1689063910024164
-0.281	3.1975577798157877
-0.28	3.226847585188786
-0.279	3.256778356183338
-0.278	3.2873518105181163
-0.2773923680169612	3.306243452950729
-0.277	3.318568609498306
-0.276	3.3504281300651506
-0.275	3.382928235572334
-0.274	3.4160650469451923
-0.273	3.449832715918565
-0.272	3.484223202079278
-0.271	3.5192260554590913
-0.27	3.5548282064331875
-0.269	3.5910137646772466
-0.268	3.6277638289226
-0.2679433656340733	3.6298615988534575
-0.267	3.6650563092235293
-0.266	3.70286576341322
-0.265	3.7644805454106187
-0.264	3.7818766615894894
-0.263	3.8006274859083264
-0.262	3.8207437875426793
-0.261	3.8422292653281733
-0.26	3.8650806012676955
-0.259	3.8892875513410012
-0.25881623096034434	3.8938822483686675
-0.258	3.914833071446706
-0.257	3.941693476086038
-0.256	3.969838627204568
-0.255	3.9992321504438104
-0.254	4.02983167592019
-0.253	4.061589100545376
-0.252	4.094450868830023
-0.251	4.128358269073136
-0.25	4.1632477418316105
-0.25	4.1632477418316105
-0.249	4.199051197589151
-0.248	4.235696340600251
-0.247	4.273106995972823
-0.246	4.31120343717133
-0.245	4.349902711269918
-0.244	4.3891189594604505
-0.243	4.428763730521917
-0.242	4.468746285183151
-0.24148408223121143	4.489475743572237
-0.241	4.508973889558035
-0.24	4.549352096098503
-0.239	4.589785010792981
-0.238	4.630175545632998
-0.237	4.670425655675384
-0.236	4.710436560337884
-0.235	4.750108948878485
-0.234	4.78934317031918
-0.23325824788420185	4.818103265855878
-0.233	4.8280394083794
-0.232	4.866097842278439
-0.231	4.903418794546216
-0.23	4.939902867243114
-0.229	4.975451068228679
-0.228	5.0099649293317725
-0.227	5.0433466184576625
-0.226	5.075499047817347
-0.22531261565270758	5.0968371930514875
-0.225	5.106325980577942
-0.224	5.135732138307966
-0.223	5.163623311625392
-0.222	5.329448438639179
-0.221	5.321473764131322
-0.22	5.313219550439856
-0.219	5.304755082496027
-0.218	5.29614317875987
-0.217637640824031	5.2929973233664525
-0.217	5.287440096113495
-0.216	5.278695504025381
-0.215	5.26995252079725
-0.214	5.261247803936934
-0.213	5.252611686114166
-0.212	5.2440683477616705
-0.211	5.235636017187474
-0.21022410381342863	5.229178047356502
-0.21	5.2273271890696735
-0.209	5.219148852411572
-0.208	5.211102719439501
-0.207	5.203185447520573
-0.206	5.195388846951975
-0.205	5.187700068413102
-0.204	5.180101764958828
-0.2030630990890589	5.173045773566205
-0.203	5.172572224645712
-0.202	5.1650854711990934
-0.201	5.157611331521201
-0.2	5.15011547028006
-0.199	5.142559393275581
-0.198	5.134900422721124
-0.197	5.12709164897368
-0.19614602447418766	5.1202661151640045
-0.196	5.1190818645611245
-0.195	5.1108154875591705
-0.194	5.102232482432869
-0.193	5.093268287349506
-0.192	5.083853757665359
-0.191	5.073915135765611
-0.19	5.063374057675919
-0.18946457081379978	5.057453788703848
-0.189	5.052147606851675
-0.188	5.040148425277576
-0.187	5.485798913486832
-0.186	5.423622580261245
-0.185	5.363430582196722
-0.184	5.305522696196952
-0.18301071199320315	5.250746200412227
-0.183	5.250167623087556
-0.182	5.197601595516526
-0.181	5.1480273128269465
-0.18	5.1016131818219295
-0.179	5.058492839276342
-0.178	5.018764930160819
-0.177	4.982493114840266
-0.1767766952966369	4.974869101015244
-0.176	4.949706278962898
-0.175	4.920398921299922
-0.174	4.894531697327167
-0.173	4.872032099721978
-0.172	4.852795261014969
-0.171	4.836684868196249
-0.17075503209429946	4.833196699824893
-0.17	4.823534183919334
-0.169	4.813147173851033
-0.168	4.805299744454707
-0.167	4.799741099842532
-0.166	4.796195230074885
-0.165	4.794362546225359
-0.16493848884661177	4.794298645538467
-0.164	4.79392167949641
-0.163	4.794531462524634
-0.162	4.795833110654966
-0.161	4.797452619332044
-0.16	4.799003390843228
-0.15932007841490778	4.799816647696345
-0.159	4.800089099488754
-0.158	4.8003067989364805
-0.157	5.724167635939014
-0.156	5.714539169012951
-0.155	5.709868241470813
-0.154	5.7096194435497045
-0.1538930516681145	5.709829550300558
-0.153	5.713172376961609
-0.152	5.719829244591037
-0.151	5.728823443353535
-0.15	5.739329098613982
-0.149	5.750471471313133
-0.14865088937534013	5.7543439820786455
-0.148	5.761338158991612
-0.147	5.770990999169037
-0.146	5.778478568229372
-0.145	5.782849151538073
-0.144	5.783164041669055
-0.1435872943746294	5.781896600716659
-0.143	5.778511002256187
-0.142	5.76801771617257
-0.141	5.750865019654133
-0.14	5.726299709833889
-0.139	5.693646703119532
-0.1386961840084806	5.682032715722945
-0.138	5.65232031700815
-0.137	5.601834449195097
-0.136	5.5418114358766575
-0.135	5.471989386364671
-0.134	5.3922278136058415
-0.13397168281703664	5.389824022239827
-0.133	5.302511409673383
-0.132	6.298585016768298
-0.131	6.158572373707327
-0.13	6.018881734247149
-0.12940811548017217	5.936488594049739
-0.129	5.8798382137451295
-0.128	5.7416815671733605
-0.127	5.604568090959644
-0.126	5.468573730088458
-0.125	5.333698442029046
-0.125	5.333698442029046
-0.124	5.199871887933714
-0.123	5.0669605208985935
-0.122	4.934776119315483
-0.121	4.803085770919835
-0.12074204111560571	4.769163298221803
-0.12	4.671623252512033
-0.119	4.540101675752398
-0.118	4.408227186616411
-0.117	4.2757134217470645
-0.11662912394210095	4.226350659500779
-0.116	4.142296346205588
-0.115	4.007749031015911
-0.114	3.8718958817349014
-0.113	3.734625806153516
-0.11265630782635375	3.68711120919874
-0.112	3.595903813599887
-0.111	4.773570349666682
-0.11	4.5733524085383666
-0.109	4.387308708890815
-0.1088188204120155	4.3551194882383575
-0.108	4.215384646949639
-0.107	4.057180808841569
-0.106	3.911985741243494
-0.10511205190671431	3.793174609898868
-0.105	3.7788143861560513
-0.104	3.6564513966048695
-0.103	3.543498586824899
-0.102	3.4384257407565233
-0.10153154954452945	3.391460810720547
-0.101	3.339623905168327
-0.1	3.245460139834333
-0.099	3.154332509271711
-0.09807301223709386	3.0712460089046534
-0.098	3.0647239087372022
-0.097	2.975253155413968
-0.096	2.884721677243874
-0.095	2.7921541248982202
-0.09473228540689986	2.7669282581375514
-0.094	2.6968313364074943
-0.093	4.141511549453358
-0.092	3.9487601436804876
-0.09150535599660158	3.8618445084457402
-0.091	3.7786136809145168
-0.09	3.629660997382498
-0.089	3.4998537437381207
-0.08838834764831845	3.428811288382641
-0.088	3.3866294904636858
-0.087	3.2870456641007797
-0.086	3.197920753527901
-0.08537751604714973	3.1462771150597333
-0.085	3.1159792581338315
-0.084	3.037996568424127
-0.083	2.960939475225259
-0.08246924442330592	2.9194717202130382
-0.082	2.8820974605719107
-0.081	2.7991995252177952
-0.08	2.71051123919779
-0.07966003920745386	2.6788230249156912
-0.079	2.6149071030297537
-0.078	3.60930536015542
-0.077	3.439104467158811
-0.07694652583405726	3.430464696611466
-0.076	3.2839658278487573
-0.075	3.139654058626382
-0.07432544468767006	3.0463277816184604
-0.074	3.002033341290084
-0.073	2.8673365960623434
-0.072	2.7323923082887234
-0.0717936471873147	2.704280091516744
-0.071	2.594801045633427
-0.07	2.453055837183733
-0.06934809200424033	2.3581108377427302
-0.069	2.3066028712645474
-0.068	2.1558417294353465
-0.067	2.0020677238995472
-0.0669858414085183	1.9998780699079894
-0.066	2.9914700032515897
-0.065	2.7096405224475664
-0.06470405774008609	2.6341749803279613
-0.064	2.4681146115090264
-0.063	2.2616253312135424
-0.0625	2.1695904661949243
-0.062	2.083942414905014
-0.061	1.9285774738636134
-0.06037102055780286	1.839514832357191
-0.06	1.7894231882963485
-0.059	1.6612883424798746
-0.05831456197105048	1.5777597316848677
-0.058	1.5402985607080604
-0.057	1.4241424047518858
-0.05632815391317687	1.3484191327415722
-0.056	1.3121552258407791
-0.055	2.259940658786945
-0.05440941020600775	2.103108339140446
-0.054	2.0070233943755564
-0.053	1.8097729815062225
-0.052556025953357156	1.736546458307103
-0.052	1.6547764718404587
-0.051	1.5289658651403528
-0.050765774772264724	1.502455099221376
-0.05	1.4211298342796592
-0.04903650611854693	1.3264726835945175
-0.049	1.3229952954916149
-0.048	1.2298361682987469
-0.04736614270344993	1.1727420808635942
-0.047	1.1406106173220414
-0.046	2.074663291579431
-0.04575267799830079	1.9967026043022282
-0.045	1.7946544703463878
-0.04419417382415922	1.6268162275023454
-0.044	1.5923327499772852
-0.043	1.4414178787881053
-0.042688758023574865	1.40130485535371
-0.042	1.3199000314207336
-0.04123462221165296	1.2370776861408737
-0.041	1.2127105150848412
-0.04	1.1127962962287254
-0.03983001960372693	1.0964781971546527
-0.039	1.657369261813641
-0.03847326291702863	1.502161814686596
-0.038	1.384720931554448
-0.03716272234383503	1.2167304233081424
-0.037	1.1887706194144712
-0.036	1.040968708207793
-0.03589682359365735	1.027623747533021
-0.035	0.9229949988288249
-0.034674046002120165	0.8895507065915995
-0.034	0.828176151582605
-0.03349292070425915	0.7898308569531911
-0.033	1.2821954007592176
-0.03235202887004304	1.0552316505325556
-0.032	0.9587944405705969
-0.03125	0.8023494748927469
-0.031	0.7621413990416903
-0.03018551027890143	0.6619868700341222
-0.03	0.6446535469821935
-0.02915728098552524	0.5869933082044844
-0.029	0.5798738071953988
-0.028164076956588437	0.5622614986087923
-0.028	0.5631976703719415
-0.027204705103003875	0.8187961368368166
-0.027	0.7604523163402843
-0.026278012976678578	0.6156830215588731
-0.026	0.580142684381832
-0.025382887386132362	0.5309405111526263
-0.025	0.5173710076933756
-0.024518253059273465	0.5164724477358991
-0.024	0.5357437054958879
-0.023683071351724965	0.5589022599155313
-0.023	0.7423869283857398
-0.022876338999150394	0.6938191075141316
-0.02209708691207961	0.4915213129178134
-0.022	0.47630384244125407
-0.021344379011787432	0.4146627019376023
-0.021	0.40599181251732197
-0.02061731110582648	0.4129425117893716
-0.02	0.4616831280732857
-0.019915009801863465	0.4723658869927562
-0.019236631458514314	0.4489632765949685
-0.019	0.39422754760016065
-0.018581361171917516	0.33809816207993126
-0.018	0.3277964128370826
-0.017948411796828673	0.33014635148859944
-0.017337023001060083	0.3967363551974685
-0.017	0.4659654305059409
-0.016746460352129577	0.5355371996754917
-0.01617601443502152	0.2966050076538421
-0.016	0.26105013714078507
-0.015625	0.2286702059666288
-0.015092755139450714	0.2656710192888824
-0.015	0.2811412087562757
-0.01457864049276262	0.38601050281697713
-0.014082038478294218	0.5924420726795921
-0.014	0.6367157892733809
-0.013602352551501938	0.27395579717472096
-0.013139006488339289	0.2614005764964686
-0.013	0.28233023802320195
-0.012691443693066181	0.36556281050086786
-0.012259126529636732	0.5707759407856444
-0.012	0.7506814026449269
-0.011841535675862483	0.8853911818124611
-0.011438169499575197	0.3031890849675533
-0.011048543456039806	0.3004477485853609
-0.011	0.3085612065261508
-0.010672189505893716	0.4073423934447187
-0.01030865555291324	0.6113185545448289
-0.01	0.8794214428439103
-0.009957504900931733	0.9245076085849844
-0.009618315729257157	0.36608257787983645
-0.009290680585958758	0.4401350078837194
-0.009	0.6083587127986738
-0.008974205898414337	0.6282321844159362
-0.008668511500530041	0.9351187982009964
-0.008373230176064788	1.3822625625284515
-0.00808800721751076	0.628233446782875
-0.008	0.6444143174053195
-0.0078125	0.7182892061825694
-0.007546377569725352	0.9272596754821204
-0.00728932024638131	1.2814079594199346
-0.007041019239147109	1.8174892814145494
-0.007	1.928424293381384
-0.006801176275750973	0.9414439739304467
-0.0065695032441696445	1.0722853260717216
-0.006345721846533087	1.3624806113331869
-0.006129563264818366	1.847177033905756
-0.006	2.2599058211903635
-0.005920767837931241	2.5650392589294717
-0.005719084749787602	1.280164782041148
-0.005524271728019903	1.3034325551376422
-0.005336094752946855	1.504467658996107
-0.00515432777645662	1.9261859565816695
-0.005	2.5071696520978426
-0.004978752450465866	2.6054984153243845
-0.004809157864628582	1.4097103981948629
-0.004645340292979379	1.5528911652553727
-0.004487102949207166	1.91870591396424
-0.004334255750265021	2.549902150141783
-0.004186615088032394	3.4793807146766316
-0.004044003608755383	1.7072030772182338
-0.004	1.7211755626559995
-0.00390625	1.850977966726063
-0.003773188784862676	2.3111404796682775
-0.003644660123190655	3.12197796999421
-0.0035205096195735546	4.303850550576904
-0.0034005881378754866	2.097744471982264
-0.0032847516220848223	2.376344711270234
-0.0031728609232665435	3.0497229062652482
-0.003064781632409183	4.133373603931103
-0.003	5.006043901918879
-0.0029603839189656206	5.626852940283182
-0.002859542374893801	2.0371336093082224
-0.0027621358640099515	2.2387650949452187
-0.0026680473764734273	2.8669305015614728
-0.00257716388822831	3.909037146599075
-0.002489376225232933	5.3523644777126655
-0.002404578932314291	2.206038431674791
-0.0023226701464896895	2.6856450314886033
-0.002243551474603583	3.5975520981213
-0.0021671278751325103	4.932305867712943
-0.002093307544016197	6.678431606339196
-0.0020220018043776915	2.265362073834847
-0.002	2.4395675849178646
-0.001953125	2.982210095513387
-0.001886594392431338	4.169377178509281
-0.0018223300615953274	5.8139746772544365
-0.0017602548097867773	7.909598291807537
-0.0017002940689377433	2.7621070425888345
-0.0016423758110424111	3.748148212863982
-0.0015864304616332718	5.240991745393449
-0.0015323908162045916	7.211155258090929
-0.0014801919594828103	9.631934836914466
-0.0014297711874469005	2.5376097314383532
-0.0013810679320049757	3.4789406922774853
-0.0013340236882367136	4.8826624995552805
-0.001288581944114155	6.7200913025320546
-0.0012446881126164666	8.971907095604838
-0.0012022894661571455	2.874971164892478
-0.0011613350732448448	4.027485440112405
-0.0011217757373017914	5.633480952676488
-0.0010835639375662552	7.672582814525296
-0.0010466537720080985	10.12690919533601
-0.0010110009021888457	3.104104627732974
-0.001	3.4861701097084574
-0.0009765625	4.478696422523988
-0.000943297196215669	6.329433037680027
-0.0009111650307976637	8.653380544037091
-0.0008801274048933886	11.440225947381053
-0.0008501470344688716	3.750564220397365
-0.0008211879055212056	5.387696952779597
-0.0007932152308166359	7.52450941440129
-0.0007661954081022958	10.138045716168074
-0.0007400959797414052	13.191291176671907
-0.0007148855937234502	3.442572132175566
-0.0006905339660024879	4.927045317826705
-0.0006670118441183568	6.854277970055474
-0.0006442909720570775	9.20615271408283
-0.0006223440563082333	11.954758615164657
-0.0006011447330785727	3.742386618619795
-0.0005806675366224224	5.3430370294902385
-0.0005608878686508957	7.38073285458743
-0.0005417819687831276	9.841043596898666
-0.0005233268860040493	12.697696368531327
-0.0005055004510944229	4.002863501348398
-0.00048828125	5.763259594141341
-0.0004716485981078345	8.001395244304502
-0.00045558251539883185	10.71186903434693
-0.0004400637024466943	13.869793522498664
-0.0004250735172344358	4.607764852914452
-0.0004105939527606028	6.5910468770673925
-0.00039660761540831794	9.071237124317788
-0.0003830977040511479	12.019449682498426
-0.0003700479898707026	15.382002675205412
-0.0003574427968617251	4.198634195202496
-0.00034526698300124393	5.955401265876278
-0.0003335059220591784	8.142924082880098
-0.00032214548602853873	10.73618581771929
-0.00031117202815411665	13.69328482105875
-0.00030057236653928637	4.29230463507364
-0.0002903337683112112	6.085184831621265
-0.00028044393432544786	8.305738502915595
-0.0002708909843915638	10.935700222520138
-0.00026166344300202464	13.939763417111752
-0.00025275022554721143	4.502673833917524
-0.000244140625	6.425366193563762
-0.00023582429905391725	8.821056245122291
-0.00022779125769941593	11.677710365345796
-0.00022003185122334716	14.960561407672127
-0.0002125367586172179	5.036201404020968
-0.0002052969763803014	7.155780535239199
-0.00019830380770415897	9.76541230729015
-0.00019154885202557394	12.829337817702408
-0.0001850239949353513	16.283983011650392
-0.00017872139843086256	4.568039121672773
-0.00017263349150062197	6.426792729632423
-0.0001667529610295892	8.703073537054774
-0.00016107274301426937	11.365736937963064
-0.00015558601407705832	14.365514427758987
-0.00015028618326964319	4.510683780144326
-0.0001451668841556056	6.361245174584174
-0.00014022196716272393	8.629491195812278
-0.0001354454921957819	11.293799453257124
-0.00013083172150101232	14.314377482779554
-0.00012637511277360572	4.695015484491457
-0.0001220703125	6.66335447247536
-0.00011791214952695862	9.09422657545601
-0.00011389562884970796	11.971260720533229
-0.00011001592561167358	15.255034970665488
-0.00010626837930860896	5.1530253068990675
-0.0001026484881901507	7.296420211337521
-9.915190385207948e-5	9.91888479195375
-9.577442601278697e-5	12.981542115416243
-9.251199746767564e-5	16.417273423065012
-8.936069921543128e-5	4.663766091408906
-8.631674575031098e-5	6.535311432036834
-8.33764805147946e-5	8.811505094194278
-8.053637150713468e-5	11.458619326664602
-7.779300703852916e-5	14.424858610866794
-7.514309163482159e-5	4.539274908772914
-7.25834420778028e-5	6.383611540999138
-7.011098358136196e-5	8.633822649151647
-6.772274609789095e-5	11.266765119273385
-6.541586075050616e-5	14.241313057597125
-6.318755638680286e-5	4.68619728376232
-6.103515625e-5	6.637742786514735
-5.895607476347931e-5	9.040458223913776
-5.694781442485398e-5	11.876887903044187
-5.500796280583679e-5	15.10680397476337
-5.313418965430448e-5	5.122272005578074
-5.132424409507535e-5	7.242742409548076
-4.957595192603974e-5	9.830817699419043
-4.7887213006393486e-5	12.846894520206785
-4.625599873383782e-5	16.22343805238099
-4.468034960771564e-5	4.621551667270114
-4.315837287515549e-5	6.466746143651748
-4.16882402573973e-5	8.705553889770005
-4.026818575356734e-5	11.30399788174765
-3.889650351926458e-5	14.210388369815234
-3.7571545817410796e-5	4.483171185095724
-3.62917210389014e-5	6.298103043284296
-3.505549179068098e-5	8.508686656537181
-3.3861373048945474e-5	11.09157298213686
-3.270793037525308e-5	14.0057694032014
-3.159377819340143e-5	4.612731478443965
-3.0517578125e-5	6.529110331427517
-2.9478037381739656e-5	8.885955685372139
-2.8473907212426957e-5	11.665711064769352
-2.750398140291843e-5	14.828496232401125
-2.656709482715224e-5	5.031501853627923
-2.5662122047537674e-5	7.111468359678
-2.478797596301987e-5	9.648157367992505
-2.3943606503196716e-5	12.60234623308643
-2.312799936691894e-5	15.907386794853
-2.234017480385782e-5	4.530042300875252
-2.1579186437577746e-5	6.336036249950275
-2.084412012869865e-5	8.525723435793164
-2.0134092876783644e-5	11.065642085356052
-1.9448251759632314e-5	13.905050038036837
-1.8785772908705398e-5	4.380622763235199
-1.81458605194507e-5	6.153698778998754
-1.752774589534049e-5	8.313189514203488
-1.6930686524472717e-5	10.836189847041814
-1.635396518762656e-5	13.682582530708352
-1.5796889096700715e-5	4.500178435820321
-1.52587890625e-5	6.370118323371157
-1.4739018690869828e-5	8.670057082600247
-1.4236953606213478e-5	11.38258620248306
-1.3751990701459215e-5	14.468402791132807
-1.328354741357612e-5	4.896259347073225
-1.2831061023768837e-5	6.918845087118963
-1.2393987981509936e-5	9.384671181320746
-1.1971803251598358e-5	12.254791867631575
-1.156399968345947e-5	15.463718408250728
-1.117008740192891e-5	4.334808729142088
-1.0789593218788873e-5	6.067522707544732
-1.0422060064349325e-5	8.171045220441371
-1.0067046438391822e-5	10.613557644685685
-9.724125879816157e-6	13.346698008308744
-9.392886454352699e-6	4.1822304792352645
-9.07293025972535e-6	5.881645165834889
-8.763872947670246e-6	7.954428700935256
-8.465343262236358e-6	10.379267308193816
-8.17698259381328e-6	13.118209073304884
-7.898444548350357e-6	4.294662416563863
-7.62939453125e-6	6.086091885654408
-7.369509345434914e-6	8.292794457095994
-7.118476803106739e-6	10.89891210607805
-6.875995350729607e-6	13.867553114657836
-6.64177370678806e-6	4.673041544349471
-6.4155305118844185e-6	6.611829453528061
-6.196993990754968e-6	8.979708431257894
-5.985901625799179e-6	11.740288017761126
-5.781999841729735e-6	14.831497472792448
-5.585043700964455e-6	4.148296034513616
-5.3947966093944364e-6	5.8116369375916745
-5.211030032174663e-6	7.833736824031277
-5.033523219195911e-6	10.18446275965425
-4.8620629399080785e-6	12.817763895939567
-4.6964432271763496e-6	3.998347970700805
-4.536465129862675e-6	5.629052270154263
-4.381936473835123e-6	7.6208446972354515
-4.232671631118179e-6	9.953852775642824
-4.08849129690664e-6	12.592120305859167
-3.949222274175179e-6	4.105874407058784
-3.814697265625e-6	5.8245347620329335
-3.684754672717457e-6	7.944531725010412
-3.5592384015533696e-6	10.451331569858118
-3.4379976753648036e-6	13.310158132245151
-3.32088685339403e-6	4.468355949665616
-3.2077652559422093e-6	6.328975944429218
-3.098496995377484e-6	8.6048466109898
-2.9929508128995895e-6	11.261809157827098
-2.8909999208648673e-6	14.240902775037647
-2.7925218504822275e-6	3.970676036102507
-2.6973983046972182e-6	5.567977944635692
-2.6055150160873313e-6	7.5125575218916625
-2.5167616095979554e-6	9.775914218136695
-2.4310314699540393e-6	12.314207558399495
-2.3482216135881748e-6	3.8255792720644832
-2.2682325649313374e-6	5.391341957892244
-2.1909682369175614e-6	7.306438729592587
-2.1163358155590896e-6	9.552327118381978
-2.04424564845332e-6	12.094916141670748
-1.9746111370875893e-6	3.929179024494487
-1.9073486328125e-6	5.579263283617436
-1.8423773363587285e-6	7.617323188436144
-1.7796192007766848e-6	10.030008779180605
-1.7189988376824018e-6	12.784471128360705
-1.660443426697015e-6	4.276878455438883
-1.6038826279711046e-6	6.06359925125083
-1.549248497688742e-6	8.252093643694542
-1.4964754064497947e-6	10.810233937609603
-1.4454999604324336e-6	13.6819560500007
-1.3962609252411138e-6	3.8016147554814728
-1.3486991523486091e-6	5.335949104166038
-1.3027575080436657e-6	7.206522327213938
-1.2583808047989777e-6	9.38640222844692
-1.2155157349770196e-6	11.833857480475775
-1.1741108067940874e-6	3.662222693898663
-1.1341162824656687e-6	5.166256410666716
-1.0954841184587807e-6	7.008319502468386
-1.0581679077795448e-6	9.171107094828159
-1.02212282422666e-6	11.62228363239437
-9.873055685437947e-7	3.762374005948513
-9.5367431640625e-7	5.347364632546627
-9.211886681793642e-7	7.307480296066781
-8.898096003883424e-7	9.630451971912278
-8.594994188412009e-7	12.285218928245541
-8.302217133485075e-7	4.096121737063822
-8.019413139855523e-7	5.8125730056613225
-7.74624248844371e-7	7.917728052405257
-7.482377032248974e-7	10.381337445429219
-7.227499802162168e-7	13.150058442501027
-6.981304626205569e-7	3.640564022877647
-6.743495761743046e-7	5.114718880199701
-6.513787540218328e-7	6.914452863541326
-6.291904023994889e-7	9.01432802352557
-6.077578674885098e-7	11.374622672685142
-5.870554033970437e-7	3.5070915855100733
-5.670581412328344e-7	4.952212692321914
-5.477420592293904e-7	6.724453299510536
-5.290839538897724e-7	8.807665500211113
-5.1106141211333e-7	11.171173196034012
-4.936527842718973e-7	3.604049698222984
-4.76837158203125e-7	5.126957201896952
-4.605943340896821e-7	7.012597358964594
-4.449048001941712e-7	9.249699286433339
-4.2974970942060045e-7	11.808878710097897
-4.1511085667425373e-7	3.924523796468452
-4.0097065699277616e-7	5.573889740089215
-3.873121244221855e-7	7.599298194089415
-3.741188516124487e-7	9.972252647450315
-3.613749901081084e-7	12.641981401619379
-3.4906523131027844e-7	3.4869646798917024
-3.371747880871523e-7	4.903496795622856
-3.256893770109164e-7	6.635289483361968
-3.1459520119974443e-7	8.65832270238348
-3.038789337442549e-7	10.934789194671389
-2.9352770169852185e-7	3.3593435052022347
-2.835290706164172e-7	4.748089821944506
-2.738710296146952e-7	6.453404219928209
-2.645419769448862e-7	8.460223705333656
-2.55530706056665e-7	10.739445503300258
-2.4682639213594866e-7	3.4532631075349567
-2.384185791015625e-7	4.916780524749801
-2.3029716704484106e-7	6.731058788540215
-2.224524000970856e-7	8.88575467037204
-2.1487485471030023e-7	11.35306508974349
-2.0755542833712687e-7	3.761055950551454
-2.0048532849638808e-7	5.346211586469935
-1.9365606221109274e-7	7.2951461152025265
-1.8705942580622434e-7	9.581008166433325
-1.806874950540542e-7	12.15546401605503
-1.7453261565513922e-7	3.3403219650602365
-1.6858739404357614e-7	4.70160815145138
-1.628446885054582e-7	6.368153441024924
-1.5729760059987222e-7	8.317281154016392
-1.5193946687212745e-7	10.51300823829014
-1.4676385084926092e-7	3.218366178144321
-1.417645353082086e-7	4.553076120466718
-1.369355148073476e-7	6.194136794477456
-1.322709884724431e-7	8.127504472945988
-1.277653530283325e-7	10.3255707439101
-1.2341319606797433e-7	3.3093568249906276
-1.1920928955078125e-7	4.715956623822797
-1.1514858352242053e-7	6.4617392330885455
-1.112262000485428e-7	8.537226671762227
-1.0743742735515011e-7	10.916112308763362
-1.0377771416856343e-7	3.6050085993643766
-1.0024266424819404e-7	5.128608489095879
-9.682803110554637e-8	7.004107975639818
-9.352971290311217e-8	9.206204798832998
-9.03437475270271e-8	11.688882248670346
-8.726630782756961e-8	3.200214292387229
-8.429369702178807e-8	4.508489244599208
-8.14223442527291e-8	6.112322645888972
-7.864880029993611e-8	7.990309811806333
-7.596973343606373e-8	10.108206440038787
-7.338192542463046e-8	3.083694421098124
-7.08822676541043e-8	4.3665570863781795
-6.84677574036738e-8	5.945870077988864
-6.613549423622155e-8	7.808548254964217
-6.388267651416625e-8	9.928404051704469
-6.170659803398717e-8	3.1718453457724856
-5.960464477539063e-8	4.523838098505811
-5.7574291761210265e-8	6.203809598101028
-5.56131000242714e-8	8.203090390047795
-5.371871367757506e-8	10.496792742357012
-5.188885708428172e-8	3.4558606243220376
-5.012133212409702e-8	4.920393758277835
-4.8414015552773186e-8	6.725318562962502
-4.6764856451556086e-8	8.846794202152145
-4.517187376351355e-8	11.241008942540164
-4.3633153913784805e-8	3.066279911254986
-4.2146848510894035e-8	4.323661775551031
-4.071117212636455e-8	5.867190370286364
-3.9324400149968054e-8	7.676665153262768
-3.7984866718031864e-8	9.71949945239567
-3.669096271231523e-8	2.954955033707365
-3.544113382705215e-8	4.188041106023381
-3.42338787018369e-8	5.707981159778414
-3.3067747118110775e-8	7.502591999925859
-3.1941338257083125e-8	9.547037747356704
-3.085329901699358e-8	3.040346146600296
-2.9802322387695312e-8	4.339915622306999
-2.8787145880605133e-8	5.956618247600312
-2.78065500121357e-8	7.882540690779128
-2.685935683878753e-8	10.094141892849922
-2.594442854214086e-8	3.3132022056130856
-2.506066606204851e-8	4.72102537006778
-2.4207007776386593e-8	6.458091658707825
-2.3382428225778043e-8	8.501940329762709
-2.2585936881756776e-8	10.810859572497082
-2.1816576956892402e-8	2.938201025698322
-2.1073424255447017e-8	4.1467081429628125
-2.0355586063182276e-8	5.6322297566881305
-1.9662200074984027e-8	7.375705087689559
-1.8992433359015932e-8	9.346127911678831
-1.8345481356157615e-8	2.8318324112965243
-1.7720566913526073e-8	4.017113165004833
-1.711693935091845e-8	5.47994517285421
-1.6533873559055387e-8	7.208993995160225
-1.5970669128541563e-8	9.180709958980321
-1.542664950849679e-8	2.9145391100423454
-1.4901161193847656e-8	4.163763366487226
-1.4393572940302566e-8	5.719620710077125
-1.390327500606785e-8	7.57490504941503
-1.3429678419393764e-8	9.707354032179408
-1.297221427107043e-8	3.1766902965033306
-1.2530333031024255e-8	4.530048451341812
-1.2103503888193296e-8	6.201849469953932
-1.1691214112889021e-8	8.17093655930999
-1.1292968440878388e-8	10.397598580521198
-1.0908288478446201e-8	2.8156913862637696
-1.0536712127723509e-8	3.977253308992278
-1.0177793031591138e-8	5.406968871441068
-9.831100037492013e-9	7.086856002135902
-9.496216679507966e-9	8.987415361224205
-9.172740678078808e-9	2.714048042432684
-8.860283456763037e-9	3.8534072785960625
-8.558469675459224e-9	5.26129962081845
-8.266936779527694e-9	6.9271892577288465
-7.985334564270781e-9	8.828750492418743
-7.713324754248396e-9	2.7941432730221685
-7.450580596923828e-9	3.9950076825146787
-7.196786470151283e-9	5.492339268627539
-6.951637503033925e-9	7.279593337055826
-6.714839209696882e-9	9.335721910728246
-6.486107135535215e-9	3.04602349617786
-6.2651665155121274e-9	4.347062588663682
-6.051751944096648e-9	5.956082176686177
-5.845607056444511e-9	7.853157737424729
-5.646484220439194e-9	10.0004846207977
-5.454144239223101e-9	2.698487915013611
-5.268356063861754e-9	3.8149529232422843
-5.088896515795569e-9	5.190974738393843
-4.915550018746007e-9	6.8095920931622675
-4.748108339753983e-9	8.642742340728187
-4.586370339039404e-9	2.6013486267306245
-4.430141728381518e-9	3.696590532812534
-4.279234837729612e-9	5.051623759845269
-4.133468389763847e-9	6.656663793633368
-3.992667282135391e-9	8.490549647850436
-3.856662377124198e-9	2.6789037347596727
-3.725290298461914e-9	3.833309457413882
3.725290298461914e-9	19.811205602565867
3.856662377124198e-9	16.76343203550876
3.992667282135391e-9	26.145690610280333
4.133468389763847e-9	23.549993310528613
4.279234837729612e-9	20.80185410594032
4.430141728381518e-9	17.961069873786943
4.586370339039404e-9	15.101334202388756
4.748108339753983e-9	24.97300564670184
4.915550018746007e-9	22.61334557402753
5.088896515795569e-9	20.086552677553733
5.268356063861754e-9	17.438446920798285
5.454144239223101e-9	14.736200795198918
5.646484220439194e-9	27.699335123496823
5.845607056444511e-9	25.657028134695125
6.051751944096648e-9	23.324483602843415
6.2651665155121274e-9	20.729605112654205
6.486107135535215e-9	17.932483014077473
6.714839209696882e-9	28.77762376346101
6.951637503033925e-9	26.267455617993004
7.196786470151283e-9	23.44749547606024
7.450580596923828e-9	20.405017957592595
7.713324754248396e-9	17.25371421481318
7.985334564270781e-9	26.967675528554835
8.266936779527694e-9	24.277414099568134
8.558469675459224e-9	21.431519643292525
8.860283456763037e-9	18.492301068217923
9.172740678078808e-9	15.536339620282215
9.496216679507966e-9	25.756056461620396
9.831100037492013e-9	23.309464709573327
1.0177793031591138e-8	20.69193448237911
1.0536712127723509e-8	17.951449136606676
1.0908288478446201e-8	15.157927056807377
1.1292968440878388e-8	28.581458122436704
1.1691214112889021e-8	26.461830379882407
1.2103503888193296e-8	24.043535288873805
1.2530333031024255e-8	21.35612421960053
1.297221427107043e-8	18.462371317953295
1.3429678419393764e-8	29.690196820651984
1.390327500606785e-8	27.086172904775392
1.4393572940302566e-8	24.16411821223134
1.4901161193847656e-8	21.014984674524747
1.542664950849679e-8	17.756784636315246
1.5970669128541563e-8	27.81382969358689
1.6533873559055387e-8	25.025604052346512
1.711693935091845e-8	22.078556716880144
1.7720566913526073e-8	19.037610858990977
1.8345481356157615e-8	15.982342247317403
1.8992433359015932e-8	26.561996167433975
1.9662200074984027e-8	24.025311041406937
2.0355586063182276e-8	21.313861094452854
2.1073424255447017e-8	18.477888286283697
2.1816576956892402e-8	15.590161687921405
2.2585936881756776e-8	29.490026276611186
2.3382428225778043e-8	27.290185926738033
2.4207007776386593e-8	24.783052514582984
2.506066606204851e-8	21.99990835718515
2.594442854214086e-8	19.006323365386113
2.685935683878753e-8	30.62993994311986
2.78065500121357e-8	27.92859908346704
2.8787145880605133e-8	24.90083841412822
2.9802322387695312e-8	21.64143632879563
3.085329901699358e-8	18.272882236886257
3.1941338257083125e-8	28.684725157288476
3.3067747118110775e-8	25.795025522615955
3.42338787018369e-8	22.743323786665893
3.544113382705215e-8	19.597263261709468
3.669096271231523e-8	16.439524302743404
3.7984866718031864e-8	27.39135328274135
3.9324400149968054e-8	24.761309319774167
4.071117212636455e-8	21.952658837383282
4.2146848510894035e-8	19.018001158716075
4.3633153913784805e-8	16.03306404916076
4.517187376351355e-8	30.42563760244344
4.6764856451556086e-8	28.142603286368836
4.8414015552773186e-8	25.54345512254984
5.012133212409702e-8	22.661292117036417
5.188885708428172e-8	19.56459471454493
5.371871367757506e-8	31.597466067683857
5.56131000242714e-8	28.79524547007635
5.7574291761210265e-8	25.658066684127725
5.960464477539063e-8	22.284688277579654
6.170659803398717e-8	18.802236846944385
6.388267651416625e-8	29.58089998369446
6.613549423622155e-8	26.586112151091193
6.84677574036738e-8	23.426155959398542
7.08822676541043e-8	20.171504271613674
7.338192542463046e-8	16.908055083792608
7.596973343606373e-8	28.244617171239337
7.864880029993611e-8	25.517849145877953
8.14223442527291e-8	22.608623336430362
8.429369702178807e-8	19.571998622418494
8.726630782756961e-8	16.486772504086506
9.03437475270271e-8	31.388797705306537
9.352971290311217e-8	29.019512583127995
9.682803110554637e-8	26.325101062135214
1.0024266424819404e-7	23.34056592576124
1.0377771416856343e-7	20.13741418790903
1.0743742735515011e-7	32.593307607214676
1.112262000485428e-7	29.686562610506623
1.1514858352242053e-7	26.43617131839672
1.1920928955078125e-7	22.945029824789355
1.2341319606797433e-7	19.345065690439206
1.277653530283325e-7	30.502822787204778
1.322709884724431e-7	27.399241359020635
1.369355148073476e-7	24.12734496905611
1.417645353082086e-7	20.760548669265184
1.4676385084926092e-7	17.3880836897414
1.5193946687212745e-7	29.122195808097423
1.5729760059987222e-7	26.29524903399231
1.628446885054582e-7	23.281989872617654
1.6858739404357614e-7	20.140042082514483
1.7453261565513922e-7	16.951386583185442
1.806874950540542e-7	32.37982481982064
1.8705942580622434e-7	29.921188211825573
1.9365606221109274e-7	27.128228726863156
2.0048532849638808e-7	24.037938651568606
2.0755542833712687e-7	20.72496560790314
2.1487485471030023e-7	33.61784031078656
2.224524000970856e-7	30.602886886626937
2.3029716704484106e-7	27.235445443423636
2.384185791015625e-7	23.622708695464485
2.4682639213594866e-7	19.90157145758507
2.55530706056665e-7	31.45082939662655
2.645419769448862e-7	28.234685873367674
2.738710296146952e-7	24.84710458931732
2.835290706164172e-7	21.36455800593135
2.9352770169852185e-7	17.879727819708112
3.038789337442549e-7	30.02433537360445
3.1459520119974443e-7	27.09368729861326
3.256893770109164e-7	23.97287562251895
3.371747880871523e-7	20.72219682939682
3.4906523131027844e-7	17.42693084747203
3.613749901081084e-7	33.39866966223246
3.741188516124487e-7	30.847604044741395
3.873121244221855e-7	27.952851455087497
4.0097065699277616e-7	24.753472296811793
4.1511085667425373e-7	21.327360066017384
4.2974970942060045e-7	34.67114773071407
4.449048001941712e-7	31.544349232841835
4.605943340896821e-7	28.05605504611327
4.76837158203125e-7	24.31791164406325
4.936527842718973e-7	20.471947855081016
5.1106141211333e-7	32.42501093118383
5.290839538897724e-7	29.09252912515452
5.477420592293904e-7	25.585511403394534
5.670581412328344e-7	21.983604217620954
5.870554033970437e-7	18.383056905445496
6.077578674885098e-7	30.95096622491254
6.291904023994889e-7	27.91306764265974
6.513787540218328e-7	24.68116520921192
6.743495761743046e-7	21.31833745081024
6.981304626205569e-7	17.913279499103346
7.227499802162168e-7	34.44457773308028
7.482377032248974e-7	31.79816642049459
7.74624248844371e-7	28.798568642640518
8.019413139855523e-7	25.486972414408882
8.302217133485075e-7	21.94459970685454
8.594994188412009e-7	35.75278899172616
8.898096003883424e-7	32.51072796131311
9.211886681793642e-7	28.897965926792438
9.5367431640625e-7	25.030751396855166
9.873055685437947e-7	21.056411054413363
1.02212282422666e-6	33.42502359336993
1.0581679077795448e-6	29.972523707552025
1.0954841184587807e-6	26.34240813258201
1.1341162824656687e-6	22.617613129787802
1.1741108067940874e-6	18.898069721354272
1.2155157349770196e-6	31.90141005808889
1.2583808047989777e-6	28.752758227182905
1.3027575080436657e-6	25.40628299975807
1.3486991523486091e-6	21.927954168038973
1.3962609252411138e-6	18.409996779467694
1.4454999604324336e-6	35.51547807191861
1.4964754064497947e-6	32.77124162242177
1.549248497688742e-6	29.664245496328842
1.6038826279711046e-6	26.23782101581855
1.660443426697015e-6	22.576550515405646
1.7189988376824018e-6	36.86143409186016
1.7796192007766848e-6	33.50124219814544
1.8423773363587285e-6	29.76087142892205
1.9073486328125e-6	25.76129951103603
1.9746111370875893e-6	21.655306992758522
2.04424564845332e-6	34.44979228121047
2.1163358155590896e-6	30.873875589585612
2.1909682369175614e-6	27.117261495444488
2.2682325649313374e-6	23.266287872873658
2.3482216135881748e-6	19.424673091691794
2.4310314699540393e-6	32.873835398057665
2.5167616095979554e-6	29.611090843344567
2.6055150160873313e-6	26.146740342723984
2.6973983046972182e-6	22.549752568941802
2.7925218504822275e-6	18.915992973911735
2.8909999208648673e-6	36.60700085209082
2.9929508128995895e-6	33.76343121257956
3.098496995377484e-6	30.547567611794136
3.2077652559422093e-6	27.00480744631405
3.32088685339403e-6	23.223019965475302
3.4379976753648036e-6	37.9944617561028
3.5592384015533696e-6	34.51441469516491
3.684754672717457e-6	30.644269231925133
3.814697265625e-6	26.509819353540482
3.949222274175179e-6	22.269443282293814
4.08849129690664e-6	35.49719194562103
4.232671631118179e-6	31.7950292898044
4.381936473835123e-6	27.909040122679954
4.536465129862675e-6	23.92906824045636
4.6964432271763496e-6	19.962708895933172
4.8620629399080785e-6	33.86434432537453
5.033523219195911e-6	30.484468939924277
5.211030032174663e-6	26.89927845671496
5.3947966093944364e-6	23.180848389577477
5.585043700964455e-6	19.42878983952157
5.781999841729735e-6	37.71154942490617
5.985901625799179e-6	34.769053124903785
6.196993990754968e-6	31.444948696093864
6.4155305118844185e-6	27.786438702650983
6.64177370678806e-6	23.88440343702516
6.875995350729607e-6	39.14841449385871
7.118476803106739e-6	35.54882752008267
7.369509345434914e-6	31.548412184021497
7.62939453125e-6	27.277808032167197
7.898444548350357e-6	22.90113218248809
8.17698259381328e-6	36.564413246119955
8.465343262236358e-6	32.73401710816565
8.763872947670246e-6	28.716539331136282
9.07293025972535e-6	24.605429716084068
9.392886454352699e-6	20.512227706253988
9.724125879816157e-6	34.86587865804485
1.0067046438391822e-5	31.3660812898555
1.0422060064349325e-5	27.657432650196224
1.0789593218788873e-5	23.815243348785174
1.117008740192891e-5	19.942982697775978
1.156399968345947e-5	38.823041170632244
1.1971803251598358e-5	35.784937879980916
1.2393987981509936e-5	32.356227737705794
1.2831061023768837e-5	28.585367149268816
1.328354741357612e-5	24.565677740872083
1.3751990701459215e-5	40.32741744130627
1.4236953606213478e-5	36.61057460595224
1.4739018690869828e-5	32.48061013136867
1.52587890625e-5	28.073062082124125
1.5796889096700715e-5	23.55803779591811
1.635396518762656e-5	37.65478719101281
1.6930686524472717e-5	33.69383767074405
1.752774589534049e-5	29.542388122433703
1.81458605194507e-5	25.297651409243404
1.8785772908705398e-5	21.07519688210331
1.9448251759632314e-5	35.87191044681103
2.0134092876783644e-5	32.24784421439239
2.084412012869865e-5	28.411870369512805
2.1579186437577746e-5	24.442796125075258
2.234017480385782e-5	20.448163053024302
2.312799936691894e-5	39.79617572058036
2.3943606503196716e-5	36.62540493339306
2.478797596301987e-5	33.05978790825428
2.5662122047537674e-5	29.152745398662592
2.656709482715224e-5	25.003244289830903
2.750398140291843e-5	41.13926573812937
2.8473907212426957e-5	37.28583087617796
2.9478037381739656e-5	33.02287269909682
3.0517578125e-5	28.49072451480776
3.159377819340143e-5	23.86381370100307
3.270793037525308e-5	38.29888120247582
3.3861373048945474e-5	34.21852293790218
3.505549179068098e-5	29.95276987036226
3.62917210389014e-5	25.602383883842236
3.7571545817410796e-5	21.286492370380426
3.889650351926458e-5	36.417190132719625
4.026818575356734e-5	32.67748314274431
4.16882402573973e-5	28.730720502874874
4.315837287515549e-5	24.66018949299727
4.468034960771564e-5	20.577724450550516
4.625599873383782e-5	40.43481573464935
4.7887213006393486e-5	37.160331278944795
4.957595192603974e-5	33.49024647254729
5.132424409507535e-5	29.48149966825636
5.313418965430448e-5	25.237163348939866
5.500796280583679e-5	41.762404627775936
5.694781442485398e-5	37.78126667092021
5.895607476347931e-5	33.392401593080436
6.103515625e-5	28.742929596425565
6.318755638680286e-5	24.01354877894237
6.541586075050616e-5	38.76043305655868
6.772274609789095e-5	34.55136011241593
7.011098358136196e-5	30.167179917838965
7.25834420778028e-5	25.7134439588549
7.514309163482159e-5	21.31333151164331
7.779300703852916e-5	36.72020339871619
8.053637150713468e-5	32.854642409184464
8.33764805147946e-5	28.794148105829777
8.631674575031098e-5	24.627484566560522
8.936069921543128e-5	20.471109926672597
9.251199746767564e-5	40.83775592961476
9.577442601278697e-5	37.45591144084559
9.915190385207948e-5	33.682938799643374
0.0001026484881901507	29.579795991737363
0.00010626837930860896	25.253906096285476
0.00011001592561167358	42.12984899451483
0.00011389562884970796	38.0065854920785
0.00011791214952695862	33.48397215800268
0.0001220703125	28.718016713148394
0.00012637511277360572	23.896939352649262
0.00013083172150101232	38.87810660697798
0.0001354454921957819	34.52608814855425
0.00014022196716272393	30.020331847046325
0.0001451668841556056	25.47230750985816
0.00015028618326964319	21.009332913698266
0.00015558601407705832	36.84845708542761
0.00016107274301426937	32.850418196613106
0.0001667529610295892	28.673398370263563
0.00017263349150062197	24.412426158180516
0.00017872139843086256	20.189246737620966
0.0001850239949353513	40.98496227339277
0.00019154885202557394	37.44118433457112
0.00019830380770415897	33.519653910886866
0.0002052969763803014	29.291216934369746
0.0002125367586172179	24.87224708388275
0.00022003185122334716	42.20600090229643
0.00022779125769941593	37.900923164412184
0.00023582429905391725	33.221553442274434
0.000244140625	28.333712646539375
0.00025275022554721143	23.432511974112725
0.00026166344300202464	38.849088074181445
0.0002708909843915638	34.323374693683554
0.00028044393432544786	29.67188041580316
0.0002903337683112112	25.01448831408837
0.00030057236653928637	20.484711947530695
0.00031117202815411665	36.51512984716017
0.00032214548602853873	32.296727259035386
0.0003335059220591784	27.940504287819792
0.00034526698300124393	23.554727211502964
0.0003574427968617251	19.270084011299986
0.0003700479898707026	40.60271888897928
0.0003830977040511479	36.841696831003716
0.00039660761540831794	32.74027999521126
0.0004105939527606028	28.380354148074424
0.0004250735172344358	23.887319536141764
0.0004400637024466943	41.47455894126424
0.00045558251539883185	36.91155833893195
0.0004716485981078345	32.03274057049889
0.00048828125	27.020339661091004
0.0005055004510944229	22.078698030089324
0.0005233268860040493	37.59132709777815
0.0005417819687831276	32.85269081192607
0.0005608878686508957	28.06314732000422
0.0005806675366224224	23.35147251214933
0.0006011447330785727	18.854107448247525
0.0006223440563082333	34.544654367817856
0.0006442909720570775	30.08665996471284
0.0006670118441183568	25.58775267693805
0.0006905339660024879	21.170576521500077
0.0007148855937234502	16.970430447919497
0.0007400959797414052	38.375973861888255
0.0007661954081022958	34.36535442319643
0.0007932152308166359	30.103204882153932
0.0008211879055212056	25.687514663366997
0.0008501470344688716	21.254111855886226
0.0008801274048933886	38.356211182093425
0.0009111650307976637	33.52765926533704
0.000943297196215669	28.525789817074774
0.0009765625	23.548482142135562
0.001	20.26229810704615
0.0010110009021888457	18.799915221949625
0.0010466537720080985	33.406992218681005
0.0010835639375662552	28.55481282408417
0.0011217757373017914	23.81054691418205
0.0011613350732448448	19.304658292031874
0.0012022894661571455	15.165251135035252
0.0012446881126164666	29.741197265142592
0.001288581944114155	25.234773188858497
0.0013340236882367136	20.857547986631943
0.0013810679320049757	16.73248319722661
0.0014297711874469005	12.982185388342517
0.0014801919594828103	33.04045133996771
0.0015323908162045916	28.83514545896934
0.0015864304616332718	24.553921669559337
0.0016423758110424111	20.318539755676564
0.0017002940689377433	16.277851998772597
0.0017602548097867773	31.759690307402053
0.0018223300615953274	26.909672367322408
0.001886594392431338	22.14450953210617
0.001953125	17.65167501735623
0.002	14.826195095632428
0.0020220018043776915	13.608414529395178
0.002093307544016197	26.65457613745513
0.0021671278751325103	22.08789893109415
0.002243551474603583	17.82345634726864
0.0023226701464896895	13.981103346740632
0.002404578932314291	10.680210422737806
0.002489376225232933	22.49803594993682
0.00257716388822831	18.346518886267322
0.0026680473764734273	14.539408648016092
0.0027621358640099515	11.185927999145026
0.002859542374893801	8.394651060714322
0.0029603839189656206	25.458312995184595
0.003	23.90265218132328
0.003064781632409183	21.43306719866112
0.0031728609232665435	17.573258737521083
0.0032847516220848223	14.017574724992587
0.0034005881378754866	10.926057864080427
0.0035205096195735546	22.89259853956329
0.003644660123190655	18.577216956063587
0.003773188784862676	14.64295516167327
0.00390625	11.24139543982178
0.004	9.290363995365501
0.004044003608755383	8.505792046493955
0.004186615088032394	17.901973168976657
0.004334255750265021	14.226376547731489
0.004487102949207166	11.051754633957902
0.004645340292979379	8.462670303496207
0.004809157864628582	6.524851316641687
0.004978752450465866	14.085382982754291
0.005	13.681647742889258
0.00515432777645662	10.998810496701863
0.005336094752946855	8.4163705097407
0.005524271728019903	6.414915266208013
0.005719084749787602	5.058701181636295
0.005920767837931241	16.10375441652413
0.006	14.852055089146335
0.006129563264818366	12.94635346161654
0.006345721846533087	10.189226400888703
0.0065695032441696445	7.931842046227184
0.006801176275750973	6.247881538091671
0.007	13.688626946073446
0.007041019239147109	13.142297510343202
0.00728932024638131	10.179106488989403
0.007546377569725352	7.7456184633574
0.0078125	5.891056432345728
0.008	4.959521959885854
0.00808800721751076	4.618427510930079
0.008373230176064788	9.765998695800175
0.008668511500530041	7.47319312375173
0.008974205898414337	5.665062459499343
0.009	5.537225295852985
0.009290680585958758	4.3396550331343455
0.009618315729257157	3.4590664693922024
0.009957504900931733	7.22485500526561
0.01	6.985647632166492
0.01030865555291324	5.475059426635875
0.010672189505893716	4.180943434633564
0.011	3.4166586775135706
0.011048543456039806	3.3322529994051764
0.011438169499575197	2.87872779556142
0.011841535675862483	8.434759742513231
0.012	7.648028752843359
0.012259126529636732	6.501361421105569
0.012691443693066181	4.962012662478824
0.013	4.128747967167764
0.013139006488339289	3.8185971588546392
0.013602352551501938	3.035518971248266
0.014	6.479616015905151
0.014082038478294218	6.169104646878256
0.01457864049276262	4.568613365975615
0.015	3.5548818015374164
0.015092755139450714	3.3696355541955176
0.015625	2.533723338021088
0.016	2.1385558151666286
0.01617601443502152	1.996614167699062
0.016746460352129577	4.426214469989103
0.017	3.8743263887505504
0.017337023001060083	3.2458890735512975
0.017948411796828673	2.375961229236395
0.018	2.3166714303126055
0.018581361171917516	1.7761417220365192
0.019	1.5101429148321976
0.019236631458514314	1.3968208798334745
0.019915009801863465	3.151863384211488
0.02	3.034133750774641
0.02061731110582648	2.3178832187678853
0.021	1.9840031886493112
0.021344379011787432	1.745215360285147
0.022	1.4236416678689785
0.02209708691207961	1.3883815818304326
0.022876338999150394	1.1915672358706801
0.023	1.1717921905467426
0.023683071351724965	3.6004010084910307
0.024	3.1938094201875917
0.024518253059273465	2.62146629161364
0.025	2.183309889587216
0.025382887386132362	1.892720165331531
0.026	1.5180367922880365
0.026278012976678578	1.3823867706947697
0.027	1.11114113054489
0.027204705103003875	1.053090812554641
0.028	2.651478117440462
0.028164076956588437	2.502262613344172
0.029	1.8589796931770424
0.02915728098552524	1.7579466205465584
0.03	1.3091328460027256
0.03018551027890143	1.2291388195899458
0.031	0.9451651615836957
0.03125	0.8774302579502459
0.032	0.7204166382608055
0.03235202887004304	0.6682516515608052
0.033	0.6053787955568883
0.03349292070425915	1.7461832667569335
0.034	1.4885235444377087
0.034674046002120165	1.2022916467495846
0.035	1.0845466959481542
0.03589682359365735	0.8209968482337867
0.036	0.7958170031193007
0.037	0.5992775299437453
0.03716272234383503	0.5747877956608863
0.038	0.4785845460384005
0.03847326291702863	0.44537206474598756
0.039	0.4263026466571233
0.03983001960372693	1.2557407021948417
0.04	1.1997451840474747
0.041	0.9186033601417648
0.04123462221165296	0.863569698654981
0.042	0.7093543531884781
0.042688758023574865	0.6002463619136018
0.043	0.55917733664449
0.044	0.45830873092840907
0.04419417382415922	0.4438733208725113
0.045	0.4010297618825912
0.04575267799830079	0.3861079797166234
0.046	0.3867835045982285
0.047	1.4024657873114097
0.04736614270344993	1.2870839965416316
0.048	1.1071862641300825
0.049	0.8699287083182509
0.04903650611854693	0.8622618230564102
0.05	0.682929969813883
0.050765774772264724	0.5696141994279201
0.051	0.5397073856382237
0.052	0.43539311313064777
0.052556025953357156	0.3930630699969063
0.053	0.3670851001924312
0.054	0.3341833411539046
0.05440941020600775	0.33129191550132486
0.055	0.3386523425123949
0.056	0.8945346932988011
0.05632815391317687	0.8338792578964268
0.057	0.7214291229530949
0.058	0.5807757591530202
0.05831456197105048	0.5425922292591774
0.059	0.46864232166226427
0.06	0.38192141073098335
0.06037102055780286	0.3557376759112603
0.061	0.3184183811852432
0.062	0.2769373263384739
0.0625	0.26437321054267515
0.063	0.257355548715471
0.064	0.2606706949073734
0.06470405774008609	0.2778412638465788
0.065	0.2889989947552308
0.066	0.3454991971683296
0.0669858414085183	0.5846750722316287
0.067	0.583143208509392
0.068	0.4841190885616964
0.069	0.40189214830529796
0.06934809200424033	0.37689654688574753
0.07	0.334810385131107
0.071	0.2815927992684977
0.0717936471873147	0.24862805886482978
0.072	0.24136115944591172
0.073	0.21367384238520254
0.074	0.1985593058241108
0.07432544468767006	0.19642576941485423
0.075	0.19654532212161363
0.076	0.20867859939155675
0.07694652583405726	0.23460915881106859
0.077	0.23652804953508944
0.078	0.2821639880549009
0.079	0.4988419843160826
0.07966003920745386	0.45429377047242014
0.08	0.4333839516646732
0.081	0.3795859173844935
0.082	0.33686665576309527
0.08246924442330592	0.3205274162088372
0.083	0.3048590710904146
0.084	0.28342069940279613
0.085	0.27264107647024716
0.08537751604714973	0.2714023870429066
0.086	0.27284452087228234
0.087	0.28458672938565943
0.088	0.3086435451616369
0.08838834764831845	0.3215091504333002
0.089	0.345990371561121
0.09	0.39777099096885227
0.091	0.46525501849832024
0.09150535599660158	0.5057565897207327
0.092	0.5497838658327954
0.093	0.6527058789179216
0.094	0.4884297442483753
0.09473228540689986	0.45519075453326374
0.095	0.444185023019349
0.096	0.40833471125391047
0.097	0.3805366622999993
0.098	0.36054504906692036
0.09807301223709386	0.3593865907564919
0.099	0.3482122138016519
0.1	0.34348892231636574
0.101	0.3464226252163967
0.10153154954452945	0.35114333668292735
0.102	0.35715334045320685
0.103	0.37590681697434847
0.104	0.4029847211896769
0.105	0.4387517063672139
0.10511205190671431	0.44331853438515406
0.106	0.48361937644334185
0.107	0.5380273329304054
0.108	0.6024216858952288
0.1088188204120155	0.6628868110834132
0.109	0.6772316035557912
0.11	0.7628446539612603
0.111	0.8595818397525619
0.112	0.37916227885966625
0.11265630782635375	0.36996944267201726
0.113	0.3660048358691254
0.114	0.3577257511519032
0.115	0.3542048865407158
0.116	0.3553638190721005
0.11662912394210095	0.3584728196213549
0.117	0.3611655444661466
0.118	0.37161363918788654
0.119	0.3867507658305301
0.12	0.40665641613671816
0.12074204111560571	0.4245749877286885
0.121	0.4314438038870155
0.122	0.46125584622395555
0.123	0.4962602062675137
0.124	0.5366434110198789
0.125	0.5826041048342329
0.125	0.5826041048342329
0.126	0.6343455478276365
0.127	0.6920675177500701
0.128	0.7559578198254491
0.129	0.8261836486394931
0.12940811548017217	0.8566973586560183
0.13	0.9028830760144
0.131	0.9861569560530336
0.132	1.0760615408082104
0.133	0.47157220746110873
0.13397168281703664	0.48009591756101805
0.134	0.48039434628719785
0.135	0.49272139923483366
0.136	0.5084753794510023
0.137	0.52758820443751
0.138	0.550001879771244
0.1386961840084806	0.5675290878588719
0.139	0.5756686670229898
0.14	0.6045512030291231
0.141	0.6366225355192523
0.142	0.6718660393866023
0.143	0.7102751787860956
0.1435872943746294	0.7343090417445812
0.144	0.7518530828732228
0.145	0.7966119073932567
0.146	0.8445719604465991
0.147	0.8957605784501332
0.148	0.9502107473498974
0.14865088937534013	0.9874215849449071
0.149	1.0079594741899316
0.15	1.0690459247972237
0.151	1.1335093541286816
0.152	1.2013868662226774
0.153	1.2727110501641268
0.1538930516681145	1.3393417853635592
0.154	1.347507546475426
0.155	1.425792604391909
0.156	1.5075706941455902
0.157	1.592832239340633
0.158	0.9599754170763466
0.159	0.9854912720282638
0.15932007841490778	0.994027833284568
0.16	1.0127326268164982
0.161	1.0415990343283545
0.162	1.0719971387218634
0.163	1.1038407861105748
0.164	1.137051044878136
0.16493848884661177	1.1693975570743653
0.165	1.1715561365959146
0.166	1.2072912815642756
0.167	1.2441984659673244
0.168	1.2822261403983106
0.169	1.3213288619555712
0.17	1.3614668941097385
0.17075503209429946	1.392437194670006
0.171	1.4026057799958263
0.172	1.4447159055985517
0.173	1.487772069406524
0.174	1.531753074466254
0.175	1.5766413573544347
0.176	1.6224226664213839
0.1767766952966369	1.6585897026398646
0.177	1.6690857987873633
0.178	1.716622402076338
0.179	1.7650268428598264
0.18	1.8142961393967445
0.181	1.8644299516585836
0.182	1.9154306170078212
0.183	1.9673032154497418
0.18301071199320315	1.9678636205555968
0.184	2.020055644309029
0.185	2.073698678696476
0.186	2.128245991422206
0.187	2.1837141042561843
0.188	1.1660664459416572
0.189	1.1883466932424258
0.18946457081379978	1.1988644119514764
0.19	1.2111083010720118
0.191	1.2343007046355032
0.192	1.2578792225052324
0.193	1.2818049681943247
0.194	1.3060447149268843
0.195	1.330570716436586
0.196	1.35536048745362
0.19614602447418766	1.3590013633465343
0.197	1.3803965482910008
0.198	1.4056661385952147
0.199	1.4311609058648727
0.2	1.456876574748587
0.201	1.4828126033965958
0.202	1.5089718332498885
0.203	1.5353601385993774
0.2030630990890589	1.537033083983431
0.204	1.5619860820335398
0.205	1.5888605815175327
0.206	1.6159965943156327
0.207	1.6434088222918977
0.208	1.6711134423148777
0.209	1.699127864568741
0.21	1.7274705205563727
0.21022410381342863	1.7338691845583618
0.211	1.7561606814940938
0.212	1.7852183066694274
0.213	1.814663920191584
0.214	1.8445185134392899
0.215	1.874803469433031
0.216	1.9055405043595603
0.217	1.9367516205855024
0.217637640824031	1.9569108300363123
0.218	1.9684590647424811
0.219	2.000685283874337
0.22	2.033452872230555
0.221	2.06678450108818
0.222	2.1007028240019476
0.223	1.54037375453431
0.224	1.5647142876226114
0.225	1.5888503217174563
0.22531261565270758	1.5963478943590224
0.226	1.6127458021501244
0.227	1.6363672116026198
0.228	1.6596835096771936
0.229	1.6826660604822545
0.23	1.7052885496435939
0.231	1.7275268923052047
0.232	1.7493591338162355
0.233	1.770765344907459
0.23325824788420185	1.7762219917578626
0.234	1.7917275132399153
0.235	1.8122294332584699
0.236	1.8322565963026305
0.237	1.851796082915243
0.238	1.8708364592463433
0.239	1.8893676793744856
0.24	1.9073809952619718
0.241	1.9248688759245836
0.24148408223121143	1.9331437659808028
0.242	1.9418249372322034
0.243	1.9582438835660596
0.244	1.974121462343688
0.245	1.9894544321868062
0.246	2.004240545253348
0.247	2.018478543986389
0.248	2.032168172253343
0.249	2.0453102005626764
0.25	2.057906464756562
0.25	2.057906464756562
0.251	2.0699599172908085
0.252	2.0814746899322474
0.253	2.092456166433107
0.254	2.1029110634859043
0.255	2.1128475180253856
0.256	2.1222751787300167
0.257	2.131205299388319
0.258	2.1396508316385217
0.25881623096034434	2.1461953406846757
0.259	2.1476265144666837
0.26	2.155148957761621
0.261	2.162236717176817
0.262	2.168910357542171
0.263	2.1751925021031564
0.264	2.1811078649427733
0.265	2.18668326406276
0.266	1.890409074949845
0.267	1.891188182646026
0.2679433656340733	1.891008978589439
0.268	1.8909700990351763
0.269	1.8897619947688127
0.27	1.8875741077419539
0.271	1.884419649833121
0.272	1.8803147029494425
0.273	1.8752781050885776
0.274	1.869331327192516
0.275	1.8624983416253846
0.276	1.8548054831577412
0.277	1.8462813033831087
0.2773923680169612	1.8427162084329287
0.278	1.8369564195283892
0.279	1.8268633586480307
0.28	1.816036398212274
0.281	1.8045114041123345
0.282	1.7923256671099856
0.283	1.779517738755692
0.284	1.7661272677883546
0.285	1.75219483801097
0.286	1.7377618086103785
0.287	1.7228701578559782
0.2871745887492588	1.7202263674225629
0.288	1.7075623310722337
0.289	1.6918810937333235
0.29	1.6758693904758344
0.291	1.6595702107674573
0.292	1.6430264619066826
0.293	1.6262808499610828
0.294	1.6093757691804247
0.295	1.5923532003461902
0.296	1.5752546184416627
0.297	1.5581209099471733
0.29730177875068026	1.5529495018907309
0.298	1.5409922999839694
0.299	1.5239082894481197
0.3	1.5069076021934418
0.301	1.4900281422402566
0.302	1.473306960905425
0.303	1.456780233669103
0.304	1.4404832465156001
0.305	1.4244503914100715
0.306	1.4087151705000824
0.307	1.3933102085617977
0.307786103336229	1.3814529094999453
0.308	1.3782672731451127
0.309	1.3636173018109228
0.31	1.3493904357972313
0.311	1.3356160593993969
0.312	1.3223228443037496
0.313	1.309538798073426
0.314	1.2972913159508563
0.315	1.2856072351130672
0.316	1.2298415389313466
0.317	1.2215577339858212
0.318	1.213417699051548
0.31864015682981556	1.2082868816269328
0.319	1.2054314117658338
0.32	1.1976089575080417
0.321	1.1899605338444539
0.322	1.1824964554731787
0.323	1.1752271595175956
0.324	1.1681632110123115
0.325	1.1613153084219057
0.326	1.1546942890298943
0.327	1.148311134033376
0.328	1.1421769731777385
0.329	1.136303088765627
0.32987697769322355	1.1313750635257498
0.33	1.1307009188751107
0.331	1.12538205962364
0.332	1.120358266316975
0.333	1.1156414533257966
0.334	1.1112436925371612
0.335	1.1071772102333701
0.336	1.103454382257142
0.337	1.1000877273292473
0.338	1.0970898983929307
0.339	1.0944736718685384
0.34	1.0922519347117288
0.341	1.090437669179499
0.3415100641885989	1.0896734063310722
0.342	1.0890439352199472
0.343	1.0880838504141976
0.344	1.0875705674122234
0.345	1.0875172488183535
0.346	1.087937039497006
0.347	1.0888430362846389
0.348	1.0902482551099315
0.349	1.0921655955408363
0.35	1.0946078027942199
0.351	1.097587427261355
0.352	1.1011167816203993
0.353	1.105207895625159
0.3535533905932738	1.1077176277433816
0.354	1.1098724686777934
0.355	1.1151218203115612
0.356	1.1209668387281795
0.357	1.1274179275527354
0.358	1.1344849509872568
0.359	1.1421771775619267
0.36	1.1505032227003524
0.361	1.159470990332236
0.362	1.169087613803024
0.363	1.179359396345606
0.364	1.190291751393711
0.365	1.2018891430301952
0.366	1.2141550268758414
0.3660214239864063	1.214425144901682
0.367	1.2270917917354252
0.368	1.2407007023275545
0.369	1.2549818434330686
0.37	1.2699340658033826
0.371	1.2855549341751207
0.372	1.3018406777404543
0.373	1.3187861434237491
0.374	1.3363847523143115
0.375	1.3546284596021338
0.376	1.0048148968152455
0.377	0.9984381345472049
0.378	0.9921019172981874
0.37892914162759955	0.9862537534799672
0.379	0.9858093810504293
0.38	0.9795638006837166
0.381	0.9733685936692309
0.382	0.9672273236273027
0.383	0.9611437037211277
0.384	0.955121599858547
0.385	0.949165033674078
0.386	0.9432781852635292
0.387	0.9374653956437222
0.388	0.9317311689100789
0.389	0.9260801740651391
0.39	0.92051724649141
0.391	0.9150473890423689
0.392	0.9096757727258932
0.3922920489483753	0.908126298427627
0.393	0.9044077369549369
0.394	0.8992487893408525
0.395	0.8942046050054244
0.396	0.8892810253884164
0.397	0.8844840565282361
0.398	0.8798198667942091
0.399	0.8752947840499161
0.4	0.8709152922281013
0.401	0.8666880272987862
0.402	0.862619772613461
0.403	0.8587174536095297
0.404	0.8549881318606101
0.405	0.8514389984597924
0.406	0.8480773667245718
0.4061261981781178	0.8476668320653254
0.407	0.8449106642138782
0.408	0.8419464240494432
0.409	0.8391922755356507
0.41	0.8366559340740383
0.411	0.8343451903707344
0.412	0.8322678989373301
0.413	0.8304319658880082
0.414	0.8288453360381585
0.415	0.8275159793122193
0.416	0.8264518764710767
0.417	0.8256610041720348
0.418	0.8251513193771236
0.419	0.8249307431283436
0.42	0.8250071437113364
0.42044820762685725	0.8251398389008431
0.421	0.8253883192319214
0.422	0.8260819796329342
0.423	0.8270957281818363
0.424	0.828437042462626
0.425	0.8301132549086523
0.426	0.8321315329160168
0.427	0.8344988585803068
0.428	0.8372220081024553
0.429	0.8403075309125192
0.43	0.8437617285631197
0.431	0.8475906334471739
0.432	0.8517999873973328
0.433	0.8563952202272442
0.434	0.861381428277328
0.435	0.8667633530301949
0.435275281648062	0.8683149491783423
0.436	0.8725453598631181
0.437	0.8787314170071046
0.438	0.885325074784016
0.439	0.89232944519494
0.44	0.899747181934509
0.441	0.907580460907133
0.442	0.915830961322136
0.443	0.9244998474455345
0.444	0.9335877510866677
0.445	0.9430947548980607
0.446	0.7193337289919526
0.447	0.7138636489664927
0.448	0.7085087363973328
0.449	0.7032725273368403
0.45	0.6981585792508165
0.45062523130541515	0.695024886625163
0.451	0.6931704711663346
0.452	0.6883118038137598
0.453	0.6835861997590866
0.454	0.6789973035226484
0.455	0.6745487816801584
0.456	0.670244322941948
0.457	0.6660876382061787
0.458	0.6620824605817016
0.459	0.6582325453761537
0.46	0.654541670044776
0.461	0.6510136340953575
0.462	0.6476522589446084
0.463	0.6444613877211887
0.464	0.641444885010528
0.465	0.6386066365365017
0.466	0.6359505487749504
0.4665164957684037	0.634651319821733
0.467	0.6334805484939691
0.468	0.6312005822158343
0.469	0.6291146155953874
0.47	0.6272266327096544
0.471	0.6255406352534587
0.472	0.6240606416357608
0.473	0.6227906859714611
0.474	0.621734816963413
0.475	0.6208970966694161
0.476	0.620281599149007
0.477	0.6198924089849198
0.478	0.6197336196741671
0.479	0.6198093318837905
0.48	0.6201236515664438
0.481	0.6206806879311069
0.482	0.6214845512643907
0.48296816446242286	0.6225018617948375
0.483	0.6225393505980716
0.484	0.6238491912186929
0.485	0.625418172015308
0.486	0.627250382661677
0.487	0.6293499006295137
0.488	0.6317207880296756
0.489	0.6343670882785142
0.49	0.6372928225869536
0.491	0.6405019862702421
0.492	0.6439985448767189
0.493	0.6477864301343682
0.494	0.6518695357143806
0.495	0.6562517128114185
0.496	0.6609367655407844
0.497	0.6659284461532078
0.498	0.6712304500685203
0.499	0.6768464107300516
0.5	0.6827798942821702
0.5	0.6827798942821702
0.501	0.6890343940739996
0.502	0.6956133249929738
0.503	0.7025200176325361
0.504	0.7097577122989447
0.505	0.7173295528628346
0.506	0.7252385804618602
0.507	0.7334877270614517
0.508	0.7420798088814186
0.509	0.7510175196968579
0.51	0.7603034240225297
0.511	0.7699399501905974
0.512	0.7799293833323453
0.513	0.7902738582751996
0.514	0.8009753523671012
0.515	0.8120356782409827
0.516	0.8234564765327865
0.517	0.8352392085671574
0.5176324619206888	0.8428787661744648
0.518	0.8473851490255996
0.519	0.8598953786125355
0.52	0.87277077673533
0.521	0.8860120142149424
0.522	0.8996195460444428
0.523	0.9135936042131663
0.524	0.9279341906147889
0.525	0.9426410700580818
0.526	0.9577137633995274
0.527	0.9731515408173735
0.528	0.9889534152470456
0.529	1.0051181359981352
0.53	1.021644182573423
0.531	0.9632701295991497
0.532	0.9716456293259154
0.533	0.980207483239578
0.534	0.9889545275326032
0.535	0.9978855472868318
0.5358867312681466	1.0059578422119086
0.536	1.0069992773961312
0.537	1.0162944035227461
0.538	1.0257695630873531
0.539	1.0354233462927886
0.54	1.0452542971813625
0.541	1.0552609147256367
0.542	1.065441653952473
0.543	1.0757949271001181
0.544	1.0863191048080147
0.545	1.0970125173389793
0.546	1.1078734558333054
0.547	1.118900173594294
0.548	1.1300908874046298
0.549	1.141443778872948
0.55	1.1529569958098609
0.551	1.1646286536326347
0.552	1.1764568367976067
0.553	1.1884396002593758
0.554	1.2005749709556839
0.5547847360339224	1.2102036015192739
0.555	1.2128609493168416
0.556	1.2252955107984336
0.557	1.2378766074359857
0.558	1.2506021694201437
0.559	1.2634701066908502
0.56	1.2764783105488997
0.561	1.2896246552831667
0.562	1.3029069998116953
0.563	1.3163231893347724
0.564	1.3298710569979906
0.565	1.3435484255632155
0.566	1.357353109085322
0.567	1.3712829145924268
0.568	1.3853356437672926
0.569	1.3995090946274844
0.57	1.4138010632017872
0.571	1.4282093452003093
0.572	1.4427317376756226
0.573	1.457366040672236
0.574	1.4721100588616074
0.5743491774985174	1.477283777800359
0.575	1.4869616031598674
0.576	1.5019184923253426
0.577	1.5169785545329362
0.578	1.53213962892237
0.579	1.5473995671172402
0.58	1.5627562347118256
0.581	1.5782075127225308
0.582	1.593751299000847
0.583	1.609385509604684
0.584	1.62510808012491
0.585	1.6409169669639554
0.586	1.656810148563313
0.587	1.6727856265768017
0.588	1.6888414269864587
0.589	1.7049756011579698
0.59	1.7211862268325722
0.591	1.737471409052402
0.592	1.7538292810163274
0.593	1.7702580048633394
0.594	1.7867557723806646
0.5946035575013605	1.7967457873474055
0.595	1.8033208056338232
0.596	1.8199513575159563
0.597	1.8366457122138065
0.598	1.8534021855878848
0.599	1.8702191254644118
0.6	1.8870949118367841
0.601	1.9040279569744198
0.602	1.9210167054369682
0.603	1.938059633992028
0.604	1.9551552514346462
0.605	1.9723020983070596
0.606	1.989498746517263
0.607	2.006743798855206
0.608	2.024035888405569
0.609	2.0413736778562717
0.61	2.058755858702053
0.611	2.0761811503426815
0.612	2.0936482990755163
0.613	2.1111560769824207
0.614	2.1287032807111768
0.615	2.1462887301518188
0.6155722066724582	2.1563679975236476
0.616	2.1639112670085168
0.617	2.1815697532678677
0.618	2.1992630695646946
0.619	2.2169901134466867
0.62	2.234749797539463
0.621	2.252541047613867
0.622	2.270362800557574
0.623	2.2882140022533073
0.624	2.3060936053662333
0.625	2.3240005670433206
0.626	2.341933846527742
0.627	2.359892402691588
0.628	2.3778751914904395
0.629	2.395881163343586
0.63	2.413909260443898
0.631	2.8191870442226263
0.632	2.8336040702156335
0.633	2.8479138066434753
0.634	2.862114455596892
0.635	2.876204276839916
0.636	2.8901815875747565
0.637	2.904044762137774
0.6372803136596311	2.9079101028228207
0.638	2.917792231627248
0.639	2.93142248346372
0.64	2.9449340608838237
0.641	2.958325562368609
0.642	2.971595641007466
0.643	2.9847430037988962
0.644	2.9977664108894
0.645	3.010664674751951
0.646	3.0234366593055357
0.647	3.036081278977398
0.648	3.048597497709676
0.649	3.0609843279122426
0.65	3.0732408293636313
0.651	3.0853661080620145
0.652	3.0973593150283
0.653	3.10921964506347
0.654	3.1209463354623774
0.655	3.1325386646862823
0.656	3.14399595099648
0.657	3.155317551051439
0.658	3.166502858469928
0.659	3.1775513023626623
0.6597539553864471	3.1857905145953715
0.66	3.1884623458350725
0.661	3.1992354844638142
0.662	3.2098702447497223
0.663	3.2203661825499186
0.664	3.2307228814918325
0.665	3.2409399513719324
0.666	3.251017026541978
0.667	3.2609537642856288
0.668	3.27074984318826
0.669	3.280404961502868
0.67	3.2899188355149143
0.671	3.2992911979089934
0.672	3.3085217961402074
0.673	3.3176103908130834
0.674	3.3265567540709045
0.675	3.3353606679982843
0.676	3.34402192303979
0.677	3.3525403164373873
0.678	3.3609156506894777
0.679	3.369147732034222
0.68	3.3772363689598186
0.681	3.3851813707443714
0.682	3.3929825460279153
0.683	3.4006397014190983
0.6830201283771977	3.4007923475594595
0.684	3.408152640138999
0.685	3.415521160704453
0.686	3.422745055653211
0.687	3.4298241103131795
0.688	3.4367581016179187
0.689	3.443546796970482
0.69	3.4501899531575924
0.691	3.4566873153160986
0.692	3.46303861595351
0.693	3.4692435740243606
0.694	3.4753018940640237
0.695	3.4812132653815127
0.696	3.4869773613126984
0.697	3.4925938385352717
0.698	3.4980623364466505
0.699	3.503382476605953
0.7	3.5085538622410244
0.701	3.5135760778213907
0.702	3.5184486886979114
0.703	3.5231712408097655
0.704	3.5277432604593257
0.705	3.5321642541552913
0.706	3.536433708524409
0.707	3.5405510902919333
0.7071067811865476	3.540981740203229
0.708	3.5445158463308797
0.709	3.5483274037800063
0.71	3.551985170230336
0.711	3.555488533979901
0.712	3.5588368643563086
0.713	3.562029512106551
0.714	3.565065809853428
0.715	3.5679450726177904
0.716	3.5706665984057206
0.717	3.5732296688596477
0.718	3.575633549972288
0.719	3.577877492862178
0.72	3.579960734609503
0.721	3.5818824991507556
0.722	3.5836419982307253
0.723	3.5852384324101734
0.724	3.5866709921274866
0.725	3.5879388588124703
0.726	3.589041206050414
0.727	3.5899772007944195
0.728	3.5907460046239206
0.729	3.5913467750472803
0.73	3.5917786668462046
0.731	3.592040833459721
0.732	3.592132428405356
0.7320428479728127	3.592132529293896
0.733	3.592052606735093
0.734	3.5918005265236572
0.735	3.5913753503865826
0.736	3.590776247025523
0.737	3.5900023927981604
0.738	3.589052973310089
0.739	3.5879271850259795
0.74	3.586624236897307
0.741	3.5851433520039158
0.742	3.5834837692066612
0.743	3.581644744808354
0.744	3.579625554220241
0.745	3.5774254936312166
0.746	3.575043881677019
0.747	3.572480061106578
0.748	3.5697334004427996
0.749	3.5668032956350033
0.75	3.5636891717002817
0.751	2.5614475845745224
0.752	2.5604883603721875
0.753	2.559400534408091
0.754	2.558184165339673
0.755	2.556839328202951
0.756	2.5553661145581614
0.757	2.5537646326376855
0.7578582832551991	2.552287912402993
0.758	2.5520350074959293
0.759	2.5501773811608963
0.76	2.548191912787118
0.761	2.5460787788096697
0.762	2.5438381730989312
0.763	2.541470307115778
0.764	2.5389754100668815
0.765	2.536353729059784
0.766	2.533605529257413
0.767	2.5307310940316943
0.768	2.527730725115927
0.769	2.5246047427555727
0.77	2.5213534858570994
0.771	2.5179773121345574
0.772	2.514476598253511
0.773	2.5108517399719874
0.774	2.5071031522780984
0.775	2.503231269523965
0.776	2.499236545555614
0.777	2.495119453838499
0.778	2.490880487578281
0.779	2.48652015983655
0.78	2.482039003641136
0.781	2.4774375720906745
0.782	2.472716438453096
0.783	2.4678761962577167
0.784	2.46291745938061
0.7845840978967507	2.459966503835609
0.785	2.457840862122933
0.786	2.452647059281913
0.787	2.4473367262141896
0.788	2.4419105588912076
0.789	2.436369273946392
0.79	2.430713608713805
0.791	2.4249443212580393
0.792	2.419062190395067
0.793	2.4130680157038036
0.794	2.4069626175281487
0.795	2.4007468369692604
0.796	2.3944215358678553
0.797	2.387987596776327
0.798	2.3814459229204643
0.799	2.3747974381506176
0.8	2.368043086882106
0.801	2.361183834024723
0.802	2.354220664901195
0.803	2.3471545851544273
0.804	2.3399866206434647
0.805	2.332717817327998
0.806	2.325349241141368
0.807	2.3178819778519584
0.808	2.310317132912911
0.809	2.302655831300113
0.81	2.294899217338413
0.811	2.2870484545160394
0.812	2.279104725287195
0.8122523963562355	2.277085205748965
0.813	2.2710692308628477
0.814	2.2629431909897164
0.815	2.2547278437174905
0.816	2.246424445154312
0.817	2.238034269210599
0.818	2.2295586073312537
0.819	2.220998768216363
0.82	2.212356077530478
0.821	2.2036318776005817
0.822	2.194827527102883
0.823	2.1859444007385678
0.824	2.176983888898645
0.825	2.1679473973180876
0.826	2.158836346719413
0.827	2.149652172445908
0.828	2.140396324084696
0.829	2.1310702650798756
0.83	2.1216754723359283
0.831	2.112213435811661
0.832	2.1026856581049187
0.833	2.0930936540283307
0.834	2.083438950176356
0.835	2.0737230844839125
0.836	2.063947605776887
0.837	2.054114073314807
0.838	2.0442240563259992
0.839	2.0342791335355486
0.84	2.0242808926863742
0.8408964152537145	2.0152743071733363
0.841	2.014230930053768
0.842	2.0041308499537287
0.843	1.9939822642454321
0.844	1.9837867918282124
0.845	1.9735460581333883
0.846	1.963261694611318
0.847	1.95293533821404
0.848	1.9425686308738896
0.849	1.9321632189784534
0.85	1.921720752842252
0.851	1.9112428861755402
0.852	1.900731275550609
0.853	1.8901875798659735
0.854	1.8796134598088543
0.855	1.8690105773163288
0.856	1.8583805950355607
0.857	1.847725175783491
0.858	1.8370459820063934
0.859	1.8263446752396861
0.86	1.8156229155683832
0.861	1.8048823610885902
0.862	1.7941246673704279
0.863	1.7833514869227618
0.864	1.7725644686601374
0.865	1.7617652573722846
0.866	1.750955493196582
0.867	1.7401368110938384
0.868	1.7293108403277768
0.869	1.7184792039485646
0.87	1.7076435182807583
0.8705505632961241	1.7016766433004804
0.871	1.6968053924160176
0.872	1.6859664277109152
0.873	1.675128217290204
0.874	1.6642923455558591
0.875	1.6534603877022178
0.876	1.6426339092375444
0.877	1.6318144655123195
0.878	1.6210036012545592
0.879	1.6102028501124543
0.88	1.599413734204615
0.881	1.58863776367819
0.882	1.5778764362751398
0.883	1.5671312369068975
0.884	1.556403637237686
0.885	1.5456950952767126
0.886	1.5350070549794745
0.887	1.5243409458583899
0.888	1.5136981826029565
0.889	1.5030801647096426
0.89	1.492488276121683
0.891	1.4819238848789635
0.892	1.055873454437065
0.893	1.04935418521068
0.894	1.0428412941104006
0.895	1.0363355635662923
0.896	1.0298377704299373
0.897	1.0233486858159297
0.898	1.0168690749456613
0.899	1.0103996969934617
0.9	1.0039413049351436
0.901	0.9974946453990157
0.9012504626108303	0.9958819225890447
0.902	0.991060458519424
0.903	0.9846394777928653
0.904	0.97823242993674
0.905	0.9718400347507872
0.906	0.9654630049812527
0.907	0.9591020461878466
0.908	0.9527578566135335
0.909	0.9464311270571948
0.91	0.9401225407492227
0.911	0.9338327732300749
0.912	0.9275624922318344
0.913	0.9213123575628228
0.914	0.915083020995288
0.915	0.9088751261562216
0.916	0.9026893084213196
0.917	0.8965261948121388
0.918	0.8903864038964624
0.919	0.8842705456919165
0.92	0.8781792215728534
0.921	0.872113024180537
0.922	0.8660725373366447
0.923	0.8600583359601122
0.924	0.8540709859873387
0.925	0.8481110442957716
0.926	0.8421790586308819
0.927	0.8362755675365507
0.928	0.8304011002888745
0.929	0.8245561768333942
0.93	0.8187413077257728
0.931	0.8129569940759042
0.932	0.8072037274954764
0.933	0.8014819900489867
0.9330329915368074	0.8012937638761848
0.934	0.7957922542082007
0.935	0.790134982810066
0.936	0.7845106290180726
0.937	0.7789196362870501
0.938	0.7733624383314031
0.939	0.7678394590967705
0.94	0.7623511127351048
0.941	0.756897803583147
0.942	0.7514799261442984
0.943	0.7460978650738641
0.944	0.7407519951676527
0.945	0.7354426813539137
0.946	0.7301702786885951
0.947	0.7249351323538946
0.948	0.7197375776600805
0.949	0.7145779400505644
0.95	0.7094565351101876
0.951	0.7043736685767031
0.952	0.6993296363554163
0.953	0.6943247245369586
0.954	0.6893592094181569
0.955	0.6844333575259685
0.956	0.6795474256444425
0.957	0.6747016608446772
0.958	0.669896300517727
0.959	0.6651315724104274
0.96	0.6604076946640973
0.961	0.6557248758560703
0.962	0.6510833150440207
0.963	0.6464832018130375
0.964	0.641924716325401
0.965	0.6374080293730191
0.9659363289248455	0.6332169593654986
0.966	0.6329333024324719
0.967	0.6285006877226273
0.968	0.6241103282647664
0.969	0.6197623579451802
0.97	0.6154569015801845
0.971	0.6111940749835012
0.972	0.6069739850359551
0.973	0.6027967297574399
0.974	0.5986623983810919
0.975	0.5945710714296264
0.976	0.5905228207937796
0.977	0.5865177098128049
0.978	0.5825557933569645
0.979	0.5786371179119679
0.98	0.5747617216652986
0.981	0.5709296345943742
0.982	0.567140878556484
0.983	0.5633954673804524
0.984	0.5596934069599652
0.985	0.5560346953485082
0.986	0.5524193228558627
0.987	0.5488472721460955
0.988	0.5453185183369942
0.989	0.5418330291008878
0.99	0.5383907647667967
0.991	0.5349916784238591
0.992	0.5316357160259717
0.993	0.5283228164975974
0.994	0.5250529118406762
0.995	0.5218259272425911
0.996	0.5186417811851276
0.997	0.5155003855543775
0.998	0.5124016457515286
0.999	0.5093454608044895
1.0	0.5063317234802931
1.0	0.5063317234802931
