# 1 temperature | 2 magnetic susceptibility | 3 entropy | 4 heat capacity | 5 free energy | 6 number of particles | 7 energy | 8 partition function
1.0e-20	0.0	0.005055736394665722	0.9576419530087239	0.12860824647581692	0.9871386572401875	0.13366398287048242	-1.1686787790588093
3.162277660168379e-20	0.0	0.005055757543146022	0.9576419673027025	0.12860823500469643	0.9871386571947625	0.13366399254784245	-1.1686786923018353
1.0e-19	0.0	0.0050558244205110014	0.9576420125042312	0.12860819872982931	0.9871386570511547	0.13366402315034054	-1.1686784179521936
3.162277660168379e-19	0.0	0.005056035940805614	0.9576421553825359	0.12860808404316382	0.987138656516251	0.1336641199839692	-1.1686775505743192
1.0e-18	0.0	0.00505670479313558	0.9576426072493001	0.12860772136638454	0.9871386547411731	0.13366442615952012	-1.168674807642633
3.1622776601683795e-18	0.0	0.00505881993170032	0.957644036120822	0.1286065745051479	0.9871386490495837	0.13366539443684844	-1.1686661339000128
1.0e-17	0.0	0.005065508559311205	0.9576485546742955	0.12860294780974035	0.9871386309467169	0.13366845636905134	-1.1686387050187834
3.1622776601683796e-17	0.0	0.0050866605664445785	0.957662844022291	0.12859147910188318	0.9871385738557947	0.1336781396683282	-1.1685519651248217
1.0e-16	0.0	0.005153549639060895	0.957708032898283	0.12855521222260036	0.9871383911089566	0.1337087618616617	-1.1682776634641368
3.1622776601683793e-16	0.0	0.005365139038551181	0.9578509810258535	0.12844051474344598	0.9871378366838428	0.13380565378199716	-1.1674100099398785
1.0e-15	0.0	0.00603429746953843	0.9583032087893716	0.1280778466077228	0.9871358719514305	0.13411214407726213	-1.1646656541349438
3.1622776601683794e-15	0.0	0.008157038330996347	0.9597375281229109	0.12692981125023683	0.9871319799717568	0.13508684958123296	-1.155963414787152
1.0e-14	0.0	0.014871129558470919	0.9642868590632322	0.12330388841034745	0.9870996465311208	0.13817501796881881	-1.1283906974748978
3.1622776601683796e-14	0.0	0.036615947001155114	0.9784757384295466	0.111716769814723	0.9871950794859146	0.14833271681587834	-1.0387040264802847
1.0e-13	0.0	0.10453658563082824	1.0249314793550732	0.07587569840994046	0.9863161208082545	0.18041228404076848	-0.7527196281302135
3.162277660168379e-13	0.0	0.26298736681337287	1.0730216562618569	-0.02538818551332689	0.9884906110144485	0.23759918130004598	0.17837263939391335
1.0e-12	0.0	0.607745324829986	1.0891203126939513	-0.2544485392818112	0.9862212147172045	0.3532967855481748	2.5986451955433534
3.1622776601683794e-12	0.0	0.8323204748057207	1.140375679724606	-0.5047573758692199	0.987393479668583	0.32756309893650015	5.6286861894837035
1.0e-11	0.0	1.0095507124789918	0.9932320430604176	-0.7234868909703147	0.9869901314975564	0.28606382150867704	9.233453658263986
3.1622776601683794e-11	0.0	1.0550135406161978	1.0169537789860432	-0.8699188225734074	0.9871726129279921	0.18509471804279043	11.727110380778687
1.0e-10	0.0	1.0815970711777405	0.9906787790118993	-0.903546304872231	0.9871115286063485	0.1780507663055091	12.4476417910832
3.1622776601683795e-10	0.0	1.0873823751735654	1.0004116937880532	-0.9635385433431494	0.9871496389977352	0.12384383183041647	13.762073217387616
1.0e-9	0.0	1.0934352179746103	0.9948774245021659	-0.9749559442684008	0.9871344089196512	0.11847927370621036	14.035127631511276
3.1622776601683795e-9	0.0	1.0944312755866568	0.9987520271239303	-1.0038825231980955	0.9871461958411345	0.09054875238856086	14.745826747861582
1.0e-8	0.0	1.096492657598053	0.9969879578746276	-1.0096683029482119	0.9871408345208295	0.08682435464984195	14.893968125087722
3.162277660168379e-8	0.0	1.0966740597051419	0.9987887541499486	-1.0261437902260537	0.9871455727078846	0.07053026947908902	15.323530092893456
1.0e-7	0.0	1.0975734081509398	0.9980537932155699	-1.029666447391877	0.9871432271094633	0.06790696075906344	15.417582626529358
3.162277660168379e-7	0.0	1.0975796005639524	0.9990103779123526	-1.040179641725865	0.9871454969151507	0.05739995883808757	15.701604217950267
1.0e-6	0.0	1.0980401945425218	0.9986460273680662	-1.0425556700721272	0.9871443177380819	0.05548452447039476	15.766800421193487
3.162277660168379e-6	0.0	1.0980079506070575	0.9992077372133581	-1.0498082472827583	0.9871455606278694	0.04819970332429979	15.967382378713822
1.0e-5	0.0	1.0982725699603195	0.9990047232148168	-1.0515209636843776	0.9871449551405931	0.04675160627594188	16.015277483748825
3.1622776601683795e-5	0.0	1.0982391888440963	0.9993619494296423	-1.0568132530810153	0.9871457784048516	0.0414259357630804	16.164085740362893
0.0001	0.0	1.0984156343437266	0.9992441239322726	-1.0581126049741303	0.9871457358547069	0.0403030293695954	16.200912848735236
0.00031622776601683794	0.0	1.098423699063162	0.999502045697589	-1.062157177445401	0.9871466883327766	0.03626652161776067	16.315993357833108
0.001	0.0	1.0986633342734535	0.9994818838513594	-1.0632352555811764	0.9871470605609023	0.035428078692277154	16.34670169654041
0.0031622776601683794	0.0	1.0990594154062867	0.9998726744773411	-1.0666082691652088	0.9871416971973641	0.0324511462410777	16.44303632872477
0.010000000000000002	0.0	1.1006951915484446	1.0009553365411397	-1.068158615661511	0.9869619573451764	0.032536575886933594	16.485939200333004
0.03162277660168379	0.0	1.1165103372592702	1.0148396055140383	-1.0762407891882506	0.9828998416516708	0.0402695480710209	16.69118201337239
0.1	0.0	1.180612346498593	1.0518841243195385	-1.1062170023593723	0.9572935190613574	0.07439534413922044	17.508645250885376
0.31622776601683794	0.0	1.2881925605856446	1.0551474496145585	-1.1837755314067744	0.8910390298050421	0.10441702917887019	19.77607279317815
1.0	0.0	1.628391068269262	1.0655440821632822	-1.4290371351688949	0.6815239385439285	0.19935393310036642	26.946308256221077
