# 1 temperature | 2 magnetic susceptibility | 3 entropy | 4 heat capacity | 5 free energy | 6 number of particles | 7 energy | 8 partition function
1.0e-20	0.0	3.556435250355508	1.1129864310339035	-1.9650171538321561	63.00000000000039	1.5914180965233518	7.135034982301206
3.162277660168379e-20	0.0	3.099894854434121	2.3387305048784617	-2.328578147402259	61.50000000000034	0.771316707031862	10.26333819952936
1.0e-19	0.0	3.556435250355493	1.112986431033931	-1.9650171538321204	60.000000000000355	1.5914180965233724	7.135034982300951
3.162277660168379e-19	0.0	3.0998948544341585	2.3387305048786073	-2.3285781474022302	58.50000000000033	0.7713167070319282	10.263338199529066
1.0e-18	0.0	3.5564352503555394	1.1129864310338715	-1.965017153832162	57.00000000000036	1.5914180965233773	7.135034982301247
3.1622776601683795e-18	0.0	3.0998948544343063	2.3387305048785194	-2.328578147402193	55.50000000000036	0.7713167070321134	10.263338199528683
1.0e-17	0.0	3.5564352503555217	1.1129864310338946	-1.9650171538322083	54.00000000000037	1.5914180965233136	7.135034982301578
3.1622776601683796e-17	0.0	3.099894854434332	2.338730504878512	-2.3285781474023235	52.50000000000032	0.7713167070320088	10.263338199530024
1.0e-16	0.0	3.5564352503555265	1.1129864310338866	-1.9650171538322287	51.000000000000306	1.5914180965232978	7.135034982301724
3.1622776601683793e-16	0.0	3.0998948544343836	2.3387305048785447	-2.328578147402354	49.500000000000384	0.7713167070320293	10.263338199530335
1.0e-15	0.0	3.5564352503555314	1.1129864310338484	-1.9650171538322536	48.000000000000426	1.5914180965232776	7.135034982301901
3.1622776601683794e-15	0.0	3.0998948544342757	2.3387305048785416	-2.328578147402271	46.50000000000038	0.7713167070320047	10.263338199529482
1.0e-14	0.0	3.5564352503555456	1.1129864310338728	-1.9650171538322172	45.000000000000355	1.5914180965233282	7.135034982301641
3.1622776601683796e-14	0.0	3.0998948544343436	2.33873050487844	-2.328578147402427	43.500000000000306	0.7713167070319165	10.263338199531086
1.0e-13	0.0	3.5564352503555017	1.1129864310339217	-1.9650171538322176	42.00000000000034	1.591418096523284	7.135034982301645
3.162277660168379e-13	0.0	3.0998948544343303	2.3387305048784874	-2.3285781474022875	40.500000000000334	0.7713167070320426	10.263338199529654
1.0e-12	0.0	3.5564352503555225	1.1129864310338795	-1.9650171538322205	39.00000000000032	1.5914180965233022	7.135034982301665
3.1622776601683794e-12	0.0	3.0998948544342504	2.338730504878482	-2.3285781474023053	37.50000000000029	0.7713167070319452	10.263338199529837
1.0e-11	0.0	3.5564352503555074	1.1129864310339164	-1.9650171538321726	36.00000000000032	1.591418096523335	7.135034982301322
3.1622776601683794e-11	0.0	3.0998948544342686	2.3387305048785016	-2.328578147402349	34.5000000000003	0.7713167070319199	10.263338199530281
1.0e-10	0.0	3.5564352503555234	1.1129864310338924	-1.9650171538321994	33.00000000000032	1.5914180965233242	7.135034982301514
3.1622776601683795e-10	0.0	3.0998948544343037	2.3387305048784963	-2.32857814740242	31.500000000000302	0.7713167070318838	10.263338199531011
1.0e-9	0.0	3.55643525035552	1.1129864310338742	-1.9650171538322154	30.000000000000288	1.5914180965233042	7.135034982301629
3.1622776601683795e-9	0.0	3.099894854434138	2.3387305048784564	-2.3285781474023333	28.500000000000327	0.7713167070318047	10.263338199530123
1.0e-8	0.0	3.556435250355492	1.1129864310339355	-1.9650171538321235	27.000000000000345	1.5914180965233684	7.135034982300973
3.162277660168379e-8	0.0	3.0998948544340923	2.3387305048783276	-2.3285781474021934	25.500000000000345	0.771316707031899	10.263338199528688
1.0e-7	0.0	3.5564352503553893	1.112986431033863	-1.9650171538320462	24.00000000000035	1.591418096523343	7.1350349823004215
3.162277660168379e-7	0.0	3.099894854432156	2.3387305048764224	-2.328578147401621	22.500000000000366	0.7713167070305351	10.263338199522813
1.0e-6	0.0	3.556435250354104	1.112986431033692	-1.9650171538305297	21.00000000000034	1.5914180965235747	7.1350349822896
3.162277660168379e-6	0.0	3.099894854412475	2.3387305048589755	-2.3285781473951976	19.500000000000252	0.7713167070172774	10.263338199456886
1.0e-5	0.0	3.556435250341689	1.1129864310297517	-1.9650171538155712	18.000000000000245	1.591418096526118	7.135034982182871
3.1622776601683795e-5	0.0	3.0998948542001754	2.3387305046669584	-2.328578147325141	16.500000000000142	0.7713167068750348	10.26333819873787
0.0001	0.0	3.556435250233249	1.1129864312011422	-1.9650171536570036	15.000000000000094	1.591418096576245	7.1350349810514855
0.00031622776601683794	0.0	3.099894854176747	2.338730504645836	-2.328578147317594	13.500000000000098	0.771316706859153	10.263338198660415
0.001	0.0	3.556435249148607	1.112986432916132	-1.9650171520699307	12.000000000000094	1.5914180970786762	7.1350349697276645
0.0031622776601683794	0.0	3.0998948518382488	2.3387305025327176	-2.3285781465463433	10.500000000000027	0.7713167052919052	10.263338190744806
0.010000000000000002	0.0	3.556435140681551	1.1129866044149495	-1.9650169933621804	8.999999999999975	1.5914181473193705	7.135033837342406
0.03162277660168379	0.0	3.0998946179791727	2.338730291223723	-2.328578069419324	7.499999999999978	0.7713165485598489	10.263337399164154
0.1	0.0	3.5564242943219884	1.1130037537302044	-1.9650011231822584	5.99999999999999	1.59142317113973	7.134920603970178
0.31622776601683794	0.0	3.0998713488832177	2.3387092653176724	-2.3285703952828247	4.5	0.771300953600393	10.26325863721423
1.0	0.0	3.552346881077594	1.087475394090017	-1.96314780196737	3.0000000000000004	1.5891990791102237	7.121709550192857
