# 1 temperature | 2 magnetic susceptibility | 3 entropy | 4 heat capacity | 5 free energy | 6 number of particles | 7 energy | 8 partition function
1.0e-20	0.0	3.328165052394813	1.725858467956177	-2.146797650617209	62.363962038997556	1.1813674017776044	8.699186590915295
3.162277660168379e-20	0.0	3.3281650523948123	1.725858467956186	-2.146797650617203	61.8896203899723	1.1813674017776092	8.699186590915252
1.0e-19	0.0	3.3281650523948114	1.725858467956214	-2.146797650617186	60.38962038997228	1.1813674017776252	8.699186590915119
3.162277660168379e-19	0.0	3.328165052394831	1.7258584679562619	-2.1467976506171804	58.88962038997228	1.1813674017776508	8.699186590915044
1.0e-18	0.0	3.3281650523948665	1.7258584679562288	-2.1467976506171915	57.38962038997228	1.181367401777675	8.69918659091511
3.1622776601683795e-18	0.0	3.3281650523949207	1.7258584679561983	-2.146797650617183	55.88962038997229	1.1813674017777376	8.699186590915005
1.0e-17	0.0	3.328165052394917	1.7258584679562061	-2.1467976506172164	54.3896203899723	1.181367401777701	8.699186590915291
3.1622776601683796e-17	0.0	3.3281650523949278	1.7258584679562023	-2.1467976506172683	52.88962038997227	1.1813674017776594	8.699186590915819
1.0e-16	0.0	3.3281650523949358	1.7258584679562032	-2.1467976506172795	51.38962038997225	1.1813674017776559	8.699186590915911
3.1622776601683793e-16	0.0	3.3281650523949557	1.725858467956211	-2.1467976506172946	49.88962038997229	1.1813674017776612	8.69918659091605
1.0e-15	0.0	3.3281650523949446	1.7258584679561961	-2.1467976506172937	48.38962038997234	1.1813674017776505	8.699186590916016
3.1622776601683794e-15	0.0	3.328165052394905	1.725858467956198	-2.146797650617258	46.88962038997233	1.1813674017776472	8.69918659091566
1.0e-14	0.0	3.328165052394919	1.725858467956195	-2.1467976506172626	45.38962038997229	1.1813674017776559	8.699186590915755
3.1622776601683796e-14	0.0	3.3281650523949393	1.7258584679561622	-2.146797650617322	43.889620389972265	1.181367401777617	8.699186590916364
1.0e-13	0.0	3.328165052394921	1.7258584679561864	-2.1467976506173057	42.389620389972265	1.1813674017776155	8.699186590916193
3.162277660168379e-13	0.0	3.3281650523949184	1.7258584679561995	-2.146797650617253	40.88962038997227	1.1813674017776656	8.699186590915652
1.0e-12	0.0	3.3281650523949167	1.7258584679561828	-2.146797650617256	39.38962038997226	1.1813674017776608	8.699186590915682
3.1622776601683794e-12	0.0	3.3281650523948847	1.7258584679561852	-2.1467976506172572	37.889620389972244	1.1813674017776277	8.69918659091571
1.0e-11	0.0	3.328165052394881	1.7258584679562015	-2.146797650617244	36.389620389972244	1.1813674017776372	8.699186590915634
3.1622776601683794e-11	0.0	3.3281650523948896	1.7258584679562061	-2.146797650617264	34.88962038997225	1.1813674017776261	8.699186590915826
1.0e-10	0.0	3.3281650523949002	1.7258584679561964	-2.146797650617283	33.38962038997225	1.1813674017776177	8.699186590915986
3.1622776601683795e-10	0.0	3.328165052394913	1.7258584679561921	-2.1467976506173114	31.889620389972244	1.1813674017776017	8.699186590916277
1.0e-9	0.0	3.3281650523948922	1.7258584679561804	-2.146797650617307	30.389620389972237	1.1813674017775844	8.699186590916213
3.1622776601683795e-9	0.0	3.3281650523948256	1.7258584679561726	-2.1467976506172635	28.88962038997225	1.1813674017775622	8.699186590915797
1.0e-8	0.0	3.3281650523948096	1.7258584679561804	-2.1467976506172115	27.389620389972272	1.181367401777598	8.699186590915376
3.162277660168379e-8	0.0	3.32816505239478	1.7258584679561229	-2.146797650617149	25.889620389972283	1.1813674017776306	8.699186590914763
1.0e-7	0.0	3.328165052394508	1.7258584679558664	-2.146797650617051	24.389620389972286	1.1813674017774571	8.699186590913849
3.162277660168379e-7	0.0	3.328165052393618	1.7258584679551223	-2.1467976506166515	22.889620389972293	1.1813674017769669	8.699186590910317
1.0e-6	0.0	3.3281650523907658	1.7258584679529614	-2.1467976506153037	21.389620389972276	1.1813674017754623	8.699186590898286
3.162277660168379e-6	0.0	3.3281650523817983	1.7258584679458604	-2.1467976506110666	19.889620389972222	1.1813674017707316	8.699186590860421
1.0e-5	0.0	3.3281650523515793	1.7258584679212974	-2.1467976505969686	18.389620389972173	1.1813674017546107	8.699186590733506
3.1622776601683795e-5	0.0	3.328165052257906	1.7258584678689437	-2.146797650551308	16.889620389972112	1.181367401706598	8.69918659032446
0.0001	0.0	3.328165052213898	1.725858467931513	-2.1467976504901656	15.389620389972048	1.1813674017237321	8.699186589885374
0.00031622776601683794	0.0	3.3281650520747035	1.725858468129505	-2.1467976502966493	13.889620389972032	1.1813674017780544	8.699186588495659
0.001	0.0	3.3281650513817613	1.7258584685271425	-2.1467976496011145	12.389620389972023	1.1813674017806466	8.699186583243165
0.0031622776601683794	0.0	3.3281650374636564	1.7258584883259838	-2.1467976302431246	10.889620389971983	1.1813674072205314	8.699186444206717
0.010000000000000002	0.0	3.3281649681672185	1.7258585280900158	-2.14679756068926	9.389620389971931	1.1813674074779588	8.699185918953763
0.03162277660168379	0.0	3.3281635763947524	1.7258605079071843	-2.1467956249610016	7.889620389971915	1.1813679514337503	8.699172015920439
0.1	0.0	3.3281566609146718	1.7258644967076893	-2.1467886744333518	6.389620389971924	1.1813679864813205	8.699119540166901
0.31622776601683794	0.0	3.327658016070957	1.7227898760933429	-2.146563126173649	4.889620389971933	1.1810948898973082	8.697502622456094
1.0	0.0	3.3260811626213194	1.7130670720111016	-2.145849879950701	0.14620389971939463	1.180231282670618	8.692389479700882
