0.6961665980705520551232930599133452983281026523791039401296904339180212975797721	0.34922755089390456	1.0132497713868571	17.79004361435552	0.37136206345720946	2.8786389532967465
2.088499794211656165369879179740035894984307957137311820389071301754063892739308	0.4031544435176804	1.3029333573926984	27.01363275926723	0.05275043056194528	3.296341655586525
6.265499382634968496109637539220107684952923871411935461167213905262191678217958	0.41093501440175956	1.7710368583960479	19.133573011185668	0.48188881870092254	2.9514445412959733
18.79649814790490548832891261766032305485877161423580638350164171578657503465374	0.4151828785508154	1.554664120246329	21.086951369800904	0.56371594507837	3.0486544306895835
56.38949444371471646498673785298096916457631484270741915050492514735972510396148	0.42448618447809455	1.771458744612479	14.861254563339118	0.7401951691996921	2.69875746125351
169.1684833311441493949602135589429074937289445281222574515147754420791753118844	0.4417737614047273	1.5624134781348298	15.95869907138698	0.6926283655360979	2.7700040768815355
507.5054499934324481848806406768287224811868335843667723545443263262375259356533	0.4515800224465556	1.6848279205448793	12.004243780609535	1.0145026977765428	2.4852602356532776
1522.516349980297344554641922030486167443560500753100317063632978978712577806969	0.45770980883447343	1.4693246146515129	13.177484686989333	0.6833992068505044	2.5785096676892043
4567.549049940892033663925766091458502330681502259300951190898936936137733420871	0.4539144665123275	1.5759312722401633	11.052441695876315	0.8143028552008903	2.4026513715065474
13702.64714982267610099177729827437550699204450677790285357269681080841320026268	0.4503182983269589	1.4641346487143432	11.987292358351517	1.3980504231940332	2.483847118545587
41107.94144946802830297533189482312652097613352033370856071809043242523960078791	0.44119799010355665	1.544720979211779	10.82433107365038	1.0910859843055856	2.3817964773972387
123323.8243484040849089259956844693795629284005610011256821542712972757188023637	0.4337934807812414	1.5178943817893675	10.945221397672181	1.0066576256639312	2.392902958972357
369971.4730452122547267779870534081386887852016830033770464628138918271564070923	0.4210550135768433	1.5222209421114985	10.668349649032736	1.8747044302592668	2.3672813812825444
1.109914419135636764180333961160224416066355605049010131139388441675481469221277e+06	0.40895843211909044	1.5935366672073648	9.69913668791772	1.134122389947894	2.2720368803028954
3.329743257406910292541001883480673248199066815147030393418165325026444407663831e+06	0.3912354882874751	1.4889893358663908	10.369950926009073	1.1571899959432141	2.3389122899263883
9.989229772220730877623005650442019744597200445441091180254495975079333222991493e+06	0.3728087357001321	1.6685689739757583	8.247307806788239	2.1825313373824184	2.109886820640617
2.996768931666219263286901695132605923379160133632327354076348792523799966897448e+07	0.3502571272235842	1.4307623713703044	9.737258965251055	2.4647616647759003	2.2759596576428547
8.990306794998657789860705085397817770137480400896982062229046377571399900692315e+07	0.32779690370099035	1.6926777049697965	6.871239148947434	3.494833925282137	1.9273444609951877
2.697092038499597336958211525619345331041244120269094618668713913271419970207706e+08	0.30720367720157604	1.3348280723489159	8.910308965386363	2.794129013217827	2.1872089171313833
8.091276115498792010874634576858035993123732360807283856006141739814259910623072e+08	0.2897242232386706	1.6465259274747035	5.970712249803838	5.04415974791617	1.7868662251130196
2.42738283464963760326239037305741079793711970824218515680184252194427797318694e+09	0.27922300231322067	1.2556416792876464	8.232474854131201	6.6495800189294405	2.108086680800456
7.28214850394891280978717111917223239381135912472655547040552756583283391956082e+09	0.2702470142899172	1.598187541974569	5.576086120630903	9.93460782985796	1.7184871182153691
2.184644551184673842936151335751669718143407737417966641121658269749850175868224e+10	0.26753882053632366	1.2218432368681624	7.898417472500222	3.798234674623489	2.066662419469577
6.553933653554021528808454007255009154430223212253899923364974809249550527604701e+10	0.2630071572639365	1.5768425688323968	5.437777674617873	5.5204526668218925	1.6933704617073386
1.966180096066206458642536202176502746329066963676169977009492442774865158281416e+11	0.26348804870694587	1.209311634705357	7.78612061992475	4.001761647739692	2.0523427409671546
5.898540288198619375927608606529508238987200891028509931028477328324595474844272e+11	0.26055181730540883	1.5693875858417936	5.391693571383713	4.453056783785058	1.6848595417621162
1.769562086459585812778282581958852471696160267308552979308543198497378642453272e+12	0.2621324678505503	1.2050942730836716	7.7488841030271045	3.0972221813589345	2.0475488462919946
5.308686259378757438334847745876557415088480801925658937925629595492135927359817e+12	0.2597312558066252	1.566884141478015	5.376375448407029	12.84294519488844	1.682014438655629
1.592605877813627231500454323762967224526544240577697681377688878647640778207937e+13	0.26168056574899545	1.2036894140481347	7.736506631841538	8.42111411195345	2.045950246161924
4.777817633440881694501362971288901673579632721733093044133066635942922334623827e+13	0.25945760338094076	1.5660483879960463	5.371275792999419	6.7800615400670035	1.6810654581433702
1.43334529003226450835040889138667050207388981651992791323991999078287670038716e+14	0.26152994800529117	1.203221449606234	7.732385149447828	3.9932322181833384	2.045417372501741
4.300035870096793525051226674160011506221669449559783739719759972348630101161457e+14	0.2593663751104232	1.5657696907255476	5.369576675672034	5.589253413251827	1.6807490740674296
1.290010761029038057515368002248003451866500834867935121915927991704589030348437e+15	0.26147974463285045	1.2030655026941082	7.731011821102428	3.8804777999371365	2.045239749389352
3.870032283087114172546104006744010355599502504603805365747783975113767091045311e+15	0.25933596463086733	1.5656767801558449	5.3690103907003754	5.773876401933159	1.6806436067524684
1.161009684926134182147171394967997594350544760046611776914069954623736114344548e+16	0.26146301049004683	1.2030135254908163	7.730554101239664	5.303630182222386	2.045180541950054
3.483029054778402546441514184903992783051634280139835330742209863871208343033628e+16	0.2593258276923325	1.5656458087299305	5.36882163884346	7.636834905993188	1.680608450334224
1.044908716433520931012437792403691064505824663244822197967299530146308134035798e+17	0.26145743247847497	1.202996200330495	7.730401534260175	5.562453627892467	2.0451608061739366
3.13472614930056257026400199463441555406369481746397112890904982912566356060646e+17	0.2593224487005729	1.5656354847857363	5.368758722649582	8.009457249187996	1.6805967314568304
9.404178447901686819698760453596616104375967763309931526755754442123947315815595e+17	0.2614555731453342	1.2029904253372852	7.730350679334417	5.821210696474243	2.0451542275903
2.821253534370506224128277242140310942875813666809375830021005341687792867945445e+18	0.259321322368634	1.5656320434562707	5.368737750705661	8.382022869660052	1.6805928251563305
8.463760603111518672384831726420932828627441000428127490063016025063378603836296e+18	0.2614549533680751	1.2029885003422072	7.7303337278060695	5.854646916177443	2.0451520347341625
2.539128180933455744290368802775340737838650970381555344614328014759500519711502e+19	0.2593209469245005	1.5656308963450476	5.368730760070043	7.636888248879887	1.6805915230550743
7.617384542800367232871106408326022213515952911144666033842984044278501559134412e+19	0.2614547467757063	1.2029878586733997	7.7303280773408725	5.303785246953368	2.0451513037867723
2.285215362840109827681525638860060529853781064735918775923879515906381815194889e+20	0.25932082177643656	1.565630513974688	5.368728429858435	9.187096066364974	1.680591089020995
6.85564608852032993928431862809717643516268293901773104007699281088870364897858e+20	0.2614546779115934	1.2029876447792391	7.730326193889305	5.562507833786223	2.045151060142288
2.056693826556098981785295588429152930548804881705319312023097843266611094693584e+21	0.25932078006041076	1.5656303865181178	5.3687276531200645	8.381955366403307	1.680590944342709
6.170081479668297310347680134501054668127486440963937705913576940335479846795923e+21	0.2614546549568949	1.2029875734765962	7.730325566107904	5.821229601124189	2.0451509789320768
1.851024443900489047107586692664878049845817213949989403836359717886385328952717e+22	0.25932076615506644	1.5656303440328414	5.368727394206035	8.754487138096186	1.680590896116378
5.553073331701467725309629468736387551907166515206735843259932610516190487202375e+22	0.2614546473053294	1.2029875497044353	7.730325356883129	6.079951081286345	2.0451509518666215
1.665921999510440200795514962472565585098206979890667226627809091783450246091871e+23	0.2593207615199444	1.5656303298713128	5.368727307900016	9.127018652355572	1.6805908800406841
4.997765998531320602386544887417696755294620939672001679883427275350350738275587e+23	0.2614546447548071	1.2029875417757594	7.730325287177145	7.5029184226616215	2.0451509428494097
1.499329799559396180715963466225309026588386281901600503965028182605105221482681e+24	0.2593207599749011	1.5656303251510182	5.368727279130107	10.803373126570312	1.680590874681889
4.497989398678188355272092193638565991006850086230635869734811441621064624337876e+24	0.26145464390464	1.202987539128209	7.7303252639779005	7.536617594629024	2.04515093984834
1.349396819603456581331946940106514232805378529658857017784552674964019803345421e+25	0.25932075945988525	1.5656303235778606	5.3687272695387716	11.827344358417252	1.6805908728953696
4.048190458810370042997117948379320440429429604135236080810094994802861074212499e+25	0.26145464362125054	1.202987538241086	7.730325256280481	12.804148466617386	2.0451509388525966
1.214457137643110833498369107677929486920852472145371807769166316494377323758016e+26	0.25932075928820636	1.565630323053688	5.368727266340317	19.233823519176443	1.680590872299613
3.643371412929332978897150727929432847983827840689979467237798101340414633956035e+26	0.2614546435267905	1.2029875379407524	7.730325253750266	12.30016777106714	2.0451509385252864
1.093011423878799845828940877889265415673021309781607435778309515216396123918602e+27	0.25932075923097697	1.5656303228791886	5.368727265272957	11.611843066944457	1.6805908721008025
3.279034271636399537486822633667796247019063929344822307334928545649188371755807e+27	0.26145464349530684	1.20298753783602	7.730325252942688	8.279082446270959	2.0451509384208175
9.837102814909198995182102624919904250834208127437558157149024958433391245413044e+27	0.259320759211898	1.565630322821253	5.36872726491601	11.921002946993402	1.6805908720343161
2.95113084447275954546597689790936507133945590247003095308701175893568692156569e+28	0.2614546434848149	1.2029875377964505	7.730325252709578	8.28785639679531	2.045150938390662
8.853392533418278024043315135461670398375141564365146883030252362429738956464039e+28	0.2593207592055373	1.565630322802186	5.368727264795733	11.950970442086376	1.6805908720119127
2.656017760025483774625763875598356008898478155136511650647545457355314771878982e+29	0.2614546434813254	1.2029875377786348	7.730325252667818	8.285809996353398	2.04515093838526
7.968053280076450344109906733568788321666272636537621389973383709062229422464235e+29	0.25932075920341846	1.5656303227960546	5.368727264754514	11.92095020461616	1.6805908720042353
