# 1 temperature | 2 magnetic susceptibility | 3 entropy | 4 heat capacity | 5 free energy | 6 number of particles | 7 energy | 8 partition function
2.0749886691045426e-20	0.29064152792287135	3.645381980380489	2.538497339058488	-2.065005337378273	99.74502964531074	1.5803766430022164	8.025542582469505
3.280845156705906e-20	0.2906415279228709	3.645381980380474	2.5384973390584786	-2.0650053373782726	99.11257411327705	1.5803766430022015	8.025542582469495
5.187471672761357e-20	0.29064152792287007	3.6453819803804497	2.5384973390584644	-2.0650053373782717	98.11257411327705	1.580376643002178	8.025542582469477
8.202112891764765e-20	0.290641527922868	3.6453819803804257	2.5384973390584813	-2.0650053373782584	97.11257411327703	1.5803766430021673	8.025542582469367
1.2968679181903392e-19	0.2906415279228667	3.6453819803804155	2.538497339058508	-2.0650053373782495	96.11257411327702	1.5803766430021664	8.025542582469315
2.0505282229411913e-19	0.290641527922867	3.645381980380418	2.53849733905853	-2.065005337378248	95.11257411327705	1.5803766430021702	8.025542582469315
3.242169795475848e-19	0.2906415279228677	3.645381980380427	2.5384973390585417	-2.065005337378242	94.11257411327708	1.580376643002185	8.025542582469281
5.126320557352978e-19	0.2906415279228674	3.6453819803804395	2.538497339058531	-2.065005337378249	93.11257411327708	1.58037664300219	8.025542582469335
8.10542448868962e-19	0.29064152792286624	3.6453819803804475	2.538497339058517	-2.0650053373782606	92.11257411327708	1.5803766430021873	8.025542582469416
1.2815801393382446e-18	0.29064152792286563	3.6453819803804524	2.538497339058517	-2.0650053373782695	91.11257411327708	1.5803766430021828	8.025542582469487
2.0263561221724046e-18	0.290641527922866	3.645381980380456	2.538497339058516	-2.0650053373782735	90.11257411327709	1.5803766430021824	8.025542582469509
3.2039503483456116e-18	0.2906415279228663	3.6453819803804564	2.538497339058514	-2.0650053373782677	89.11257411327708	1.5803766430021888	8.02554258246946
5.065890305431012e-18	0.290641527922866	3.6453819803804546	2.5384973390585204	-2.0650053373782646	88.11257411327709	1.5803766430021902	8.025542582469443
8.00987587086403e-18	0.29064152792286624	3.6453819803804564	2.538497339058526	-2.065005337378266	87.11257411327709	1.5803766430021908	8.025542582469454
1.2664725763577531e-17	0.29064152792286724	3.6453819803804612	2.538497339058522	-2.0650053373782646	86.11257411327708	1.5803766430021966	8.025542582469441
2.0024689677160073e-17	0.29064152792286796	3.6453819803804617	2.5384973390585124	-2.0650053373782633	85.11257411327708	1.5803766430021984	8.025542582469427
3.166181440894383e-17	0.29064152792286796	3.6453819803804586	2.5384973390585124	-2.065005337378264	84.11257411327708	1.580376643002194	8.025542582469434
5.006172419290018e-17	0.2906415279228678	3.6453819803804555	2.5384973390585097	-2.065005337378264	83.11257411327708	1.580376643002191	8.025542582469432
7.915453602235957e-17	0.2906415279228677	3.645381980380448	2.53849733905849	-2.0650053373782633	82.11257411327709	1.580376643002185	8.02554258246942
1.2515431048225045e-16	0.2906415279228666	3.6453819803804324	2.538497339058472	-2.0650053373782598	81.11257411327709	1.5803766430021726	8.02554258246939
1.978863400558989e-16	0.290641527922865	3.6453819803804137	2.5384973390584706	-2.065005337378259	80.11257411327708	1.5803766430021546	8.025542582469388
3.1288577620562614e-16	0.29064152792286235	3.645381980380398	2.538497339058493	-2.0650053373782518	79.11257411327708	1.5803766430021464	8.025542582469349
4.947158501397472e-16	0.2906415279228596	3.645381980380395	2.538497339058531	-2.0650053373782358	78.11257411327708	1.5803766430021597	8.025542582469235
7.822144405140653e-16	0.2906415279228588	3.645381980380408	2.5384973390585515	-2.065005337378232	77.1125741132771	1.580376643002176	8.025542582469203
1.2367896253493683e-15	0.2906415279228603	3.645381980380422	2.53849733905854	-2.0650053373782367	76.1125741132771	1.580376643002186	8.025542582469244
1.9555361012851634e-15	0.2906415279228626	3.645381980380427	2.5384973390585133	-2.06500533737825	75.11257411327712	1.580376643002177	8.025542582469352
3.0919740633734206e-15	0.29064152792286335	3.6453819803804235	2.5384973390584946	-2.0650053373782598	74.11257411327712	1.5803766430021635	8.025542582469422
4.888840253212909e-15	0.29064152792286246	3.645381980380419	2.538497339058506	-2.065005337378258	73.11257411327712	1.5803766430021609	8.02554258246941
7.729935158433552e-15	0.2906415279228619	3.645381980380424	2.5384973390585364	-2.0650053373782526	72.11257411327712	1.5803766430021713	8.02554258246937
1.222210063303227e-14	0.29064152792286263	3.6453819803804377	2.538497339058547	-2.0650053373782518	71.11257411327712	1.5803766430021862	8.025542582469356
1.9324837896083877e-14	0.29064152792286446	3.6453819803804484	2.5384973390585293	-2.0650053373782558	70.11257411327713	1.5803766430021926	8.025542582469386
3.055525158258068e-14	0.290641527922866	3.64538198038045	2.538497339058517	-2.0650053373782598	69.11257411327713	1.5803766430021904	8.02554258246942
4.83120947402097e-14	0.29064152792286646	3.645381980380452	2.5384973390585226	-2.0650053373782655	68.11257411327712	1.5803766430021864	8.025542582469464
7.638812895645169e-14	0.29064152792286674	3.645381980380456	2.538497339058523	-2.0650053373782717	67.11257411327713	1.5803766430021842	8.025542582469516
1.2078023685052426e-13	0.29064152792286724	3.6453819803804572	2.538497339058515	-2.0650053373782766	66.11257411327713	1.5803766430021806	8.025542582469555
1.9097032239112925e-13	0.2906415279228671	3.6453819803804572	2.538497339058516	-2.0650053373782815	65.11257411327713	1.5803766430021753	8.025542582469598
3.0195059212631063e-13	0.2906415279228667	3.645381980380459	2.538497339058524	-2.0650053373782873	64.11257411327715	1.5803766430021713	8.025542582469647
4.774258059778231e-13	0.2906415279228661	3.6453819803804626	2.538497339058519	-2.065005337378295	63.11257411327715	1.5803766430021677	8.025542582469715
7.548764803157765e-13	0.290641527922865	3.645381980380462	2.538497339058509	-2.065005337378298	62.11257411327717	1.5803766430021644	8.025542582469734
1.1935645149445578e-12	0.2906415279228638	3.6453819803804572	2.538497339058508	-2.0650053373782935	61.11257411327719	1.5803766430021637	8.025542582469704
1.8871912007894414e-12	0.2906415279228636	3.64538198038045	2.538497339058498	-2.065005337378288	60.11257411327719	1.5803766430021615	8.025542582469676
2.9839112873613942e-12	0.2906415279228639	3.645381980380435	2.538497339058467	-2.0650053373782917	59.11257411327718	1.5803766430021438	8.025542582469704
4.717978001973603e-12	0.2906415279228626	3.6453819803804057	2.53849733905843	-2.065005337378282	58.11257411327716	1.5803766430021238	8.025542582469612
7.459778218403486e-12	0.29064152792285913	3.6453819803803555	2.5384973390583907	-2.0650053373782504	57.11257411327716	1.5803766430021053	8.02554258246936
1.1794945004934008e-11	0.2906415279228547	3.6453819803802814	2.538497339058334	-2.0650053373782096	56.11257411327717	1.5803766430020716	8.025542582469047
1.8649445546008714e-11	0.2906415279228479	3.645381980380173	2.538497339058251	-2.065005337378156	55.11257411327717	1.5803766430020172	8.025542582468624
2.948736251233502e-11	0.2906415279228366	3.645381980380021	2.53849733905812	-2.065005337378079	54.11257411327716	1.5803766430019421	8.025542582468026
4.662361386502178e-11	0.29064152792281883	3.645381980379792	2.5384973390578844	-2.0650053373779684	53.11257411327716	1.580376643001824	8.025542582467153
7.371840628083755e-11	0.29064152792279074	3.6453819803794225	2.538497339057496	-2.0650053373777904	52.11257411327718	1.5803766430016326	8.025542582465743
1.1655903466255446e-10	0.29064152792274556	3.645381980378826	2.538497339056888	-2.0650053373775057	51.11257411327718	1.5803766430013204	8.025542582463498
1.8429601570209385e-10	0.2906415279226733	3.645381980377879	2.538497339055935	-2.0650053373770527	50.11257411327718	1.5803766430008257	8.025542582459913
2.9139758665638616e-10	0.29064152792255904	3.645381980376378	2.53849733905444	-2.0650053373763213	49.11257411327718	1.5803766430000563	8.025542582454145
4.607400392552347e-10	0.29064152792237874	3.64538198037401	2.538497339052091	-2.0650053373751605	48.11257411327718	1.5803766429988493	8.025542582444986
7.284939666409654e-10	0.2906415279220944	3.6453819803702823	2.538497339048388	-2.0650053373733424	47.112574113277184	1.58037664299694	8.025542582430617
1.1518500981380867e-9	0.29064152792164644	3.6453819803644048	2.5384973390425287	-2.06500533737049	46.112574113277184	1.5803766429939148	8.02554258240811
1.8212349166024135e-9	0.2906415279209399	3.6453819803551166	2.5384973390332495	-2.0650053373659754	45.112574113277184	1.5803766429891417	8.025542582372495
2.8796252453452165e-9	0.2906415279198241	3.645381980340429	2.538497339018557	-2.06500533735883	44.11257411327719	1.5803766429815984	8.025542582316117
4.553087291506034e-9	0.2906415279180603	3.6453819803171967	2.5384973389952963	-2.0650053373475536	43.1125741132772	1.5803766429696433	8.02554258222711
7.1990631133630415e-9	0.2906415279152689	3.645381980280443	2.5384973389585097	-2.0650053373297146	42.1125741132772	1.5803766429507284	8.025542582086295
1.1382718228765085e-8	0.29064152791085235	3.645381980222312	2.538497338900373	-2.0650053373014874	41.11257411327719	1.5803766429208248	8.025542581863506
1.7997657783407604e-8	0.2906415279038681	3.6453819801304044	2.5384973388084915	-2.0650053372568418	40.11257411327719	1.5803766428735624	8.02554258151111
2.8456795571912707e-8	0.29064152789282616	3.6453819799851033	2.5384973386632184	-2.0650053371862525	39.11257411327719	1.5803766427988504	8.02554258095393
4.499414445851902e-8	0.29064152787536834	3.64538197975537	2.5384973384335	-2.065005337074666	38.11257411327719	1.580376642680704	8.025542580073191
7.114198892978178e-8	0.29064152784776554	3.6453819793921323	2.5384973380702727	-2.06500533689824	37.11257411327719	1.580376642493892	8.025542578680668
1.1248536114629754e-7	0.29064152780412156	3.6453819788178	2.53849733749596	-2.065005336619276	36.112574113277184	1.580376642198524	8.025542576478802
1.7785497232445447e-7	0.2906415277351142	3.6453819779096994	2.538497336587894	-2.065005336178194	35.112574113277184	1.5803766417315053	8.025542572997338
2.812134028657438e-7	0.2906415276260037	3.6453819764738666	2.5384973351521314	-2.0650053354807847	34.11257411327719	1.5803766409930822	8.025542567492685
4.446374308111361e-7	0.29064152745348487	3.6453819742036284	2.5384973328820233	-2.065005334378082	33.11257411327718	1.5803766398255465	8.02554255878906
7.030335071643596e-7	0.2906415271807102	3.6453819706140935	2.5384973292926727	-2.065005332634566	32.112574113277184	1.5803766379795277	8.025542545027507
1.1115935770278402e-6	0.29064152674941823	3.6453819649385517	2.5384973236173645	-2.065005329877839	31.112574113277176	1.5803766350607127	8.025542523268678
1.757583767910899e-6	0.2906415260674877	3.6453819559647127	2.5384973146438603	-2.06500532551907	30.112574113277173	1.5803766304456426	8.025542488864936
2.778983942569601e-6	0.2906415249892599	3.6453819417757907	2.538497300455456	-2.0650053186272546	29.11257411327718	1.580376623148536	8.025542434467866
4.393959419777248e-6	0.29064152328442766	3.6453819193410664	2.5384972780214703	-2.065005307730322	28.11257411327719	1.5803766116107445	8.025542348458394
6.947459856424001e-6	0.29064152058883713	3.6453818838683936	2.5384972425494006	-2.065005290500679	27.112574113277198	1.5803765933677143	8.025542212464966
1.0984898549443119e-5	0.2906415163266787	3.645381827780183	2.5384971864602632	-2.065005263257957	26.112574113277198	1.5803765645222259	8.02554199743796
1.7368649641060006e-5	0.2906415095873951	3.645381739092727	2.5384970977622574	-2.0650052201824263	25.11257411327719	1.5803765189103003	8.02554165744386
2.7462246373607793e-5	0.2906414989307633	3.6453815988497773	2.538496957473426	-2.0650051520699613	24.112574113277198	1.580376446779816	8.025541119827263
4.342162410265001e-5	0.29064148207769636	3.645381377040194	2.5384967354500994	-2.0650050443587284	23.112574113277198	1.5803763326814655	8.025540269676556
6.865561593401949e-5	0.290641455416778	3.64538102608259	2.538496383701676	-2.0650048739886215	22.112574113277205	1.5803761520939683	8.02553892486416
0.00010855406025662504	0.2906414132084961	3.6453804701449064	2.5384958243288613	-2.065004604361409	21.112574113277205	1.5803758657834974	8.025536796906888
0.00017163903983504874	0.2906413462567474	3.6453795873466532	2.5384949292863457	-2.0650041770576606	20.11257411327721	1.5803754102889926	8.025533422929408
0.00027138515064156256	0.29064123958289123	3.645378176103521	2.5384934665902685	-2.0650034976521754	19.112574113277216	1.5803746784513453	8.025528063521953
0.0004290975995876218	0.29064106777640625	3.645375891026489	2.5384910181163822	-2.0650024089066	18.112574113277226	1.5803734821198892	8.025519451429933
0.0006784628766039063	0.2906407856957025	3.6453720919543713	2.5384866397489905	-2.0650006378974677	17.112574113277226	1.5803714540569036	8.025505510872422
0.0010727439989690545	0.2906403081897679	3.6453656630858964	2.538479695768971	-2.064997684906372	16.112574113277216	1.5803679781795243	8.025482014658298
0.001696157191509766	0.2906395486825983	3.6453562292960067	2.538474852283918	-2.0649929068701094	15.112574113277208	1.5803633224258973	8.025444152396128
0.002681859997422636	0.29063862710762145	3.6453463496034595	2.538478041047666	-2.0649863212476136	14.112574113277203	1.5803600283558459	8.025393512203223
0.004240392978774415	0.2906378756116974	3.6453391925390783	2.538484983779078	-2.0649792145753985	13.1125741132772	1.5803599779636799	8.025335038431937
0.006704649993556591	0.29063735553136866	3.645334423505666	2.5384906553592175	-2.06497295488081	12.112574113277196	1.580361468624856	8.025289958611962
0.010600982446936039	0.29063653322680993	3.6453268832502967	2.5384996234100194	-2.064963057475648	11.112574113277194	1.5803638257746488	8.025218682817485
0.016761624983891478	0.29063453870792744	3.6453083415858014	2.5385203635338116	-2.0649421469982947	10.112574113277196	1.5803661945875072	8.025055906548687
0.026502456117340093	0.29062940063094345	3.6452612312273356	2.5385764187121804	-2.064880297248126	9.112574113277201	1.5803809339792099	8.024610551986115
0.04190406245972869	0.29061694827114715	3.6451454813110535	2.5387059614063965	-2.0647497115003017	8.112574113277208	1.5803957698107518	8.02359432956689
0.06625614029335024	0.2905848556400876	3.6448495793875098	2.539025787714686	-2.064363377645832	7.112574113277214	1.5804862017416776	8.020814694766749
0.10476015614932176	0.29049761980775757	3.643697858475865	2.5359221660908444	-2.063511582835814	6.112574113277212	1.580186275640051	8.014130612789033
0.16564035073337557	0.2899113400535632	3.630386594664779	2.4738351869455846	-2.059555742861222	5.11257411327721	1.570830851803557	7.986744402320663
0.2619003903733043	0.28528143543184137	3.536589635676024	2.163007509001792	-2.0375520063190913	4.1125741132772085	1.4990376293569327	7.800520155338205
0.414100876833439	0.2648781894773994	3.2036077407493666	1.4836913680395099	-1.938709836378111	3.1125741132772076	1.2648979043712558	7.173049535978466
0.6547509759332608	0.2326178250390729	2.677117136965815	0.4095982396611001	-1.7824266434346467	1.5314352831930163	0.8946904935311685	6.180931374971807
