# 1 temperature | 2 magnetic susceptibility | 3 entropy | 4 heat capacity | 5 free energy | 6 number of particles | 7 energy | 8 partition function
2.0749886691045426e-20	0.29055272855511827	3.646580721918148	2.5404349262690986	-1.8767091967462648	99.99999999999986	1.7698715251718833	6.53197401339141
3.280845156705906e-20	0.2907303272906235	3.6441832388428166	2.5365597518478817	-2.2533014780102762	98.99999999999984	1.3908817608325403	9.51911115154755
5.187471672761357e-20	0.29055272855511827	3.646580721918106	2.5404349262690404	-1.876709196746276	97.99999999999984	1.7698715251718298	6.5319740133914825
8.202112891764765e-20	0.2907303272906193	3.644183238842758	2.5365597518478995	-2.2533014780102545	96.99999999999983	1.3908817608325033	9.519111151547342
1.2968679181903392e-19	0.29055272855511405	3.646580721918074	2.540434926269098	-1.8767091967462404	95.99999999999977	1.7698715251718338	6.53197401339125
2.0505282229411913e-19	0.29073032729061926	3.644183238842757	2.536559751847946	-2.2533014780102647	94.99999999999986	1.3908817608324924	9.51911115154744
3.242169795475848e-19	0.2905527285551159	3.6465807219180872	2.54043492626914	-1.8767091967462168	93.99999999999987	1.7698715251718704	6.531974013391096
5.126320557352978e-19	0.29073032729061976	3.6441832388427833	2.536559751847939	-2.253301478010272	92.99999999999989	1.3908817608325115	9.51911115154751
8.10542448868962e-19	0.2905527285551137	3.6465807219181086	2.540434926269095	-1.8767091967462428	91.99999999999984	1.7698715251718655	6.531974013391266
1.2815801393382446e-18	0.2907303272906173	3.6441832388427926	2.5365597518479372	-2.2533014780102874	90.99999999999987	1.390881760832505	9.519111151547655
2.0263561221724046e-18	0.2905527285551142	3.6465807219181174	2.540434926269098	-1.8767091967462644	89.99999999999989	1.7698715251718533	6.531974013391407
3.2039503483456116e-18	0.29073032729061854	3.644183238842797	2.5365597518479266	-2.253301478010276	88.99999999999987	1.3908817608325212	9.519111151547547
5.065890305431012e-18	0.2905527285551137	3.6465807219181126	2.540434926269108	-1.876709196746252	87.99999999999987	1.7698715251718606	6.531974013391325
8.00987587086403e-18	0.2907303272906181	3.644183238842796	2.536559751847943	-2.2533014780102794	86.99999999999991	1.390881760832517	9.51911115154758
1.2664725763577531e-17	0.2905527285551155	3.646580721918124	2.540434926269111	-1.8767091967462526	85.99999999999986	1.7698715251718715	6.531974013391329
2.0024689677160073e-17	0.2907303272906203	3.6441832388428015	2.536559751847918	-2.2533014780102723	84.99999999999987	1.3908817608325295	9.519111151547513
3.166181440894383e-17	0.2905527285551158	3.6465807219181174	2.5404349262691004	-1.8767091967462568	83.9999999999999	1.7698715251718604	6.531974013391357
5.006172419290018e-17	0.2907303272906197	3.6441832388427966	2.536559751847933	-2.253301478010272	82.99999999999984	1.3908817608325248	9.519111151547506
7.915453602235957e-17	0.29055272855511627	3.6465807219181103	2.540434926269066	-1.8767091967462575	81.99999999999991	1.769871525171853	6.531974013391361
1.2515431048225045e-16	0.29073032729061804	3.6441832388427686	2.536559751847885	-2.2533014780102643	80.99999999999987	1.3908817608325044	9.519111151547435
1.978863400558989e-16	0.2905527285551136	3.646580721918073	2.540434926269048	-1.8767091967462515	79.99999999999989	1.7698715251718213	6.531974013391322
3.1288577620562614e-16	0.2907303272906138	3.644183238842732	2.536559751847906	-2.25330147801027	78.99999999999987	1.390881760832462	9.51911115154749
4.947158501397472e-16	0.2905527285551067	3.6465807219180513	2.54043492626913	-1.8767091967462055	77.99999999999986	1.7698715251718458	6.5319740133910225
7.822144405140653e-16	0.2907303272906103	3.644183238842751	2.5365597518479737	-2.253301478010259	76.99999999999991	1.3908817608324922	9.519111151547385
1.2367896253493683e-15	0.29055272855510833	3.6465807219180872	2.5404349262691266	-1.876709196746205	75.99999999999989	1.7698715251718822	6.531974013391019
1.9555361012851634e-15	0.2907303272906154	3.6441832388427677	2.536559751847922	-2.253301478010282	74.99999999999991	1.3908817608324855	9.519111151547607
3.0919740633734206e-15	0.2905527285551118	3.6465807219180846	2.540434926269069	-1.876709196746237	73.99999999999991	1.7698715251718475	6.5319740133912285
4.888840253212909e-15	0.29073032729061404	3.6441832388427535	2.536559751847918	-2.253301478010284	72.99999999999991	1.3908817608324697	9.519111151547623
7.729935158433552e-15	0.29055272855510955	3.6465807219180832	2.5404349262691346	-1.8767091967462244	71.99999999999991	1.7698715251718589	6.531974013391146
1.222210063303227e-14	0.2907303272906144	3.6441832388427815	2.53655975184797	-2.253301478010276	70.9999999999999	1.3908817608325057	9.519111151547547
1.9324837896083877e-14	0.290552728555113	3.646580721918112	2.5404349262691057	-1.8767091967462328	69.99999999999993	1.7698715251718793	6.531974013391201
3.055525158258068e-14	0.2907303272906185	3.644183238842788	2.536559751847924	-2.2533014780102825	68.99999999999993	1.390881760832506	9.51911115154761
4.83120947402097e-14	0.2905527285551143	3.646580721918112	2.540434926269116	-1.8767091967462433	67.9999999999999	1.7698715251718686	6.5319740133912685
7.638812895645169e-14	0.2907303272906186	3.644183238842797	2.5365597518479377	-2.2533014780102962	66.99999999999993	1.390881760832501	9.519111151547738
1.2078023685052426e-13	0.29055272855511577	3.646580721918118	2.5404349262690964	-1.8767091967462528	65.99999999999991	1.769871525171865	6.5319740133913315
1.9097032239112925e-13	0.2907303272906189	3.6441832388427957	2.5365597518479266	-2.2533014780103073	64.99999999999993	1.3908817608324884	9.519111151547845
3.0195059212631063e-13	0.29055272855511477	3.646580721918118	2.540434926269118	-1.87670919674626	63.999999999999936	1.769871525171858	6.531974013391378
4.774258059778231e-13	0.29073032729061815	3.644183238842805	2.536559751847933	-2.253301478010326	62.999999999999936	1.3908817608324793	9.519111151548024
7.548764803157765e-13	0.2905527285551131	3.6465807219181228	2.5404349262690857	-1.8767091967462701	61.999999999999964	1.7698715251718529	6.5319740133914435
1.1935645149445578e-12	0.2907303272906151	3.644183238842796	2.5365597518479297	-2.253301478010326	61.0	1.3908817608324704	9.519111151548023
1.8871912007894414e-12	0.2905527285551115	3.6465807219181112	2.540434926269087	-1.8767091967462473	59.99999999999998	1.7698715251718637	6.531974013391294
2.9839112873613942e-12	0.2907303272906166	3.6441832388427766	2.5365597518478777	-2.2533014780103353	58.99999999999997	1.3908817608324415	9.519111151548111
4.717978001973603e-12	0.29055272855511094	3.646580721918067	2.5404349262690076	-1.8767091967462484	57.99999999999995	1.7698715251718184	6.531974013391301
7.459778218403486e-12	0.2907303272906105	3.6441832388426927	2.53655975184781	-2.2533014780102842	56.999999999999964	1.3908817608324084	9.519111151547627
1.1794945004934008e-11	0.290552728555103	3.646580721917942	2.540434926268915	-1.876709196746166	55.99999999999996	1.769871525171776	6.531974013390764
1.8649445546008714e-11	0.29073032729059994	3.6441832388425053	2.536559751847662	-2.253301478010204	54.99999999999997	1.3908817608323014	9.519111151546863
2.948736251233502e-11	0.2905527285550846	3.6465807219176813	2.5404349262687203	-1.8767091967460168	53.99999999999995	1.7698715251716648	6.53197401338979
4.662361386502178e-11	0.29073032729057074	3.644183238842131	2.5365597518472933	-2.2533014780100413	52.999999999999964	1.3908817608320896	9.519111151545312
7.371840628083755e-11	0.29055272855503883	3.646580721917094	2.540434926268089	-1.876709196745704	51.99999999999996	1.76987152517139	6.531974013387745
1.1655903466255446e-10	0.29073032729049797	3.6441832388411513	2.5365597518462843	-2.2533014780096154	50.99999999999998	1.390881760831536	9.519111151541258
1.8429601570209385e-10	0.29055272855492076	3.6465807219155626	2.540434926266545	-1.876709196744909	49.99999999999996	1.7698715251706536	6.531974013382554
2.9139758665638616e-10	0.29073032729031184	3.6441832388386817	2.5365597518438077	-2.253301478008534	48.99999999999997	1.3908817608301476	9.519111151530966
4.607400392552347e-10	0.29055272855462516	3.6465807219117186	2.5404349262627437	-1.8767091967428424	47.99999999999996	1.7698715251688761	6.531974013369055
7.284939666409654e-10	0.29073032728984866	3.644183238832537	2.5365597518376912	-2.2533014780058096	46.999999999999986	1.3908817608267272	9.519111151505031
1.1518500981380867e-9	0.2905527285538898	3.6465807219021924	2.5404349262533006	-1.8767091967377643	45.99999999999997	1.7698715251644284	6.5319740133358835
1.8212349166024135e-9	0.2907303272886987	3.6441832388172566	2.536559751822375	-2.2533014779991136	44.99999999999997	1.3908817608181427	9.51911115144129
2.8796252453452165e-9	0.29055272855206055	3.6465807218784057	2.540434926229614	-1.8767091967250453	43.999999999999986	1.7698715251533603	6.531974013252804
4.553087291506034e-9	0.29073032728583126	3.644183238779043	2.53655975178398	-2.2533014779823395	43.0	1.3908817607967037	9.519111151281617
7.1990631133630415e-9	0.2905527285474888	3.6465807218188964	2.5404349261702452	-1.876709196693354	41.999999999999986	1.7698715251255426	6.531974013045797
1.1382718228765085e-8	0.29073032727865006	3.644183238683402	2.536559751687948	-2.2533014779403584	40.999999999999986	1.3908817607430433	9.519111150881994
1.7997657783407604e-8	0.2905527285360436	3.6465807216700323	2.540434926021968	-1.876709196614016	39.99999999999997	1.7698715250560162	6.531974012527564
2.8456795571912707e-8	0.29073032726069215	3.6441832384443233	2.5365597514480758	-2.2533014778353304	38.999999999999986	1.390881760608993	9.519111149882221
4.499414445851902e-8	0.2905527285074357	3.646580721297961	2.540434925651298	-1.8767091964156781	37.999999999999986	1.7698715248822832	6.531974011232026
7.114198892978178e-8	0.2907303272158031	3.644183237846676	2.536559750848286	-2.25330147757289	36.999999999999986	1.390881760273786	9.519111147384024
1.1248536114629754e-7	0.29055272843591823	3.6465807203677887	2.5404349247245697	-1.876709195919872	35.99999999999997	1.7698715244479164	6.531974007993433
1.7785497232445447e-7	0.29073032710357977	3.644183236352547	2.536559749348811	-2.253301476916739	34.999999999999986	1.3908817594358078	9.519111141138048
2.812134028657438e-7	0.2905527282571237	3.6465807180423457	2.54043492240776	-1.876709194680349	33.99999999999998	1.7698715233619966	6.5319739998969
4.446374308111361e-7	0.29073032682302025	3.6441832326172285	2.536559745600203	-2.2533014752763765	32.99999999999997	1.3908817573408518	9.519111125523253
7.030335071643596e-7	0.2905527278101372	3.6465807122288028	2.540434916615901	-1.8767091915815335	31.999999999999982	1.7698715206472693	6.531973979655518
1.1115935770278402e-6	0.29073032612162913	3.64418322327907	2.5365597362287127	-2.253301471175519	30.99999999999996	1.3908817521035508	9.519111086486738
1.757583767910899e-6	0.2905527266926854	3.6465806976950055	2.5404349021360106	-1.876709183834569	29.999999999999964	1.7698715138604364	6.5319739290525485
2.778983942569601e-6	0.29073032436816043	3.644183199933572	2.5365597127997086	-2.2533014609233692	28.99999999999997	1.3908817390102024	9.519110988895385
4.393959419777248e-6	0.2905527238990518	3.646580661360325	2.5404348659360356	-1.8767091644671774	27.999999999999982	1.7698714968931475	6.531973802545253
6.947459856424001e-6	0.2907303199844655	3.64418314156947	2.536559654226433	-2.253301435292911	27.0	1.3908817062765586	9.519110744916212
1.0984898549443119e-5	0.2905527169148952	3.6465805705222856	2.540434775431842	-1.8767091160482903	25.999999999999986	1.7698714544739955	6.531973486274358
1.7368649641060006e-5	0.2907303090249413	3.6441829956541056	2.536559507778427	-2.2533013712153984	24.999999999999982	1.390881624438707	9.519110134955293
2.7462246373607793e-5	0.2905526994533713	3.6465803434054602	2.540434549102736	-1.8767089949958848	23.99999999999999	1.7698713484095754	6.531972695563303
4.342162410265001e-5	0.2907302816215428	3.644182630784292	2.5365591414262667	-2.2533012110005997	22.999999999999993	1.3908814197836923	9.519108609853099
6.865561593401949e-5	0.29055265578173745	3.646579775272633	2.5404339822103017	-1.8767086922824332	21.999999999999996	1.7698710829902	6.531970718247601
0.00010855406025662504	0.29073021304139585	3.644181717340568	2.5365582219388805	-2.253300810134796	21.000000000000004	1.3908809072057717	9.51910479396874
0.00017163903983504874	0.29055254632559996	3.646578349649289	2.5404325484097248	-1.8767079342163842	19.999999999999996	1.7698704154329046	6.531965766584244
0.00027138515064156256	0.2907300404832284	3.6441794141992947	2.536555868518665	-2.2532998028818674	19.00000000000001	1.3908796113174273	9.519095205827387
0.0004290975995876218	0.2905522684839542	3.6465747060064917	2.5404287186505288	-1.8767060195433438	18.00000000000002	1.7698686864631477	6.531953260017463
0.0006784628766039063	0.29072959287666394	3.6441733791022917	2.5365492841975947	-2.2532972098387956	17.000000000000018	1.390876169263496	9.519070522435516
0.0010727439989690545	0.2905515200331587	3.6465646364675823	2.540416527028066	-1.8767009770635532	16.000000000000007	1.769863659404029	6.531920322858199
0.001696157191509766	0.29072831126306015	3.6441561128371545	2.5365327140923455	-2.25328993853943	14.999999999999998	1.3908661742977249	9.519001306675708
0.002681859997422636	0.2905496256552985	3.6465432369870427	2.5404177232502088	-1.8766878084474672	13.999999999999996	1.7698554285395758	6.5318343070735185
0.004240392978774415	0.2907265491115386	3.6441389466706546	2.5365472839829284	-2.253276763137774	12.999999999999993	1.3908621835328805	9.518875890836336
0.006704649993556591	0.2905485324308732	3.6465334323258913	2.5404305265377243	-1.8766719539714123	11.999999999999988	1.7698614783544788	6.531730749083833
0.010600982446936039	0.29072559285206495	3.644129830126473	2.536556318479337	-2.253269516983962	10.999999999999986	1.3908603131425108	9.518806915847414
0.016761624983891478	0.29054579944540526	3.6465089219560474	2.5404625373129504	-1.8766323179930104	9.99999999999999	1.769876603963037	6.531471862675578
0.026502456117340093	0.29071961782124034	3.6440728672035667	2.536612771277369	-2.2532242412783763	8.999999999999995	1.3908486259251904	9.51837595490407
0.04190406245972869	0.2905287226186227	3.64635579149426	2.5406626499969467	-1.8763846195855896	8.000000000000002	1.7699711719086706	6.529854227848134
0.06625614029335024	0.29068233611636785	3.6437174545157767	2.536965100698698	-2.25294176695977	7.00000000000001	1.3907756875560062	9.515687637850112
0.10476015614932176	0.29042199909747357	3.6453902204061173	2.5417566004743195	-1.874836888072943	6.000000000000004	1.7705533323331741	6.519755583697518
0.16564035073337557	0.2904007452313367	3.6392986533235163	2.5192136565463636	-2.250991744034158	5.000000000000003	1.3883069092893585	9.497149909175569
0.2619003903733043	0.2878406945023074	3.5836605187530433	2.2493138726847315	-1.8574990007121448	4.000000000000001	1.7261615180408982	6.407691083828861
0.414100876833439	0.2705812929616038	3.2526959355973255	1.3770274310189712	-2.16481595338027	3.0000000000000004	1.0878799822170553	8.712998171412645
0.6547509759332608	0.2138507792914454	2.4759880901455826	0.5484503263720044	-1.4835041637593238	2.0	0.992483926386259	4.408366284351018
