-1.0	0.0
-1.0	0.0
-0.999	0.0
-0.998	0.0
-0.997	0.0
-0.996	0.0
-0.995	0.0
-0.994	0.0
-0.993	0.0
-0.992	0.0
-0.991	0.0
-0.99	0.0
-0.989	0.0
-0.988	0.0
-0.987	0.0
-0.986	0.0
-0.985	0.0
-0.984	0.0
-0.983	0.0
-0.982	0.0
-0.981	0.0
-0.98	0.0
-0.979	0.0
-0.978	0.0
-0.977	0.0
-0.976	0.0
-0.975	0.0
-0.974	0.0
-0.973	0.0
-0.972	0.0
-0.971	0.0
-0.97	0.0
-0.969	0.0
-0.968	0.0
-0.967	0.0
-0.966	0.0
-0.9659363289248455	0.0
-0.965	0.0
-0.964	0.0
-0.963	0.0
-0.962	0.0
-0.961	0.0
-0.96	0.0
-0.959	0.0
-0.958	0.0
-0.957	0.0
-0.956	0.0
-0.955	0.0
-0.954	0.0
-0.953	0.0
-0.952	0.0
-0.951	0.0
-0.95	0.0
-0.949	0.0
-0.948	0.0
-0.947	0.0
-0.946	0.0
-0.945	0.0
-0.944	0.0
-0.943	0.0
-0.942	0.0
-0.941	0.0
-0.94	0.0
-0.939	0.0
-0.938	0.0
-0.937	0.0
-0.936	0.0
-0.935	0.0
-0.934	0.0
-0.9330329915368074	0.0
-0.933	0.0
-0.932	0.0
-0.931	0.0
-0.93	0.0
-0.929	0.0
-0.928	0.0
-0.927	0.0
-0.926	0.0
-0.925	0.0
-0.924	0.0
-0.923	0.0
-0.922	0.0
-0.921	0.0
-0.92	0.0
-0.919	0.0
-0.918	0.0
-0.917	0.0
-0.916	0.0
-0.915	0.0
-0.914	0.0
-0.913	0.0
-0.912	0.0
-0.911	0.0
-0.91	0.0
-0.909	0.0
-0.908	0.0
-0.907	0.0
-0.906	0.0
-0.905	0.0
-0.904	0.0
-0.903	0.0
-0.902	0.0
-0.9012504626108303	0.0
-0.901	0.0
-0.9	0.0
-0.899	0.0
-0.898	0.0
-0.897	0.0
-0.896	0.0
-0.895	0.0
-0.894	0.0
-0.893	0.0
-0.892	0.0
-0.891	1.1390417475241066
-0.89	1.1422561960735969
-0.889	1.14546502639423
-0.888	1.1486680908981286
-0.887	1.151865242014184
-0.886	1.155056332205549
-0.885	1.158241213987264
-0.884	1.161419739943991
-0.883	1.1645917627478806
-0.882	1.167757135176545
-0.881	1.1709157101311602
-0.88	1.1740673406546573
-0.879	1.1772118799500517
-0.878	1.1803491813988645
-0.877	1.1834790985796448
-0.876	1.186601485286612
-0.875	1.1897161955483846
-0.874	1.1928230836468114
-0.873	1.1959220041359053
-0.872	1.1990128118608512
-0.871	1.2020953619771317
-0.8705505632961241	1.2034780450688976
-0.87	1.2051695099697133
-0.869	1.2082351116723402
-0.868	1.2112920232868936
-0.867	1.2143401014028368
-0.866	1.2173792030167476
-0.865	1.2204091855518988
-0.864	1.2234299068779475
-0.863	1.2264412253306505
-0.862	1.2294429997316778
-0.861	1.2324350894084741
-0.86	1.2354173542141862
-0.859	1.2383896545476338
-0.858	1.2413518513733581
-0.857	1.2443038062416896
-0.856	1.2472453813088942
-0.855	1.250176439357347
-0.854	1.2530968438157408
-0.853	1.2560064587793527
-0.852	1.2589051490303305
-0.851	1.2617927800580169
-0.85	1.2646692180792996
-0.849	1.2675343300589874
-0.848	1.2703879837302146
-0.847	1.2732300476148506
-0.846	1.2760603910439405
-0.845	1.2788788841781467
-0.844	1.2816853980282092
-0.843	1.2844798044753964
-0.842	1.2872619762919817
-0.841	1.290031787161691
-0.8408964152537145	1.290317985766187
-0.84	1.292789111700174
-0.839	1.295533825475444
-0.838	1.2982658050283238
-0.837	1.3009849278928638
-0.836	1.303691072616753
-0.835	1.306384118781703
-0.834	1.3090639470238064
-0.833	1.3117304390538718
-0.832	1.3143834776777226
-0.831	1.3170229468164596
-0.83	1.319648731526692
-0.829	1.32226071802072
-0.828	1.3248587936866716
-0.827	1.3274428471085966
-0.826	1.3300127680865013
-0.825	1.332568447656328
-0.824	1.3351097781098835
-0.823	1.337636653014693
-0.822	1.3401489672337918
-0.821	1.3426466169454552
-0.82	1.3451294996628398
-0.819	1.3475975142535617
-0.818	1.3500505609591895
-0.817	1.3524885414146477
-0.816	1.3549113586675445
-0.815	1.3573189171974
-0.814	1.359711122934787
-0.813	1.3620878832803631
-0.8122523963562355	1.3638546135903578
-0.812	1.3644491071238214
-0.811	1.366794704862714
-0.81	1.369124588421186
-0.809	1.3714386712685898
-0.808	1.3737368684379878
-0.807	1.3760190965445367
-0.806	1.3782852738037499
-0.805	1.3805353200496344
-0.804	1.3827691567527085
-0.803	1.3849867070378779
-0.802	1.3871878957021797
-0.801	1.3893726492323981
-0.8	1.3915408958225264
-0.799	1.3936925653910939
-0.798	1.3958275895983456
-0.797	1.3979459018632654
-0.796	1.400047437380451
-0.795	1.4021321331368373
-0.794	1.4041999279282444
-0.793	1.4062507623757856
-0.792	1.408284578942083
-0.791	1.410301321947343
-0.79	1.41230093758524
-0.789	1.4142833739386278
-0.788	1.4162485809950873
-0.787	1.4181965106622787
-0.786	1.420127116783112
-0.785	1.4220403551507477
-0.7845840978967507	1.4228309511951969
-0.784	1.4239361835233855
-0.783	1.4258145616388787
-0.782	1.4276754512291483
-0.781	1.4295188160343981
-0.78	1.4313446218171357
-0.779	1.4331528363759833
-0.778	1.4349434295592964
-0.777	1.436716373278559
-0.776	1.4384716415215846
-0.775	1.440209210365493
-0.774	1.4419290579894801
-0.773	1.443631164687365
-0.772	1.4453155128799244
-0.771	1.4469820871269985
-0.77	1.4486308741393745
-0.769	1.4502618627904502
-0.768	1.4518750441276584
-0.767	1.4534704113836703
-0.766	1.4550479599873598
-0.765	1.4566076875745382
-0.764	1.4581495939984483
-0.763	1.4596736813400235
-0.762	1.4611799539178978
-0.761	1.4626684182981902
-0.76	1.4641390833040253
-0.759	1.4655919600248202
-0.758	1.467027061825323
-0.7578582832551991	1.4672290026619426
-0.757	1.4684444043543956
-0.756	1.4698440055535502
-0.755	1.471225885665232
-0.754	1.4725900672408514
-0.753	1.4739365751485505
-0.752	1.4752654365807243
-0.751	1.476576681061274
-0.75	1.4778703404526088
-0.749	1.479146448962378
-0.748	1.4804050431499487
-0.747	1.4816461619326122
-0.746	1.4828698465915333
-0.745	1.4840761407774283
-0.744	1.4852650905159777
-0.743	1.486436744212972
-0.742	1.4875911526591907
-0.741	1.4887283690350044
-0.74	1.4898484489147124
-0.739	1.4909514502706105
-0.738	1.4920374334767812
-0.737	1.4931064613126175
-0.736	1.4941585989660644
-0.735	1.4951939140365968
-0.734	1.4962124765379168
-0.733	1.4972143589003777
-0.7320428479728127	1.498157758330923
-0.732	1.4981996359731324
-0.731	1.4991683850260076
-0.73	1.5001206857510976
-0.729	1.5010566202640916
-0.728	1.5019762731053068
-0.727	1.5028797312404696
-0.726	1.5037670840611979
-0.725	1.5046384233852135
-0.724	1.5054938434562888
-0.723	1.5063334409438975
-0.722	1.5071573149426047
-0.721	1.50796556697117
-0.72	1.508758300971383
-0.719	1.5095356233066128
-0.718	1.5102976427600918
-0.717	1.5110444705329162
-0.716	1.5117762202417746
-0.715	1.5124930079164027
-0.714	1.5131949519967618
-0.713	1.5138821733299461
-0.712	1.5145547951668126
-0.711	1.5152129431583432
-0.71	1.5158567453517349
-0.709	1.5164863321862112
-0.708	1.5171018364885762
-0.7071067811865476	1.5176398195199898
-0.707	1.5177033934684865
-0.706	1.5182911407134627
-0.705	1.51886521818363
-0.704	1.5194257682061911
-0.703	1.5199729354696352
-0.702	1.5205068670176822
-0.701	1.521027712242962
-0.7	1.5215356228804298
-0.699	1.5220307530005226
-0.698	1.522513259002054
-0.697	1.5229832996048536
-0.696	1.523441035842138
-0.695	1.523886631052638
-0.694	1.5243202508724627
-0.693	1.5247420632267152
-0.692	1.5251522383208462
-0.691	1.5255509486317718
-0.69	1.5259383688987225
-0.689	1.526314676113867
-0.688	1.526680049512669
-0.687	1.5270346705640103
-0.686	1.5273787229600702
-0.685	1.527712392605957
-0.684	1.5280358676091108
-0.6830201283771977	1.5283431260226503
-0.683	1.528349338268451
-0.682	1.5286529970633085
-0.681	1.5289470386421087
-0.68	1.5292316598108207
-0.679	1.52950705952119
-0.678	1.5297734388587203
-0.677	1.5300310010304512
-0.676	1.5302799513524925
-0.675	1.530520497237346
-0.674	1.5307528481809969
-0.673	1.5309772157497956
-0.672	1.5311938135671104
-0.671	1.5314028572997769
-0.67	1.531604564644326
-0.669	1.5317991553129975
-0.668	1.5319868510195567
-0.667	1.5321678754648886
-0.666	1.5323424543224002
-0.665	1.5325108152232068
-0.664	1.5326731877411277
-0.663	1.5328298033774785
-0.662	1.5329808955456674
-0.661	1.533126699555594
-0.66	1.5332674525978602
-0.6597539553864471	1.5333013372518356
-0.659	1.5334033937277889
-0.658	1.5335347638492496
-0.657	1.5336618056983085
-0.656	1.5337847638266846
-0.655	1.5339038845850317
-0.654	1.5340194161060337
-0.653	1.5341316082873264
-0.652	1.5342407127742514
-0.651	1.5343469829424203
-0.65	1.5344506738801242
-0.649	1.5345520423705679
-0.648	1.5346513468739362
-0.647	1.534748847509301
-0.646	1.5348448060363626
-0.645	1.5349394858370342
-0.644	1.5350331518968643
-0.643	1.5351260707863088
-0.642	1.5352185106418519
-0.641	1.5353107411469638
-0.64	1.5354030335129247
-0.639	1.5354956604594927
-0.638	1.5355888961954278
-0.6372803136596311	1.5356565280077168
-0.637	1.5356830163988797
-0.636	1.5357782981976271
-0.635	1.5358750201491822
-0.634	1.5359734622207626
-0.633	1.536073905769121
-0.632	1.5361766335202491
-0.631	1.5362819295489518
-0.63	1.536390079258288
-0.629	1.5365013693588874
-0.628	1.5366160878481476
-0.627	1.5367345239893044
-0.626	1.53685696829038
-0.625	1.53698371248302
-0.624	1.5371150495012045
-0.623	1.537251273459853
-0.622	1.5373926796333117
-0.621	1.5375395644337324
-0.62	1.5376922253893388
-0.619	1.5378509611225895
-0.618	1.5380160713282285
-0.617	1.5381878567512415
-0.616	1.5383666191647012
-0.6155722066724582	1.538445298103527
-0.615	1.5385526613475164
-0.614	1.5387462870620787
-0.613	1.5389478010318143
-0.612	1.5391575089186393
-0.611	1.5393757173003193
-0.61	1.5396027336477365
-0.609	1.5398388663020672
-0.608	1.5400844244518619
-0.607	1.540339718110049
-0.606	1.5406050580908386
-0.605	1.5408807559865456
-0.604	1.5411671241443319
-0.603	1.541464475642855
-0.602	1.5417731242688446
-0.601	1.5420933844935898
-0.6	1.5424255714493533
-0.599	1.5427700009056975
-0.598	1.5431269892457442
-0.597	1.5434968534423437
-0.596	1.5438799110341823
-0.595	1.544276480101804
-0.5946035575013605	1.5444375074024663
-0.594	1.5446868792435609
-0.593	1.5451114275514934
-0.592	1.545550444587134
-0.591	1.5460042503572422
-0.59	1.5464731652894652
-0.589	1.5469575102079323
-0.588	1.5474576063087777
-0.587	1.5479737751355953
-0.586	1.548506338554818
-0.585	1.5490556187310487
-0.584	1.5496219381022953
-0.583	1.5502056193551679
-0.582	1.5508069853999855
-0.581	1.551426359345833
-0.58	1.5520640644755483
-0.579	1.5527204242206385
-0.578	1.553395762136136
-0.577	1.554090401875391
-0.576	1.5548046671647924
-0.575	1.555538881778438
-0.5743491774985174	1.5560275955678664
-0.574	1.556293369512721
-0.573	1.5570684541608697
-0.572	1.5578644594874118
-0.571	1.5586817092025818
-0.57	1.559520526936658
-0.569	1.5603812362142413
-0.568	1.5612641604284572
-0.567	1.5621696228151174
-0.566	1.5630979464267865
-0.565	1.56404945410681
-0.564	1.5650244684632553
-0.563	1.566023311842809
-0.562	1.5670463063045865
-0.561	1.568093773593894
-0.56	1.5691660351159118
-0.559	1.5702634119093157
-0.558	1.5713862246198294
-0.557	1.572534793473713
-0.556	1.5737094382511791
-0.555	1.5749104782597374
-0.5547847360339224	1.5751725022274918
-0.554	1.5761382323074782
-0.553	1.5773930186762795
-0.552	1.5786751550949474
-0.551	1.579984958712279
-0.55	1.5813227460700636
-0.549	1.5826888330760023
-0.548	1.584083534976557
-0.547	1.5855071663297329
-0.546	1.586960040977769
-0.545	1.5884424720197763
-0.544	1.5899547717842788
-0.543	1.5914972518016903
-0.542	1.593070222776709
-0.541	1.594673994560636
-0.54	1.5963088761236115
-0.539	1.5979751755267702
-0.538	1.5996731998943219
-0.537	1.601403255385542
-0.536	1.6031656471666864
-0.5358867312681466	1.6033673233465275
-0.535	1.6049606793828166
-0.534	1.6067886551295452
-0.533	1.608649876424695
-0.532	1.6105446441798656
-0.531	1.6124732581719257
-0.53	1.6144360170144043
-0.529	1.6164332181287995
-0.528	1.6184651577157971
-0.527	1.6205321307263976
-0.526	1.6226344308329497
-0.525	1.6247723504000984
-0.524	1.6269461804556256
-0.523	1.6291562106612163
-0.522	1.63140272928311
-0.521	1.633686023162671
-0.52	1.6360063776868528
-0.519	1.6383640767585694
-0.518	1.640759402766967
-0.5176324619206888	1.6416492881055218
-0.517	1.6431926365575975
-0.516	1.6456640574024914
-0.515	1.6481739429701274
-0.514	1.6507225692953111
-0.513	1.6533102107489346
-0.512	1.6559371400076504
-0.511	1.6586036280234315
-0.51	1.6613099439930326
-0.509	1.6640563553273438
-0.508	1.6668431276206428
-0.507	1.669670524619739
-0.506	1.6725388081930126
-0.505	1.6754482382993463
-0.504	1.6783990729569533
-0.503	1.6813915682120968
-0.502	1.6844259781076978
-0.501	1.6875025546518432
-0.5	1.6906215477861821
-0.5	1.6906215477861821
-0.499	1.6937832053542108
-0.498	1.6969877730694578
-0.497	1.700235494483552
-0.496	1.7035266109541862
-0.495	1.7068613616129789
-0.494	1.7102399833332147
-0.493	1.7136627106974889
-0.492	1.7171297759652386
-0.491	1.720641409040167
-0.49	1.7241978374375624
-0.489	1.7277992862515077
-0.488	1.7314459781219877
-0.487	1.7351381332018858
-0.486	1.73887596912388
-0.485	1.7426597009672313
-0.484	1.746489541224473
-0.483	1.7503656997679902
-0.48296816446242286	1.7504898624268497
-0.482	1.7542883838165038
-0.481	1.7582577979014495
-0.48	1.7622741438332583
-0.479	1.7663376206675399
-0.478	1.7704484246711636
-0.477	1.7746067492882487
-0.476	1.7788127851060558
-0.475	1.7830667198207855
-0.474	1.7873687382032866
-0.473	1.7917190220646708
-0.472	1.7961177502218448
-0.471	1.8005650984629444
-0.47	1.8050612395126995
-0.469	1.8096063429976998
-0.468	1.8142005754115902
-0.467	1.8188441000801843
-0.4665164957684037	1.821106989758759
-0.466	1.8235370771264998
-0.465	1.8282796634357246
-0.464	1.8330720126201014
-0.463	1.8379142749837598
-0.462	1.842806597487461
-0.461	1.8477491237132988
-0.46	1.8527419938293237
-0.459	1.8577853445541226
-0.458	1.8628793091213316
-0.457	1.8680240172441065
-0.456	1.873219595079541
-0.455	1.8784661651930383
-0.454	1.8837638465226463
-0.453	1.889112754343351
-0.452	1.8945130002313348
-0.451	1.89996469202821
-0.45062523130541515	1.9020210897770269
-0.45	1.9054679338052218
-0.449	1.9110228258274264
-0.448	1.9166294645178585
-0.447	1.92228794242168
-0.446	1.9279983481703167
-0.445	1.9787506609993621
-0.444	1.9778970013700865
-0.443	1.9769866225018256
-0.442	1.9760221428071079
-0.441	1.975006212414784
-0.44	1.9739415113544305
-0.439	1.972830747721095
-0.438	1.9716766558218892
-0.437	1.9704819943059744
-0.436	1.9692495442794797
-0.435275281648062	1.9683343380693545
-0.435	1.9679821074069206
-0.434	1.966682504000685
-0.433	1.9653535711001926
-0.432	1.9639981605423038
-0.431	1.962619137024597
-0.43	1.9612193761631302
-0.429	1.9598017625462982
-0.428	1.958369187786417
-0.427	1.9569245485706612
-0.426	1.9554707447129847
-0.425	1.9540106772086536
-0.424	1.9525472462930193
-0.423	1.9510833495061648
-0.422	1.9496218797650378
-0.421	1.9481657234446987
-0.42044820762685725	1.9473655507989678
-0.42	1.9467177584702795
-0.419	1.9452808524212788
-0.418	1.9438578606497645
-0.417	1.9424516244140795
-0.416	1.9410649690296198
-0.415	1.9397007020382402
-0.414	1.9383616113978352
-0.413	1.9370504636936152
-0.412	1.9357700023725894
-0.411	1.9345229460027613
-0.41	1.933311986558477
-0.409	1.9321397877334148
-0.408	1.9310089832826105
-0.407	1.9299221753949454
-0.4061261981781178	1.92901055471353
-0.406	1.9288819330974702
-0.405	1.9278907906929181
-0.404	1.9269512462317324
-0.403	1.9260657600199216
-0.402	1.9252367531639925
-0.401	1.924466606154224
-0.4	1.923757657487476
-0.399	1.9231122023307143
-0.398	1.922532491226408
-0.397	1.9220207288408826
-0.396	1.9215790727567506
-0.395	1.921209632310403
-0.394	1.9209144674756191
-0.393	1.920695587794221
-0.3922920489483753	1.92058782227098
-0.392	1.9205549513547309
-0.391	1.920494463819891
-0.39	1.9205159775039253
-0.389	1.9206212905003321
-0.388	1.9208121458609793
-0.387	1.9210902308272368
-0.386	1.9214571761138206
-0.385	1.921914555245991
-0.384	1.9224638839507073
-0.383	1.9231066196022937
-0.382	1.9238441607231114
-0.381	1.9246778465397198
-0.38	1.9256089565949317
-0.379	1.9266387104161418
-0.37892914162759955	1.9267154503320714
-0.378	1.9277682672402523
-0.377	1.9289987257954793
-0.376	1.9303311241402656
-0.375	1.9317664395594978
-0.374	1.9333055885181563
-0.373	1.9349494266724914
-0.372	1.9366987489387755
-0.371	1.9385542896196197
-0.37	1.9405167225878033
-0.369	1.9425866615275265
-0.368	1.944764660232913
-0.367	1.947051212963597
-0.3660214239864063	1.9493942876154782
-0.366	1.9494467548571266
-0.365	1.9519516623978965
-0.364	1.9545662539422726
-0.363	1.9572907902995174
-0.362	1.9601254753680735
-0.361	1.9630704568267272
-0.36	1.9661258268801134
-0.359	1.9692916230579918
-0.358	1.9725678290676503
-0.357	1.9759543756987767
-0.356	1.9794511417800735
-0.355	1.9830579551868421
-0.354	1.98677459389873
-0.3535533905932738	1.9884698874974482
-0.353	1.9906007871067861
-0.352	1.994536216368905
-0.351	1.9985805168127313
-0.35	2.002733278385011
-0.349	2.006994047146378
-0.348	2.0113623266104623
-0.347	2.0158375791262353
-0.346	2.0204192273023955
-0.345	2.0251066554726043
-0.344	2.029899211200327
-0.343	2.034796206821983
-0.342	2.0397969210270754
-0.3415100641885989	2.0422845788594106
-0.341	2.0449006004739556
-0.34	2.0501064614397837
-0.339	2.0554136915032926
-0.338	2.060821451258814
-0.337	2.066328876060128
-0.336	2.0719350777925123
-0.335	2.077639146671479
-0.334	2.083440153066528
-0.333	2.089337149348309
-0.332	2.0953291717574904
-0.331	2.101415242293647
-0.33	2.1075943706224045
-0.32987697769322355	2.1083609207036846
-0.329	2.113865555999108
-0.328	2.120227789207194
-0.327	2.1266800545094675
-0.326	2.1332213316104327
-0.325	2.139850597627822
-0.324	2.146566829071421
-0.323	2.153369003827304
-0.322	2.160256103145528
-0.321	2.167227113629353
-0.32	2.17428102922403
-0.319	2.181416853203167
-0.31864015682981556	2.184004480812303
-0.318	2.188633600150684
-0.317	2.1959302979363495
-0.316	2.203305989682899
-0.315	2.2107597357226734
-0.314	2.2182906155417723
-0.313	2.2258977297096774
-0.312	2.2335802017922646
-0.311	2.2413371802462105
-0.31	2.24916784029268
-0.309	2.25707138576828
-0.308	2.265047050951208
-0.307786103336229	2.266762311109872
-0.307	2.2730941023605515
-0.306	2.2812118405266864
-0.305	2.289399601730727
-0.304	2.29765675971102
-0.303	2.3059827273346194
-0.302	2.3143769582317675
-0.301	2.3228389483913574
-0.3	2.331368237715399
-0.299	2.3399644115305254
-0.298	2.3486271020545817
-0.29730177875068026	2.35471483988594
-0.297	2.3573559898163747
-0.296	2.3661508050266593
-0.295	2.375011328898504
-0.294	2.3839373949151565
-0.293	2.392928890043579
-0.292	2.401985755891867
-0.291	2.411107989808776
-0.29	2.4202956459236025
-0.289	2.4295488361247557
-0.288	2.438867730975317
-0.2871745887492588	2.4466093121083765
-0.287	2.448252560563992
-0.286	2.4577036152898546
-0.285	2.4672212465793404
-0.284	2.4768058675340225
-0.283	2.4864579535076716
-0.282	2.4961780426112457
-0.281	2.50596673614443
-0.28	2.515824698952443
-0.279	2.525752659706844
-0.278	2.5357514111091874
-0.2773923680169612	2.5418619092241967
-0.277	2.5458218100163625
-0.276	2.5559647774865564
-0.275	2.566181298744827
-0.274	2.576472423067346
-0.273	2.5868392635834248
-0.272	2.597282996994486
-0.271	2.607804863209272
-0.27	2.618406164894561
-0.269	2.62908826694082
-0.268	2.6398525958422407
-0.2679433656340733	2.640464717303649
-0.267	2.6507006389906858
-0.266	2.6616339438831664
-0.265	2.672654117242557
-0.264	2.683762824051271
-0.263	2.6949617864977675
-0.262	2.706252782835831
-0.261	2.7176376461565863
-0.26	2.729118263073378
-0.259	2.7406965723196604
-0.25881623096034434	2.7428350897985263
-0.258	2.75237456326017
-0.257	2.7641542743157155
-0.256	2.776037791302013
-0.255	2.7880272456830926
-0.254	2.800124812739851
-0.253	2.8123327096544846
-0.252	2.8246531935115367
-0.251	2.837088559216466
-0.25	2.8496411373326667
-0.25	2.8496411373326667
-0.249	2.8623132918379994
-0.248	2.8751074178019786
-0.247	2.8880259389848324
-0.246	2.9010713053597583
-0.245	2.9142459905597673
-0.244	2.927552489250662
-0.243	2.9409933144316676
-0.242	2.954570994665441
-0.24148408223121143	2.9616303105453605
-0.241	2.9682880712392192
-0.24	2.9821470952589384
-0.239	2.996150624678273
-0.238	3.010301221264642
-0.237	3.0246014475042693
-0.236	3.0390538634485047
-0.235	3.053661023503702
-0.234	3.068425473166992
-0.23325824788420185	3.0794801360874664
-0.233	3.083349745710431
-0.232	3.0984363588160084
-0.231	3.113687811164165
-0.23	3.1291065789784627
-0.229	3.1446951125292006
-0.228	3.1604558325987626
-0.227	3.1763911269116507
-0.226	3.1925033465321313
-0.22531261565270758	3.2036824425126387
-0.225	3.2087948022325676
-0.224	3.2252677608355116
-0.223	3.241924441532756
-0.222	4.017946264204796
-0.221	4.017845012634583
-0.22	4.017455300307098
-0.219	4.016801612760395
-0.218	4.015907677730439
-0.217637640824031	4.015528926923223
-0.217	4.0147963767606525
-0.216	4.013489661273616
-0.215	4.012008473473753
-0.214	4.010372672431773
-0.213	4.008600965681958
-0.212	4.006710846642332
-0.211	4.0047185381451085
-0.21022410381342863	4.003111857933571
-0.21	4.002638942340996
-0.209	4.000485597215849
-0.208	3.998270639931929
-0.207	3.9960047771787806
-0.206	3.993697262690663
-0.205	3.9913558820585253
-0.204	3.988986944934932
-0.2030630990890589	3.986746796330535
-0.203	3.986595284700287
-0.202	3.984184265628116
-0.201	3.9817557975564424
-0.2	3.9793103580412583
-0.199	3.976847021937173
-0.198	3.974363498319432
-0.197	3.9718561746308763
-0.19614602447418766	3.9696924972354073
-0.196	3.9693201679071266
-0.195	3.9667493829035356
-0.194	3.964136576918321
-0.193	3.961473431077797
-0.192	3.9587506278221722
-0.191	3.955957934303758
-0.19	3.9530842913838886
-0.18946457081379978	3.9515083147572923
-0.189	3.9501179078906357
-0.188	3.9470463597762913
-0.187	3.9438566937919664
-0.186	3.940535535276468
-0.185	3.937069199637959
-0.184	3.9334438070898816
-0.18301071199320315	3.929687054426951
-0.183	3.929645400187236
-0.182	3.9256600636957404
-0.181	3.9214740463145232
-0.18	3.9170738837630026
-0.179	3.912446522734479
-0.178	3.9075794452127144
-0.177	3.902460792643393
-0.1767766952966369	3.9012822740594815
-0.176	3.897079489449969
-0.175	3.8914253653828617
-0.174	3.885489276192359
-0.173	3.8792632221188947
-0.172	3.8727404636995164
-0.171	3.86591563439639
-0.17075503209429946	3.8641972312099813
-0.17	3.8587848495619963
-0.169	3.8513458112662966
-0.168	3.843597908523431
-0.167	3.8355423124694856
-0.166	3.827182066058497
-0.165	3.8185221678609205
-0.16493848884661177	3.8179798515007364
-0.164	3.8095696495674143
-0.163	3.8003336468207496
-0.162	3.7908254630199685
-0.161	3.7810586257633956
-0.16	3.7710489356208026
-0.15932007841490778	3.764113582123507
-0.159	3.760814506949729
-0.158	3.750375800496624
-0.157	3.7397556475500497
-0.156	3.728979265440482
-0.155	3.718074264209266
-0.154	3.7070706442978714
-0.1538930516681145	3.7058893120629874
-0.153	3.696000785137646
-0.152	3.684899424549796
-0.151	3.6738036288950084
-0.15	3.6627527539421982
-0.149	3.651788396455896
-0.14865088937534013	3.6479890060114113
-0.148	3.6409543365319177
-0.147	3.630296470741041
-0.146	3.619862736170246
-0.145	3.6097030254808202
-0.144	3.599869093131897
-0.1435872943746294	3.595918031619761
-0.143	3.5904144529469657
-0.142	3.5813942672294
-0.141	3.5728652276609068
-0.14	3.564885428244143
-0.139	3.5575142305773544
-0.1386961840084806	3.5554044553052653
-0.138	3.55081212177477
-0.137	3.544840565371495
-0.136	3.539661845575868
-0.135	3.5353389052554856
-0.134	3.5319351780653543
-0.13397168281703664	3.531852804453161
-0.133	3.52951441514787
-0.132	3.5281405068544887
-0.131	3.527877299957962
-0.13	3.5287884108418845
-0.12940811548017217	3.5299066562607617
-0.129	3.5309370351709295
-0.128	3.534385754560573
-0.127	3.5391963407791502
-0.126	3.5454295580279696
-0.125	3.5531449638565626
-0.125	3.5531449638565626
-0.124	3.5624007092802175
-0.123	3.5732533386755834
-0.122	3.585757590037317
-0.121	3.5999661961844387
-0.12074204111560571	3.603914188846887
-0.12	3.6159296875093014
-0.119	3.633696196864776
-0.118	3.6533112671864107
-0.117	3.674817662445925
-0.11662912394210095	3.683282761500508
-0.116	3.6982551825304384
-0.115	3.7236604826382123
-0.114	3.751066897776567
-0.113	3.7805042729407976
-0.11265630782635375	3.791095469825564
-0.112	3.8119987995444378
-0.111	5.9854102658916615
-0.11	5.896573107929588
-0.109	5.804265441175957
-0.1088188204120155	5.787199672874354
-0.108	5.7088685522229765
-0.107	5.610751308997892
-0.106	5.510268656636906
-0.10511205190671431	5.419337267205395
-0.105	5.407760573336052
-0.104	5.30355148567737
-0.103	5.197950134666606
-0.102	5.091249875835865
-0.10153154954452945	5.040967517808939
-0.101	4.983729389398687
-0.1	4.8756537697173865
-0.099	4.767275957355532
-0.09807301223709386	4.6667526244151984
-0.098	4.658838471825874
-0.097	4.550575398866445
-0.096	4.442714582725894
-0.095	4.33547997153075
-0.09473228540689986	4.306906499699813
-0.094	4.229094062340468
-0.093	4.123780391947946
-0.092	4.019766019813831
-0.09150535599660158	3.968867559228459
-0.091	3.917283950676348
-0.09	3.8165754462853436
-0.089	3.7178921782900898
-0.08838834764831845	3.6586432577395978
-0.088	3.6214981774779207
-0.087	3.5276715382231556
-0.086	3.4367058410697338
-0.08537751604714973	3.3816620936059487
-0.085	3.34891126074437
-0.084	3.2646153314917292
-0.083	3.1841633463572308
-0.08246924442330592	3.1431482385895677
-0.082	3.1079183718426204
-0.081	3.0362608641607913
-0.08	2.969587878065894
-0.07966003920745386	2.948129838811627
-0.079	2.9083118638910745
-0.078	2.852859052958776
-0.077	2.803667435918347
-0.07694652583405726	2.8012219025536984
-0.076	2.7611843428038414
-0.075	2.7258636376912424
-0.07432544468767006	2.7063133022445864
-0.074	2.698162544776606
-0.073	2.6785381265071178
-0.072	2.6674434380921075
-0.0717936471873147	2.6662566140729074
-0.071	2.6653233863172043
-0.07	2.6726103240975805
-0.06934809200424033	2.6826243556005696
-0.069	2.689719415647106
-0.068	2.717043810514994
-0.067	2.7549496680479466
-0.0669858414085183	2.75556398367246
-0.066	2.8037710770624895
-0.065	2.8638049186367622
-0.06470405774008609	2.8837601238659816
-0.064	2.9353057229201323
-0.063	3.0184805736674503
-0.0625	3.0644962750769453
-0.062	3.1134841167759193
-0.061	3.2204137313696806
-0.06037102055780286	3.293798604378162
-0.06	3.3393049238640216
-0.059	3.470127006864298
-0.05831456197105048	3.5666399121657264
-0.058	3.612779125626014
-0.057	3.7670866950316935
-0.05632815391317687	3.8771809533766657
-0.056	3.932798309537747
-0.055	5.86795423390664
-0.05440941020600775	5.643957344757378
-0.054	5.488537496723995
-0.053	5.111013805543076
-0.052556025953357156	4.945374367458409
-0.052	4.740527399696331
-0.051	4.381635040213289
-0.050765774772264724	4.299688296769184
-0.05	4.038306126386164
-0.04903650611854693	3.725429465469741
-0.049	3.713957583566254
-0.048	3.411517640304542
-0.04736614270344993	3.2323202578105787
-0.047	3.133511318066168
-0.046	2.8821596646466316
-0.04575267799830079	2.824342691911252
-0.045	2.659484457282252
-0.04419417382415922	2.5022221464314414
-0.044	2.4674102371526736
-0.043	2.307856047803651
-0.042688758023574865	2.2651416462616374
-0.042	2.1828100619790085
-0.04123462221165296	2.1117242182995772
-0.041	2.0943813225074264
-0.04	2.0448240314064816
-0.03983001960372693	2.0404358348886564
-0.039	2.03653115027811
-0.03847326291702863	2.0495971997774833
-0.038	2.0719954933212033
-0.03716272234383503	2.137180311137512
-0.037	2.153737984096478
-0.036	2.2842042983082487
-0.03589682359365735	2.3005302494176703
-0.035	2.4656327168237016
-0.034674046002120165	2.5361104782966466
-0.034	2.6998976466530316
-0.03349292070425915	2.839330430829331
-0.033	2.988334896823282
-0.03235202887004304	3.204481610014347
-0.032	3.3315563630256784
-0.03125	3.624784187361754
-0.031	3.7292631973584958
-0.03018551027890143	4.092529845064075
-0.03	4.180067713011899
-0.02915728098552524	4.599297316188135
-0.029	4.681335078401211
-0.028164076956588437	5.13621336426873
-0.028	5.22905616642566
-0.027204705103003875	5.17933907563502
-0.027	4.971236815704864
-0.026278012976678578	4.270845016704669
-0.026	4.0175805333577275
-0.025382887386132362	3.4936383610319424
-0.025	3.197541518344864
-0.024518253059273465	2.8590862924102853
-0.024	2.539746893163947
-0.023683071351724965	2.3682587730850684
-0.023	2.062341298722484
-0.022876338999150394	2.0164772400023048
-0.02209708691207961	1.796612135031855
-0.022	1.77773479703213
-0.021344379011787432	1.7010981448707454
-0.021	1.6971160524624764
-0.02061731110582648	1.7228753700710482
-0.02	1.8334838205580977
-0.019915009801863465	1.855561192297215
-0.019236631458514314	2.0931604574195632
-0.019	2.202292896491386
-0.018581361171917516	2.429573554316569
-0.018	2.8192874222731183
-0.017948411796828673	2.858093721274506
-0.017337023001060083	3.3710154945684483
-0.017	3.69565854118458
-0.016746460352129577	3.959415860310122
-0.01617601443502152	4.613122770486198
-0.016	4.831268400112367
-0.015625	5.320853072938293
-0.015092755139450714	6.070482403654028
-0.015	6.2072557421420385
-0.01457864049276262	6.8494009812821055
-0.014082038478294218	7.644908896054533
-0.014	7.779764820133897
-0.013602352551501938	4.92756228715849
-0.013139006488339289	3.899011554620004
-0.013	3.6255960467193287
-0.012691443693066181	3.0818953318556104
-0.012259126529636732	2.4747531368801274
-0.012	2.2010442484583805
-0.011841535675862483	2.067842940030126
-0.011438169499575197	1.8482500057991633
-0.011048543456039806	1.8029353454829076
-0.011	1.8090392296617228
-0.010672189505893716	1.920070037750917
-0.01030865555291324	2.1891608977288834
-0.01	2.542595543501205
-0.009957504900931733	2.600474816950451
-0.009618315729257157	3.1441856588115087
-0.009290680585958758	3.8095507131754656
-0.009	4.516320017784971
-0.008974205898414337	4.584305708155916
-0.008668511500530041	5.454365736199409
-0.008373230176064788	6.4038417187050385
-0.00808800721751076	7.415329569505266
-0.008	7.7445830706598136
-0.0078125	8.470399769346777
-0.007546377569725352	9.550204462613598
-0.00728932024638131	10.63612249997241
-0.007041019239147109	11.710375172605225
-0.007	11.889138875888893
-0.006801176275750973	5.349347749902199
-0.0065695032441696445	4.315610501761093
-0.006345721846533087	3.536948333409965
-0.006129563264818366	3.0058606310244196
-0.006	2.7967119333661294
-0.005920767837931241	2.710458414124687
-0.005719084749787602	2.6381827343713087
-0.005524271728019903	2.777270836322886
-0.005336094752946855	3.1166863616168987
-0.00515432777645662	3.645218948817178
-0.005	4.254647704084954
-0.004978752450465866	4.3503294416859895
-0.004809157864628582	5.217144532642603
-0.004645340292979379	6.227834520184113
-0.004487102949207166	7.361463968172633
-0.004334255750265021	8.594297486828028
-0.004186615088032394	9.900473077675938
-0.004044003608755383	11.25291983107538
-0.004	11.685094980373163
-0.00390625	12.62438872199482
-0.003773188784862676	13.988477100260305
-0.003644660123190655	15.320551533353347
-0.0035205096195735546	16.59850317461193
-0.0034005881378754866	7.005670409196622
-0.0032847516220848223	5.778880048606352
-0.0031728609232665435	4.862789645225761
-0.003064781632409183	4.254842162035828
-0.003	4.03011745807385
-0.0029603839189656206	3.9466938238736557
-0.002859542374893801	3.927058200449476
-0.0027621358640099515	4.182611750813002
-0.0026680473764734273	4.697726001915727
-0.00257716388822831	5.45371113813112
-0.002489376225232933	6.428089186270319
-0.002404578932314291	7.5942235234291235
-0.0023226701464896895	8.921453252101228
-0.002243551474603583	10.375737493631622
-0.0021671278751325103	11.920715122813451
-0.002093307544016197	13.519030301103317
-0.0020220018043776915	15.133757621228272
-0.002	15.641209571749293
-0.001953125	16.72977343404375
-0.001886594392431338	18.274951424721394
-0.0018223300615953274	19.741100797636218
-0.0017602548097867773	21.104606436426373
-0.0017002940689377433	7.824740824118272
-0.0016423758110424111	6.35643654379449
-0.0015864304616332718	5.305454198117109
-0.0015323908162045916	4.659239072474483
-0.0014801919594828103	4.396925303895349
-0.0014297711874469005	4.4936184070873075
-0.0013810679320049757	4.9221117488512816
-0.0013340236882367136	5.653020308068317
-0.001288581944114155	6.654227628411921
-0.0012446881126164666	7.890318398481257
-0.0012022894661571455	9.322405505727403
-0.0011613350732448448	10.908518857159102
-0.0011217757373017914	12.60453713987327
-0.0010835639375662552	14.365524447830358
-0.0010466537720080985	16.147277700974012
-0.0010110009021888457	17.907885579761825
-0.001	18.45304314698391
-0.0009765625	19.609129188828817
-0.000943297196215669	21.217602920186867
-0.0009111650307976637	22.70548768030652
-0.0008801274048933886	24.050958188442504
-0.0008501470344688716	7.271168183513757
-0.0008211879055212056	5.815428174989717
-0.0007932152308166359	4.850852255558963
-0.0007661954081022958	4.343211303778793
-0.0007400959797414052	4.254166812423977
-0.0007148855937234502	4.5453140872379425
-0.0006905339660024879	5.179071463223805
-0.0006670118441183568	6.117868225745405
-0.0006442909720570775	7.322805393277572
-0.0006223440563082333	8.75257624858773
-0.0006011447330785727	10.363055842666721
-0.0005806675366224224	12.10766368716027
-0.0005608878686508957	13.938394911038369
-0.0005417819687831276	15.807300304674001
-0.0005233268860040493	17.6681587292797
-0.0005055004510944229	19.478104162288243
-0.00048828125	21.199021665500617
-0.0004716485981078345	22.798592434030024
-0.00045558251539883185	24.25093331127839
-0.0004400637024466943	25.53683147895246
-0.0004250735172344358	6.5004989852149935
-0.0004105939527606028	5.175821773138172
-0.00039660761540831794	4.356369190700674
-0.0003830977040511479	3.996047348009159
-0.0003700479898707026	4.049243006354335
-0.0003574427968617251	4.473494263845189
-0.00034526698300124393	5.229108975448498
-0.0003335059220591784	6.277386332597616
-0.00032214548602853873	7.578664310144181
-0.00031117202815411665	9.090936999169024
-0.00030057236653928637	10.76936746319904
-0.0002903337683112112	12.566710222227835
-0.00028044393432544786	14.434461311113623
-0.0002708909843915638	16.324459981438658
-0.00026166344300202464	18.190651110484296
-0.00025275022554721143	19.99075503305979
-0.000244140625	21.68765756375877
-0.00023582429905391725	23.25040782097445
-0.00022779125769941593	24.65478123118333
-0.00022003185122334716	25.88342155600986
-0.0002125367586172179	5.984220056684995
-0.0002052969763803014	4.767942845287517
-0.00019830380770415897	4.048258573822708
-0.00019154885202557394	3.7756110535291834
-0.0001850239949353513	3.903191305180577
-0.00017872139843086256	4.38864654002327
-0.00017263349150062197	5.19298528713603
-0.0001667529610295892	6.278352636307256
-0.00016107274301426937	7.605856405848289
-0.00015558601407705832	9.134123077563613
-0.00015028618326964319	10.818843936700961
-0.0001451668841556056	12.613272136844472
-0.00014022196716272393	14.469451112426086
-0.0001354454921957819	16.33987619909582
-0.00013083172150101232	18.17928882543695
-0.00012637511277360572	19.946349238566818
-0.0001220703125	21.605005288202204
-0.00011791214952695862	23.12545228629464
-0.00011389562884970796	24.484649259312278
-0.00011001592561167358	25.6664125325969
-0.00010626837930860896	5.659840230462568
-0.0001026484881901507	4.5123984046938
-9.915190385207948e-5	3.8483379807071167
-9.577442601278697e-5	3.617652521448811
-9.251199746767564e-5	3.7740573416445344
-8.936069921543128e-5	4.276205177425996
-8.631674575031098e-5	5.08628028826852
-8.33764805147946e-5	6.167613032026813
-8.053637150713468e-5	7.482448792328951
-7.779300703852916e-5	8.990505126055387
-7.514309163482159e-5	10.648542588104068
-7.25834420778028e-5	12.410887047581923
-7.011098358136196e-5	14.230671862386652
-6.772274609789095e-5	16.06149793026792
-6.541586075050616e-5	17.859212464132746
-6.318755638680286e-5	19.58355673867318
-6.103515625e-5	21.199505503230856
-5.895607476347931e-5	22.678197867326304
-5.694781442485398e-5	23.997428686199232
-5.500796280583679e-5	25.141723758789585
-5.313418965430448e-5	5.425300607201845
-5.132424409507535e-5	4.328977029910868
-4.957595192603974e-5	3.7019240182532394
-4.7887213006393486e-5	3.495106888708643
-4.625599873383782e-5	3.663515466092597
-4.468034960771564e-5	4.167138622061865
-4.315837287515549e-5	4.969446918763258
-4.16882402573973e-5	6.034980399025086
-4.026818575356734e-5	7.32713445708413
-3.889650351926458e-5	8.80674715888723
-3.7571545817410796e-5	10.431694619998403
-3.62917210389014e-5	12.157423442944278
-3.505549179068098e-5	13.938187071212898
-3.3861373048945474e-5	15.728687045233988
-3.270793037525308e-5	17.48582506566673
-3.159377819340143e-5	19.17032151268523
-3.0517578125e-5	20.748027762474507
-2.9478037381739656e-5	22.190835449883288
-2.8473907212426957e-5	23.477153607701226
-2.750398140291843e-5	24.591977593736765
-2.656709482715224e-5	5.261670175693513
-2.5662122047537674e-5	4.198695221266963
-2.478797596301987e-5	3.592890382868198
-2.3943606503196716e-5	3.396289134018267
-2.312799936691894e-5	3.5650178346290353
-2.234017480385782e-5	4.060171265160184
-2.1579186437577746e-5	4.84627652790183
-2.084412012869865e-5	5.888902732503163
-2.0134092876783644e-5	7.152479242203973
-1.9448251759632314e-5	8.598907033825167
-1.8785772908705398e-5	10.18716111565921
-1.81458605194507e-5	11.87381192713074
-1.752774589534049e-5	13.614236238972776
-1.6930686524472717e-5	15.364224429446633
-1.635396518762656e-5	17.08169626274146
-1.5796889096700715e-5	18.72828614277754
-1.52587890625e-5	20.27062898607352
-1.4739018690869828e-5	21.681251984504673
-1.4236953606213478e-5	22.939043786506495
-1.3751990701459215e-5	24.029324413565
-1.328354741357612e-5	5.1745863975021
-1.2831061023768837e-5	4.120135782975501
-1.2393987981509936e-5	3.512625122488293
-1.1971803251598358e-5	3.3047089953737396
-1.156399968345947e-5	3.4530551204471616
-1.117008740192891e-5	3.9192957526962706
-1.0789593218788873e-5	4.668583597745685
-1.0422060064349325e-5	5.667277799532449
-1.0067046438391822e-5	6.8808049615973745
-9.724125879816157e-6	8.272274067279492
-9.392886454352699e-6	9.802046585006908
-9.07293025972535e-6	11.428198658211034
-8.763872947670246e-6	13.107657381295656
-8.465343262236358e-6	14.79772951348593
-8.17698259381328e-6	16.457744487908197
-7.898444548350357e-6	18.050579720662476
-7.62939453125e-6	19.543903419789828
-7.369509345434914e-6	20.911041476271787
-7.118476803106739e-6	22.131439074180328
-6.875995350729607e-6	23.190737918765265
-6.64177370678806e-6	5.04152494028749
-6.4155305118844185e-6	4.010201208520308
-6.196993990754968e-6	3.412255488784123
-5.985901625799179e-6	3.2018013975514363
-5.781999841729735e-6	3.336770055406588
-5.585043700964455e-6	3.7799062966200108
-5.3947966093944364e-6	4.4974150806972
-5.211030032174663e-6	5.456738706400488
-5.033523219195911e-6	6.62448305458705
-4.8620629399080785e-6	7.9650605287523
-4.6964432271763496e-6	9.44025120501195
-4.536465129862675e-6	11.009626468932497
-4.381936473835123e-6	12.631627929579038
-4.232671631118179e-6	14.265031268162645
-4.08849129690664e-6	15.870526744137864
-3.949222274175179e-6	17.412191711713692
-3.814697265625e-6	18.858694827375103
-3.684754672717457e-6	20.18414032130794
-3.5592384015533696e-6	21.368522570674905
-3.4379976753648036e-6	22.397809926197528
-3.32088685339403e-6	4.905303063638038
-3.2077652559422093e-6	3.898904402103502
-3.098496995377484e-6	3.3122572211762766
-2.9929508128995895e-6	3.101017566772738
-2.8909999208648673e-6	3.224450575430973
-2.7925218504822275e-6	3.646463557620857
-2.6973983046972182e-6	4.334339098793396
-2.6055150160873313e-6	5.256603107803887
-2.5167616095979554e-6	6.381018545845432
-2.4310314699540393e-6	7.6732605388353905
-2.3482216135881748e-6	9.09647385453157
-2.2682325649313374e-6	10.611663693567852
-2.1909682369175614e-6	12.178722762381025
-2.1163358155590896e-6	13.757835114570858
-2.04424564845332e-6	15.310998031431405
-1.9746111370875893e-6	16.803444486414435
-1.9073486328125e-6	18.204810342197494
-1.8423773363587285e-6	19.489956543890372
-1.7796192007766848e-6	20.63941632197045
-1.7189988376824018e-6	21.639484621814475
-1.660443426697015e-6	4.770132848937773
-1.6038826279711046e-6	3.788879083382612
-1.549248497688742e-6	3.2141117511630424
-1.4964754064497947e-6	3.002983528498438
-1.4454999604324336e-6	3.1160638399600993
-1.3962609252411138e-6	3.5183996292217423
-1.3486991523486091e-6	4.178327398438288
-1.3027575080436657e-6	5.065426861638147
-1.2583808047989777e-6	6.148579685283514
-1.2155157349770196e-6	7.394676744895528
-1.1741108067940874e-6	8.768173750830282
-1.1341162824656687e-6	10.231452164637677
-1.0954841184587807e-6	11.74579788119821
-1.0581679077795448e-6	13.272748433371545
-1.02212282422666e-6	14.775559131634672
-9.873055685437947e-7	16.220577630763678
-9.5367431640625e-7	17.578375442666776
-9.211886681793642e-7	18.824548569530595
-8.898096003883424e-7	19.94015714875507
-8.594994188412009e-7	20.911819741555764
-8.302217133485075e-7	4.637672642398445
-8.019413139855523e-7	3.6812772343572604
-7.74624248844371e-7	3.118529515711993
-7.482377032248974e-7	2.90802098376413
-7.227499802162168e-7	3.0115816909448787
-6.981304626205569e-7	3.3953625623930197
-6.743495761743046e-7	4.028720363585354
-6.513787540218328e-7	4.8822524302224855
-6.291904023994889e-7	5.925917906259659
-6.077578674885098e-7	7.127776610083078
-5.870554033970437e-7	8.453543879049054
-5.670581412328344e-7	9.866923754954923
-5.477420592293904e-7	11.330541940329924
-5.290839538897724e-7	12.807239067814697
-5.1106141211333e-7	14.261483469329576
-4.936527842718973e-7	15.66069965075783
-4.76837158203125e-7	16.97636525485559
-4.605943340896821e-7	18.18479059499437
-4.449048001941712e-7	19.26755060235721
-4.2974970942060045e-7	20.211583352253463
-4.1511085667425373e-7	4.508463402644008
-4.0097065699277616e-7	3.576472271837798
-3.873121244221855e-7	3.0257109546713266
-3.741188516124487e-7	2.8161553206151924
-3.613749901081084e-7	2.910852561913141
-3.4906523131027844e-7	3.277020816919986
-3.371747880871523e-7	3.885002411687938
-3.256893770109164e-7	4.706375938335743
-3.1459520119974443e-7	5.7121378058897445
-3.038789337442549e-7	6.871472161649015
-2.9352770169852185e-7	8.151305780277115
-2.835290706164172e-7	9.516615302373589
-2.738710296146952e-7	10.931316740533836
-2.645419769448862e-7	12.359507156999738
-2.55530706056665e-7	13.766826143886247
-2.4682639213594866e-7	15.121739809498187
-2.384185791015625e-7	16.396604212566633
-2.3029716704484106e-7	17.56842422487509
-2.224524000970856e-7	18.619277674490732
-2.1487485471030023e-7	19.536417570237155
-2.0755542833712687e-7	4.3825929964056645
-2.0048532849638808e-7	3.4745087235218572
-1.9365606221109274e-7	2.935637168450828
-1.8705942580622434e-7	2.727288744484246
-1.806874950540542e-7	2.8136869146023296
-1.7453261565513922e-7	3.163081849981259
-1.6858739404357614e-7	3.7467680581564413
-1.628446885054582e-7	4.537270581854885
-1.5729760059987222e-7	5.506584921212667
-1.5193946687212745e-7	6.62497749106339
-1.4676385084926092e-7	7.860541270356477
-1.417645353082086e-7	9.179478685092972
-1.369355148073476e-7	10.546949717711357
-1.322709884724431e-7	11.92826412561048
-1.277653530283325e-7	13.290193540818168
-1.2341319606797433e-7	14.602212450243481
-1.1920928955078125e-7	15.83752905661699
-1.1514858352242053e-7	16.973823883934003
-1.112262000485428e-7	17.993666038938976
-1.0743742735515011e-7	18.88461865441466
-1.0377771416856343e-7	4.260010444745038
-1.0024266424819404e-7	3.3753309411310584
-9.682803110554637e-8	2.8482277665956426
-9.352971290311217e-8	2.641299850584426
-9.03437475270271e-8	2.719908643126843
-8.726630782756961e-8	3.0533030723201335
-8.429369702178807e-8	3.613698126284293
-8.14223442527291e-8	4.374532256776846
-7.864880029993611e-8	5.308763891367167
-7.596973343606373e-8	6.387701935895706
-7.338192542463046e-8	7.580562832427951
-7.08822676541043e-8	8.85473055300668
-6.84677574036738e-8	10.17656521909041
-6.613549423622155e-8	11.512547852532009
-6.388267651416625e-8	12.830544886874879
-6.170659803398717e-8	14.101007542887178
-5.960464477539063e-8	15.297971028998637
-5.7574291761210265e-8	16.39977329693146
-5.56131000242714e-8	17.38946336722517
-5.371871367757506e-8	18.254909558030874
-5.188885708428172e-8	4.1406308745262095
-5.012133212409702e-8	3.2788598585604563
-4.8414015552773186e-8	2.7633923079034197
-4.6764856451556086e-8	2.558072519101379
-4.517187376351355e-8	2.629363756054402
-4.3633153913784805e-8	2.947482100586781
-4.2146848510894035e-8	3.4855328501120155
-4.071117212636455e-8	4.217836417518722
-3.9324400149968054e-8	5.118279757780224
-3.7984866718031864e-8	6.15917643976406
-3.669096271231523e-8	7.310825707719096
-3.544113382705215e-8	8.541750957836063
-3.42338787018369e-8	9.81947066410087
-3.3067747118110775e-8	11.11159754755838
-3.1941338257083125e-8	12.387057204539373
-3.085329901699358e-8	13.617247218752478
-2.9802322387695312e-8	14.777005583200653
-2.8787145880605133e-8	15.84531001008786
-2.78065500121357e-8	16.805678285946108
-2.685935683878753e-8	17.646278889587464
-2.594442854214086e-8	4.024366418300806
-2.506066606204851e-8	3.1850153797123006
-2.4207007776386593e-8	2.681043973790274
-2.3382428225778043e-8	2.477500914133518
-2.2585936881756776e-8	2.541916787561528
-2.1816576956892402e-8	2.8454446215343627
-2.1073424255447017e-8	3.362051169695756
-2.0355586063182276e-8	4.0669087478651935
-1.9662200074984027e-8	4.93479997288035
-1.8992433359015932e-8	5.939006932354288
-1.8345481356157615e-8	7.050872796886411
-1.7720566913526073e-8	8.240020071955463
-1.711693935091845e-8	9.475085535244721
-1.6533873559055387e-8	10.724775623150931
-1.5970669128541563e-8	11.959040810220824
-1.542664950849679e-8	13.150195750274163
-1.4901161193847656e-8	14.27385777714711
-1.4393572940302566e-8	15.309627171033581
-1.390327500606785e-8	16.241479525851773
-1.3429678419393764e-8	17.057878391238326
-1.297221427107043e-8	3.9111338999093785
-1.2530333031024255e-8	3.0937218003934777
-1.2103503888193296e-8	2.6011019968812725
-1.1691214112889021e-8	2.399488424800769
-1.1292968440878388e-8	2.4574458816179385
-1.0908288478446201e-8	2.7470353123936064
-1.0536712127723509e-8	3.243057219740478
-1.0177793031591138e-8	3.9215069911085
-9.831100037492013e-9	4.7580314021628904
-9.496216679507966e-9	5.726846411070248
-9.172740678078808e-9	6.800301823544163
-8.860283456763037e-9	7.9490805414840935
-8.558469675459224e-9	9.142899136331033
-8.266936779527694e-9	10.351521175670198
-7.985334564270781e-9	11.545888926138336
-7.713324754248396e-9	12.69920577355717
-7.450580596923828e-9	13.787845638511783
-7.196786470151283e-9	14.792014599797
-6.951637503033925e-9	15.696135271780866
-6.714839209696882e-9	16.48896113281451
-6.486107135535215e-9	3.8008556648289065
-6.2651665155121274e-9	3.0049082745435842
-6.051751944096648e-9	2.523491137921292
-5.845607056444511e-9	2.3239456936570715
-5.646484220439194e-9	2.375839016936942
-5.454144239223101e-9	2.6521119733914054
-5.268356063861754e-9	3.128372128592497
-5.088896515795569e-9	3.781410218479772
-4.915550018746007e-9	4.587706913528963
-4.748108339753983e-9	5.5223787588195785
-4.586370339039404e-9	6.558746351029826
-4.430141728381518e-9	7.668515739507439
-4.279234837729612e-9	8.822446186476022
-4.133468389763847e-9	9.991323087086556
-3.992667282135391e-9	11.147048511478289
-3.856662377124198e-9	12.263687115101918
-3.725290298461914e-9	13.31834728557811
3.725290298461914e-9	20.685898825337578
3.856662377124198e-9	20.27853162799204
3.992667282135391e-9	19.66198447761072
4.133468389763847e-9	18.834787683510637
4.279234837729612e-9	17.803799678618002
4.430141728381518e-9	16.58520276561241
4.586370339039404e-9	15.204957500433267
4.748108339753983e-9	13.69854566842722
4.915550018746007e-9	12.10988940486174
5.088896515795569e-9	10.489435067572783
5.268356063861754e-9	8.89153226593507
5.454144239223101e-9	7.371406819954236
5.646484220439194e-9	5.982193445461037
5.845607056444511e-9	4.772618062457935
6.051751944096648e-9	3.7859488595064477
6.2651665155121274e-9	3.060713783325864
6.486107135535215e-9	2.633359343553881
6.714839209696882e-9	21.46738951254257
6.951637503033925e-9	21.61654440363008
7.196786470151283e-9	21.590811619451873
7.450580596923828e-9	21.371891453622023
7.713324754248396e-9	20.945561453410438
7.985334564270781e-9	20.30326388970048
8.266936779527694e-9	19.443669173680345
8.558469675459224e-9	18.374058261197618
8.860283456763037e-9	17.11133862551574
9.172740678078808e-9	15.682499028039151
9.496216679507966e-9	14.124328886008966
9.831100037492013e-9	12.482288124672909
1.0177793031591138e-8	10.808518218740309
1.0536712127723509e-8	9.159131695424277
1.0908288478446201e-8	7.591090885356504
1.1292968440878388e-8	6.159158199063862
1.1691214112889021e-8	4.913526687939228
1.2103503888193296e-8	3.8987675362236627
1.2530333031024255e-8	3.154602950594512
1.297221427107043e-8	2.7186767128701703
1.3429678419393764e-8	22.194946875923616
1.390327500606785e-8	22.343852597655694
1.4393572940302566e-8	22.311771219385058
1.4901161193847656e-8	22.0799247202161
1.542664950849679e-8	21.633775703629297
1.5970669128541563e-8	20.964663271543774
1.6533873559055387e-8	20.07141093184481
1.711693935091845e-8	18.961744288946846
1.7720566913526073e-8	17.653327304566837
1.8345481356157615e-8	16.17421682261197
1.8992433359015932e-8	14.562556940485129
1.9662200074984027e-8	12.865397492013154
2.0355586063182276e-8	11.136629619041932
2.1073424255447017e-8	9.434182895996834
2.1816576956892402e-8	7.816807267238936
2.2585936881756776e-8	6.3409391055934226
2.3382428225778043e-8	5.058279555121573
2.4207007776386593e-8	4.014739711675224
2.506066606204851e-8	3.251271965579949
2.594442854214086e-8	2.806756664060821
2.685935683878753e-8	22.946542188499247
2.78065500121357e-8	23.094948901856768
2.8787145880605133e-8	23.056062514329337
2.9802322387695312e-8	22.810617562445586
3.085329901699358e-8	22.34375896454875
3.1941338257083125e-8	21.646727610723453
3.3067747118110775e-8	20.71851381248647
3.42338787018369e-8	19.56731090474746
3.544113382705215e-8	18.21157183261862
3.669096271231523e-8	16.680462753719222
3.7984866718031864e-8	15.013530962694663
3.9324400149968054e-8	13.259469827791976
4.071117212636455e-8	11.473976172771492
4.2146848510894035e-8	9.716852096580128
4.3633153913784805e-8	8.048687439595582
4.517187376351355e-8	6.52763979858746
4.6764856451556086e-8	5.206960210196311
4.8414015552773186e-8	4.133937359052828
5.012133212409702e-8	3.350790542085214
5.188885708428172e-8	2.8976769267275677
5.371871367757506e-8	23.722824574537583
5.56131000242714e-8	23.87046657966619
5.7574291761210265e-8	23.824297325948287
5.960464477539063e-8	23.564554796089357
6.170659803398717e-8	23.07606369721518
6.388267651416625e-8	22.34997210023459
6.613549423622155e-8	21.385451493505386
6.84677574036738e-8	20.191186916849325
7.08822676541043e-8	18.786453890062674
7.338192542463046e-8	17.201570374586947
7.596973343606373e-8	15.477536741953582
7.864880029993611e-8	13.664744914919751
8.14223442527291e-8	11.820754762723775
8.429369702178807e-8	10.007297618092178
8.726630782756961e-8	8.286856561999103
9.03437475270271e-8	6.719358547616497
9.352971290311217e-8	5.359647001597786
9.682803110554637e-8	4.256426458804633
1.0024266424819404e-7	3.453220409361952
1.0377771416856343e-7	2.99150373989294
1.0743742735515011e-7	24.524352427127752
1.112262000485428e-7	24.670951067602374
1.1514858352242053e-7	24.617003423307114
1.1920928955078125e-7	24.342241811689718
1.2341319606797433e-7	23.83116836542966
1.277653530283325e-7	23.07484407308595
1.322709884724431e-7	22.0726365076142
1.369355148073476e-7	20.83374710986888
1.417645353082086e-7	19.37830845654441
1.4676385084926092e-7	17.737833829354432
1.5193946687212745e-7	15.954827669155454
1.5729760059987222e-7	14.08143661153431
1.628446885054582e-7	12.177142030992204
1.6858739404357614e-7	10.305662191541245
1.7453261565513922e-7	8.531427584357461
1.806874950540542e-7	6.91618327774776
1.8705942580622434e-7	5.516408004181689
1.9365606221109274e-7	4.382260639834873
2.0048532849638808e-7	3.558606238135265
2.0755542833712687e-7	3.088278294465831
2.1487485471030023e-7	25.351493448887148
2.224524000970856e-7	25.496764099811532
2.3029716704484106e-7	25.4345336791233
2.384185791015625e-7	25.144019665562148
2.4682639213594866e-7	24.609399278880137
2.55530706056665e-7	23.82165228593316
2.645419769448862e-7	22.780357482841882
2.738710296146952e-7	21.495257747051408
2.835290706164172e-7	19.98737763599806
2.9352770169852185e-7	18.289469795968518
3.038789337442549e-7	16.445594317240413
3.1459520119974443e-7	14.509709316992003
3.256893770109164e-7	12.543276721034413
3.371747880871523e-7	10.61205992875796
3.4906523131027844e-7	8.782491375977614
3.613749901081084e-7	7.118183161493409
3.741188516124487e-7	5.677292119389329
3.873121244221855e-7	4.511469494308835
4.0097065699277616e-7	3.6669584045307575
4.1511085667425373e-7	3.18799052754207
4.2974970942060045e-7	26.204237137521986
4.449048001941712e-7	26.347904361620685
4.605943340896821e-7	26.27689667634389
4.76837158203125e-7	25.96990732611825
4.936527842718973e-7	25.410785989083834
5.1106141211333e-7	24.59043671520471
5.290839538897724e-7	23.508664249034396
5.477420592293904e-7	22.175777483668654
5.670581412328344e-7	20.613727401027496
5.870554033970437e-7	18.85654957507297
6.077578674885098e-7	16.94991086415689
6.291904023994889e-7	14.9496372062316
6.513787540218328e-7	12.919229720455117
6.743495761743046e-7	10.926554730799461
6.981304626205569e-7	9.040100647228265
7.227499802162168e-7	7.325394786620158
7.482377032248974e-7	5.842313738117277
7.74624248844371e-7	4.644037340969715
8.019413139855523e-7	3.7782205512036655
8.302217133485075e-7	3.290528911778021
8.594994188412009e-7	27.08185070410132
8.898096003883424e-7	27.2236795308222
9.211886681793642e-7	27.14344816723148
9.5367431640625e-7	26.819315633655346
9.873055685437947e-7	26.234800472435058
1.02212282422666e-6	25.380735171366048
1.0581679077795448e-6	24.25716342702331
1.0954841184587807e-6	22.874982677644848
1.1341162824656687e-6	21.25710247113879
1.1741108067940874e-6	19.438882419259453
1.2155157349770196e-6	17.467644779614123
1.2583808047989777e-6	15.401137237498169
1.3027575080436657e-6	13.304956481785805
1.3486991523486091e-6	11.249127428616124
1.3962609252411138e-6	9.304246395382002
1.4454999604324336e-6	7.537801763286422
1.4964754064497947e-6	6.011428501808886
1.549248497688742e-6	4.779866957468814
1.6038826279711046e-6	3.89221141407047
1.660443426697015e-6	3.3955880976105597
1.7189988376824018e-6	27.98227856439498
1.7796192007766848e-6	28.122136585797072
1.8423773363587285e-6	28.032358002398055
1.9073486328125e-6	27.69055621209344
1.9746111370875893e-6	27.079912675137532
2.04424564845332e-6	26.191189140814743
2.1163358155590896e-6	25.02467698239449
2.1909682369175614e-6	23.591879595415165
2.2682325649313374e-6	21.91669147046371
2.3482216135881748e-6	20.03583121719133
2.4310314699540393e-6	17.99831889407917
2.5167616095979554e-6	15.863871851360965
2.6055150160873313e-6	13.700233160189027
2.6973983046972182e-6	11.57963693968774
2.7925218504822275e-6	9.574834603180253
2.8909999208648673e-6	7.755316473698789
2.9929508128995895e-6	6.1845084090606415
3.098496995377484e-6	4.918734621152126
3.2077652559422093e-6	4.008543710403484
3.32088685339403e-6	3.502531545341536
3.4379976753648036e-6	28.90126245711456
3.5592384015533696e-6	29.039235874158674
3.684754672717457e-6	28.939846874428554
3.814697265625e-6	28.580148738989788
3.949222274175179e-6	27.94297486607897
4.08849129690664e-6	27.01901006694627
4.232671631118179e-6	25.808793194675125
4.381936473835123e-6	24.32444045362803
4.536465129862675e-6	22.590845889099597
4.6964432271763496e-6	20.646109691845513
4.8620629399080785e-6	18.5409798279271
5.033523219195911e-6	16.337179718425507
5.211030032174663e-6	14.104639472157059
5.3947966093944364e-6	11.917844489497199
5.585043700964455e-6	9.851741340879308
5.781999841729735e-6	7.977856560287802
5.985901625799179e-6	6.3614316324679105
6.196993990754968e-6	5.060386564967453
6.4155305118844185e-6	4.12672101015699
6.64177370678806e-6	3.61048092882472
6.875995350729607e-6	29.83187466481974
7.118476803106739e-6	29.968455952540317
7.369509345434914e-6	29.85986860454141
7.62939453125e-6	29.482584980401466
7.898444548350357e-6	28.819069847980042
8.17698259381328e-6	27.859912030138194
8.465343262236358e-6	26.605881845679296
8.763872947670246e-6	25.069697001027283
9.07293025972535e-6	23.277246184518543
9.392886454352699e-6	21.26801416663567
9.724125879816157e-6	19.09448883822608
1.0067046438391822e-5	16.82042116742766
1.0422060064349325e-5	14.517958748194502
1.0789593218788873e-5	12.263876036010066
1.117008740192891e-5	10.135356882057472
1.156399968345947e-5	8.206006077416964
1.1971803251598358e-5	6.542916727682348
1.2393987981509936e-5	5.205626912660729
1.2831061023768837e-5	4.247586277223336
1.328354741357612e-5	3.720254521581285
1.3751990701459215e-5	30.771709606061144
1.4236953606213478e-5	30.907861038876593
1.4739018690869828e-5	30.7909893106305
1.52587890625e-5	30.396953786000708
1.5796889096700715e-5	29.70781612745317
1.635396518762656e-5	28.714033897756188
1.6930686524472717e-5	27.416574899023335
1.752774589534049e-5	25.82872811366007
1.81458605194507e-5	23.977353043791613
1.8785772908705398e-5	21.9033040839485
1.9448251759632314e-5	19.660804799754168
2.0134092876783644e-5	17.315640721522133
2.084412012869865e-5	14.942193727036338
2.1579186437577746e-5	12.619549489212154
2.234017480385782e-5	10.427148288342707
2.312799936691894e-5	8.440675827355225
2.3943606503196716e-5	6.729043142309683
2.478797596301987e-5	5.353308794744719
2.5662122047537674e-5	4.368174554190186
2.656709482715224e-5	3.826170361793523
2.750398140291843e-5	31.481185109929413
2.8473907212426957e-5	31.60355774183538
2.9478037381739656e-5	31.466620497890172
3.0517578125e-5	31.046136545327194
3.159377819340143e-5	30.324289792142316
3.270793037525308e-5	29.29191075977834
3.3861373048945474e-5	27.95061199136336
3.505549179068098e-5	26.31460412560577
3.62917210389014e-5	24.411930425560666
3.7571545817410796e-5	22.284854102345456
3.889650351926458e-5	19.989173817181403
4.026818575356734e-5	17.592340288092082
4.16882402573973e-5	15.170405821016553
4.315837287515549e-5	12.804051301316845
4.468034960771564e-5	10.574177104841363
4.625599873383782e-5	8.557771200797152
4.7887213006393486e-5	6.824916452967002
4.957595192603974e-5	5.437793813142779
5.132424409507535e-5	4.45229995531173
5.313418965430448e-5	3.9223594478820765
5.500796280583679e-5	32.140717018529365
5.694781442485398e-5	32.2404403211363
5.895607476347931e-5	32.074782287131484
6.103515625e-5	31.619687506489022
6.318755638680286e-5	30.857766593852308
6.541586075050616e-5	29.780541105023683
6.772274609789095e-5	28.39058235194354
7.011098358136196e-5	26.703311232350497
7.25834420778028e-5	24.748194420462607
7.514309163482159e-5	22.569071469772794
7.779300703852916e-5	20.22339211839361
8.053637150713468e-5	17.78024505698623
8.33764805147946e-5	15.317222810539642
8.631674575031098e-5	12.916383630504303
8.936069921543128e-5	10.659814395313164
9.251199746767564e-5	8.625522560376298
9.577442601278697e-5	6.8845256182990795
9.915190385207948e-5	5.4999860789005055
0.0001026484881901507	4.528979375522608
0.00010626837930860896	4.026914943304729
0.00011001592561167358	32.68541598232162
0.00011389562884970796	32.747773137204014
0.00011791214952695862	32.53934821496687
0.0001220703125	32.03675410110696
0.00012637511277360572	31.223551173324534
0.00013083172150101232	30.09248727775089
0.0001354454921957819	28.64760930702892
0.00014022196716272393	26.906011217050164
0.0001451668841556056	24.898954633630087
0.00015028618326964319	22.672101716968886
0.00015558601407705832	20.284649931745534
0.00016107274301426937	17.80726582335137
0.0001667529610295892	15.318882885091938
0.00017263349150062197	12.902646983639443
0.00017872139843086256	10.641533697001897
0.0001850239949353513	8.614377368259898
0.00019154885202557394	6.893175252851787
0.00019830380770415897	5.542483283858027
0.0002052969763803014	4.621423356206755
0.0002125367586172179	4.188211709995333
0.00022003185122334716	33.35180783690196
0.00022779125769941593	33.34997016309148
0.00023582429905391725	33.07054817298765
0.000244140625	32.49150282130183
0.00025275022554721143	31.598157571474545
0.00026166344300202464	30.385410694442204
0.0002708909843915638	28.859783727799265
0.00028044393432544786	27.041069691096926
0.0002903337683112112	24.96332141981694
0.00030057236653928637	22.674930980935514
0.00031117202815411665	20.23760909296148
0.00032214548602853873	17.72418840143724
0.0003335059220591784	15.215347288189557
0.00034526698300124393	12.795568704727073
0.0003574427968617251	10.548880248559632
0.0003700479898707026	8.555116315339834
0.0003830977040511479	6.887531976685803
0.00039660761540831794	5.61250245028484
0.0004105939527606028	4.791685885646727
0.0004250735172344358	4.4863571051810265
0.0004400637024466943	33.663478793916354
0.00045558251539883185	33.54421607720701
0.0004716485981078345	33.14322023796309
0.00048828125	32.441590185696974
0.0005055004510944229	31.42832069967957
0.0005233268860040493	30.102400962336976
0.0005417819687831276	28.474693724099488
0.0005608878686508957	26.56936498497388
0.0005806675366224224	24.424621182129698
0.0006011447330785727	22.09253322039707
0.0006223440563082333	19.63779579667444
0.0006442909720570775	17.135392831010495
0.0006670118441183568	14.667312184270695
0.0006905339660024879	12.31865748086989
0.0007148855937234502	10.173706055670657
0.0007400959797414052	8.312605660061056
0.0007661954081022958	6.809420298873232
0.0007932152308166359	5.732055296520501
0.0008211879055212056	5.144154353406799
0.0008501470344688716	5.108344670988318
0.0008801274048933886	32.903015280419694
0.0009111650307976637	32.57360008706624
0.000943297196215669	31.968536730045113
0.0009765625	31.07563098092503
0.001	30.296395204653336
0.0010110009021888457	29.89115103710158
0.0010466537720080985	28.421618497739942
0.0010835639375662552	26.68529740555994
0.0011217757373017914	24.713174956222026
0.0011613350732448448	22.549231428860022
0.0012022894661571455	20.249834987404387
0.0012446881126164666	17.882176197843155
0.001288581944114155	15.52177793903599
0.0013340236882367136	13.249269104036161
0.0013810679320049757	11.146771886843595
0.0014297711874469005	9.294384863488773
0.0014801919594828103	7.767298229238048
0.0015323908162045916	6.634000595871575
0.0015864304616332718	5.955785963718948
0.0016423758110424111	5.787330674610894
0.0017002940689377433	6.1775182770174935
0.0017602548097867773	31.07953862687088
0.0018223300615953274	30.441833950919722
0.001886594392431338	29.549977648695005
0.001953125	28.402405485190435
0.002	27.473062508384967
0.0020220018043776915	27.00633636497808
0.002093307544016197	25.37899142237078
0.0021671278751325103	23.54840661464897
0.002243551474603583	21.553674734011032
0.0023226701464896895	19.44447579986933
0.002404578932314291	17.27980669898592
0.002489376225232933	15.125902842930282
0.00257716388822831	13.053451211924111
0.0026680473764734273	11.134311844369673
0.0027621358640099515	9.43807130767834
0.002859542374893801	8.028818031087463
0.0029603839189656206	6.962525234939323
0.003	6.654603252681611
0.003064781632409183	6.2853287058837495
0.0031728609232665435	6.032785625551252
0.0032847516220848223	6.22991191977058
0.0034005881378754866	6.891459903868661
0.0035205096195735546	27.874556975091405
0.003644660123190655	26.921971329990775
0.003773188784862676	25.75861742642661
0.00390625	24.39433895806149
0.004	23.35382547069138
0.004044003608755383	22.84701054024003
0.004186615088032394	21.142965892328323
0.004334255750265021	19.316956102877374
0.004487102949207166	17.41153923132174
0.004645340292979379	15.475842553474292
0.004809157864628582	13.563700048383478
0.004978752450465866	11.73124714301214
0.005	11.514321593513406
0.00515432777645662	10.034144148380365
0.005336094752946855	8.524685817646667
0.005524271728019903	7.249119307226666
0.005719084749787602	6.245516885488246
0.005920767837931241	5.542514906263991
0.006	5.356937299965517
0.006129563264818366	5.15912385218904
0.006345721846533087	5.105630268058031
0.0065695032441696445	5.3853532989155175
0.006801176275750973	5.996699051819503
0.007	22.804212486252542
0.007041019239147109	22.626545066168852
0.00728932024638131	21.483013919719838
0.007546377569725352	20.195447581957797
0.0078125	18.78150429645662
0.008	17.75297057600393
0.00808800721751076	17.264667994235626
0.008373230176064788	15.673950237894667
0.008668511500530041	14.043194325597877
0.008974205898414337	12.40996690413772
0.009	12.275831968864793
0.009290680585958758	10.814068239158292
0.009618315729257157	9.295748109431319
0.009957504900931733	7.893774087711691
0.01	7.731307233049845
0.01030865555291324	6.643553376557978
0.010672189505893716	5.575546197092852
0.011	4.811499364537157
0.011048543456039806	4.714214211619357
0.011438169499575197	4.077708091881916
0.011841535675862483	3.6784030547234496
0.012	3.5899610386653364
0.012259126529636732	3.52423360346715
0.012691443693066181	3.620559781066704
0.013	3.8367398603288168
0.013139006488339289	3.9720294915076884
0.013602352551501938	4.583617262227146
0.014	17.032611814787426
0.014082038478294218	16.847969698013188
0.01457864049276262	15.700947819654973
0.015	14.699728765348361
0.015092755139450714	14.477285563754814
0.015625	13.196418183546756
0.016	12.29850986711519
0.01617601443502152	11.881014015731441
0.016746460352129577	10.556342198802698
0.017	9.985893523582824
0.017337023001060083	9.249408105424292
0.017948411796828673	7.987899246126186
0.018	7.886320423682058
0.018581361171917516	6.799018802398325
0.019	6.085070381515051
0.019236631458514314	5.708317510345339
0.019915009801863465	4.738660936784677
0.02	4.628852343896964
0.02061731110582648	3.9094803902136275
0.021	3.5320345512525324
0.021344379011787432	3.2364432666384864
0.022	2.7861018935354025
0.02209708691207961	2.7316346144006145
0.022876338999150394	2.4042603537399376
0.023	2.369776663044542
0.023683071351724965	2.261762230059482
0.024	2.257614841896189
0.024518253059273465	2.3110800805185154
0.025	2.4255887671944483
0.025382887386132362	2.5596233120706646
0.026	2.8529888537530463
0.026278012976678578	3.015351017996489
0.027	3.5207772306351406
0.027204705103003875	3.6852618156082
0.028	12.034591150561939
0.028164076956588437	11.870579167071185
0.029	11.032565313257587
0.02915728098552524	10.874943167817172
0.03	10.034816292682304
0.03018551027890143	9.851452165097887
0.031	9.056712552298608
0.03125	8.816893286148318
0.032	8.11186576271264
0.03235202887004304	7.789402142130252
0.033	7.21192451629874
0.03349292070425915	6.787858031040063
0.034	6.366469732385586
0.034674046002120165	5.831192517785495
0.035	5.583006245397644
0.03589682359365735	4.937667335392854
0.036	4.867040386923386
0.037	4.222229737621296
0.03716272234383503	4.124194664428265
0.038	3.650588750633872
0.03847326291702863	3.4057835940694856
0.039	3.152732653993972
0.03983001960372693	2.7951962052382893
0.04	2.7281418615067827
0.041	2.3754299307603057
0.04123462221165296	2.3028803798607367
0.042	2.092599730201025
0.042688758023574865	1.9372099928610371
0.043	1.8772747190485337
0.044	1.7268949057225258
0.04419417382415922	1.7050042929932947
0.045	1.6388699467700927
0.04575267799830079	1.6122179821436065
0.046	1.6106848170449581
0.047	1.639956390361061
0.04736614270344993	1.664597720730508
0.048	1.7244420150943502
0.049	1.8620036747209605
0.04903650611854693	1.8680027015383383
0.05	2.0505335328964756
0.050765774772264724	2.2280096215724416
0.051	2.2878485334583334
0.052	2.5715632212563033
0.052556025953357156	2.748401355029738
0.053	2.898951035159884
0.054	3.2668049644723176
0.05440941020600775	3.4282223525538713
0.055	3.671308619028836
0.056	7.990475623746075
0.05632815391317687	7.860011159385817
0.057	7.594697782012559
0.058	7.205021541416642
0.05831456197105048	7.083916598929134
0.059	6.822751479766783
0.06	6.449090685522422
0.06037102055780286	6.312868712914265
0.061	6.085137861994702
0.062	5.731885670619504
0.0625	5.559553384174973
0.063	5.390220262298323
0.064	5.060921931624354
0.06470405774008609	4.83686530715219
0.065	4.7446668163655765
0.066	4.442029553979653
0.0669858414085183	4.157471915249384
0.067	4.15348679826258
0.068	3.8794214925189117
0.069	3.62012779088369
0.06934809200424033	3.5333766830339197
0.07	3.3758165165862297
0.071	3.1466210449537426
0.0717936471873147	2.975522997020884
0.072	2.9326034997098747
0.073	2.7337611535071598
0.074	2.5500329275008933
0.07432544468767006	2.4934818184762237
0.075	2.3813058899682646
0.076	2.2274216603319767
0.07694652583405726	2.095261353881748
0.077	2.0881826322882184
0.078	1.9633579378874824
0.079	1.8526890831974658
0.07966003920745386	1.787262850581067
0.08	1.755895195419244
0.081	1.6726778308666823
0.082	1.6027253029004938
0.08246924442330592	1.5743822448762896
0.083	1.5457164985893415
0.084	1.501324162420678
0.085	1.4692176346870183
0.08537751604714973	1.460223039306493
0.086	1.4490650411261232
0.087	1.4405349389076876
0.088	1.44329743205916
0.08838834764831845	1.4473440906803212
0.089	1.4570247768472253
0.09	1.4813915044292578
0.091	1.5160740942214561
0.09150535599660158	1.5374225944994033
0.092	1.56075023686847
0.093	1.6150977304226686
0.094	1.6787930573369698
0.09473228540689986	1.7311767557815123
0.095	1.7515096931369813
0.096	1.8329162001653854
0.097	1.9226741615876088
0.098	2.020436011920837
0.09807301223709386	2.027877712184204
0.099	2.1258428207092828
0.1	2.2385220856318613
0.101	2.358085590311003
0.10153154954452945	2.424303055192215
0.102	2.484127380413682
0.103	2.6162219093210544
0.104	2.75392240171804
0.105	2.896759479949279
0.10511205190671431	2.91306328455589
0.106	3.0442400939376553
0.107	3.1958467909050268
0.108	3.3510373561162203
0.1088188204120155	3.4803833663816786
0.109	3.5092448504359055
0.11	3.6698780646984193
0.111	3.832322404803741
0.112	5.034102542188582
0.11265630782635375	4.946167477018264
0.113	4.900491575591929
0.114	4.769094185967943
0.115	4.6399964625575
0.116	4.513278919970092
0.11662912394210095	4.434811519325817
0.117	4.389016505758077
0.118	4.267278621175671
0.119	4.1481291546687356
0.12	4.031626527613413
0.12074204111560571	3.946919049419644
0.121	3.91782375179593
0.122	3.8067684981034504
0.123	3.6985031758757523
0.124	3.593065022350295
0.125	3.490486201618832
0.125	3.490486201618832
0.126	3.3907939125017967
0.127	3.2940105047375576
0.128	3.200153602876924
0.129	3.109236237269139
0.12940811548017217	3.072978216352191
0.13	3.021266981523861
0.131	2.9362500958341036
0.132	2.8541856755478965
0.133	2.7750698043812982
0.13397168281703664	2.701011412777786
0.134	2.698894711672173
0.135	2.625648933082949
0.136	2.5553174741709936
0.137	2.487881976257379
0.138	2.4233208840384233
0.1386961840084806	2.380058686274552
0.139	2.36160961439943
0.14	2.3027207259062363
0.141	2.2466240884676507
0.142	2.1932870526801733
0.143	2.142674618385723
0.1435872943746294	2.114205307968708
0.144	2.094749601993046
0.145	2.049472802134228
0.146	2.006803163248832
0.147	1.9666979367098367
0.148	1.9291128391274455
0.14865088937534013	1.9059814701406232
0.149	1.8940022074889327
0.15	1.8613191508149258
0.151	1.8310156980347823
0.152	1.803042941805883
0.153	1.7773511780237097
0.1538930516681145	1.7562941762231772
0.154	1.7538900407914348
0.155	1.7326086326392744
0.156	1.7134556498050793
0.157	1.6963795024085198
0.158	1.6813284293715602
0.159	1.668250607957879
0.15932007841490778	1.6644730941755619
0.16	1.657094257823309
0.161	1.6478077394882475
0.162	1.6403396471612932
0.163	1.6346388958611304
0.164	1.630654802800822
0.16493848884661177	1.6284325526404637
0.165	1.6283371630152008
0.166	1.6276363192280234
0.167	1.6285032259708485
0.168	1.6308895079803614
0.169	1.6347475129149724
0.17	1.6400303584450606
0.17075503209429946	1.6449350453507254
0.171	1.6466919737842047
0.172	1.654687135741097
0.173	1.6639714993837114
0.174	1.6745016234185273
0.175	1.6862349903984404
0.176	1.6991300218831817
0.1767766952966369	1.7099210716530033
0.177	1.7131460886858496
0.178	1.7282435163484378
0.179	1.7443835859980343
0.18	1.7615285307437178
0.181	1.779641527782109
0.182	1.7986866863869906
0.183	1.8186290319654976
0.18301071199320315	1.8188473866045685
0.184	1.8394344863699916
0.185	1.8610698446610165
0.186	1.8835027485225222
0.187	1.906701656536006
0.188	1.930635811525251
0.189	1.9552752051879387
0.18946457081379978	1.9669536558308964
0.19	1.980590540234673
0.191	2.006553190259709
0.192	2.0331351575711
0.193	2.060309029210866
0.194	2.088047931398384
0.195	2.1163254826321034
0.196	2.14511574568639
0.19614602447418766	2.1493611957918564
0.197	2.174393178741343
0.198	2.204132585883946
0.199	2.234309067219113
0.2	2.26489796882858
0.201	2.295874832814672
0.202	2.3272153476643096
0.203	2.358895299166514
0.2030630990890589	2.3609051025589904
0.204	2.390890522113807
0.205	2.4231768530146134
0.206	2.455730084039645
0.207	2.4885259184206907
0.208	2.5215399275148767
0.209	2.554747509741513
0.21	2.5881238515920515
0.21022410381342863	2.595624221503285
0.211	2.6216438909063884
0.212	2.655282282600805
0.213	2.68901336702429
0.214	2.722811141110688
0.215	2.756649232484323
0.216	2.7905008766661727
0.217	2.824338897516642
0.217637640824031	2.845895634703479
0.218	2.858135691039237
0.219	2.891863212657224
0.22	2.9254929680626276
0.221	2.9589960077235467
0.222	2.992342925122163
0.223	3.2107368078572955
0.224	3.1703167019234315
0.225	3.130319309884124
0.22531261565270758	3.1179026849540654
0.226	3.090747481823861
0.227	3.05160384737298
0.228	3.012890818646188
0.229	2.9746105932907665
0.23	2.93676515764041
0.231	2.899356289970568
0.232	2.862385563851146
0.233	2.8258543515923833
0.23325824788420185	2.8164917991858736
0.234	2.7897638277797028
0.235	2.754114972893297
0.236	2.7189085770081762
0.237	2.684145243570463
0.238	2.649825393245583
0.239	2.615949267834131
0.24	2.582516934251078
0.241	2.549528288564047
0.24148408223121143	2.5337183737797906
0.242	2.5169830600863827
0.243	2.4848808155207327
0.244	2.4532209631488584
0.245	2.4220027570634692
0.246	2.391225301437834
0.247	2.3608875548289556
0.248	2.330988334510155
0.249	2.301526320828924
0.25	2.272500061585907
0.25	2.272500061585907
0.251	2.243907976430974
0.252	2.215748361272339
0.253	2.188019392694726
0.254	2.1607191323826513
0.255	2.133845531544946
0.256	2.10739643533663
0.257	2.0813695872744145
0.258	2.0557626336420634
0.25881623096034434	2.035170984943613
0.259	2.030573127881949
0.26	2.0057985349692276
0.261	1.9814362357650652
0.262	1.9574835313454448
0.263	1.9339376473021774
0.264	1.910795738012755
0.265	1.8880548908758055
0.266	1.8657121305089566
0.267	1.843764422906025
0.2679433656340733	1.8234190587862606
0.268	1.8222086795504642
0.269	1.8010417614821637
0.27	1.7802604833147173
0.271	1.7598616172003705
0.272	1.7398418967399627
0.273	1.7201980208352494
0.274	1.7009266574810662
0.275	1.6820244474949109
0.276	1.6634880081815848
0.277	1.6453139369306322
0.2773923680169612	1.6382812529089896
0.278	1.6274988147444067
0.279	1.6100392096946874
0.28	1.5929316803058442
0.281	1.576172778862661
0.282	1.5597590546410143
0.283	1.5436870570596632
0.284	1.5279533387515751
0.285	1.5125544585532054
0.286	1.4974869844103191
0.287	1.4827474961990064
0.2871745887492588	1.4802075240641637
0.288	1.4683325884606249
0.289	1.45423887304951
0.29	1.440462981692384
0.291	1.4270015684584747
0.292	1.4138513121394578
0.293	1.4010089185384176
0.294	1.3884711226671202
0.295	1.3762346908509666
0.296	1.3642964227410985
0.297	1.352653153233209
0.29730177875068026	1.3491969344569403
0.298	1.3413017542926886
0.299	1.330239136685844
0.3	1.319462251616989
0.301	1.308968092271301
0.302	1.2987536952634267
0.303	1.2888161419918884
0.304	1.2791525598994264
0.305	1.2697601236395024
0.306	1.2606360561492553
0.307	1.2517776296292826
0.307786103336229	1.244998731621425
0.308	1.2431821664306912
0.309	1.2348470398499543
0.31	1.2267696748321484
0.311	1.2189475485832588
0.312	1.2113781910922772
0.313	1.2040591855639025
0.314	1.1969881687627157
0.315	1.1901628312697778
0.316	1.1835809176526317
0.317	1.1772402265498034
0.318	1.1711386106709059
0.31864015682981556	1.1673571596533292
0.319	1.1652739767135407
0.32	1.1596442851982476
0.321	1.154247550222796
0.322	1.1490818391371722
0.323	1.1441452721406737
0.324	1.1394360218025799
0.325	1.1349523125078904
0.326	1.1306924198297006
0.327	1.1266546698298185
0.328	1.122837438289265
0.329	1.1192391498703544
0.32987697769322355	1.1162625221119309
0.33	1.1158582772120866
0.331	1.1126933399606183
0.332	1.1097429037366309
0.333	1.1070055790414355
0.334	1.1044800201036962
0.335	1.1021649236686824
0.336	1.1000590277319993
0.337	1.0981611102197644
0.338	1.0964699876172292
0.339	1.0949845135478806
0.34	1.0937035773050565
0.341	1.0926261023381627
0.3415100641885989	1.0921545392729588
0.342	1.0917510446955796
0.343	1.0910773914263627
0.344	1.0906041589428763
0.345	1.0903303913464995
0.346	1.090255158718565
0.347	1.0903775553786947
0.348	1.0906966981127282
0.349	1.0912117243724173
0.35	1.0919217904490919
0.351	1.0928260696235033
0.352	1.0939237502940469
0.353	1.0952140340855734
0.3535533905932738	1.0960105605415873
0.354	1.0966961339410013
0.355	1.0983692721979452
0.356	1.1002326786525514
0.357	1.1022855886127627
0.358	1.1045272409432019
0.359	1.1069568761038593
0.36	1.1095737341847807
0.361	1.1123770529389172
0.362	1.1153660658153
0.363	1.1185399999946963
0.364	1.121898074429868
0.365	1.125439497892563
0.366	1.1291634670293318
0.3660214239864063	1.1292452406156956
0.367	1.1330691644282591
0.368	1.1371557566986614
0.369	1.141422392565806
0.37	1.1458682009826593
0.371	1.1504922892606602
0.372	1.1552937412214903
0.373	1.1602716153717776
0.374	1.165424943102658
0.375	1.1707527269160598
0.376	1.1762539386795854
0.377	1.181927517911806
0.378	1.1877723700997476
0.37892914162759955	1.193355575911259
0.379	1.1937873650503374
0.38	1.1999713352775245
0.381	1.2063230744267575
0.382	1.2128413357384646
0.383	1.2195248305521447
0.384	1.2263722268526325
0.385	1.2333821478600713
0.386	1.2405531706650668
0.387	1.2478838249104736
0.388	1.2553725915212062
0.389	1.2630179014834244
0.39	1.2708181346744127
0.391	1.2787716187443936
0.392	1.2868766280515056
0.3922920489483753	1.2892720207061827
0.393	1.2951313826511048
0.394	1.303534047340495
0.395	1.3120827307601681
0.396	1.320775484552558
0.397	1.3296103025792714
0.398	1.3385851201977113
0.399	1.347697813597947
0.4	1.3569461992006342
0.401	1.366328033116741
0.402	1.37584101066977
0.403	1.3854827659811164
0.404	1.3952508716191536
0.405	1.405142838312569
0.406	1.415156114728422
0.4061261981781178	1.4164282615465322
0.407	1.4252880873153497
0.408	1.4355360802122594
0.409	1.4458973552228274
0.41	1.4563691118560398
0.411	1.4669484874329535
0.412	1.477632557259817
0.413	1.4884183348676083
0.414	1.4993027723180037
0.415	1.5102827605757263
0.416	1.5213551299471766
0.417	1.5325166505851646
0.418	1.543764033059528
0.419	1.555093928993353
0.42	1.5665029317644572
0.42044820762685725	1.5716412924518945
0.421	1.5779875772717287
0.422	1.5895443447658766
0.423	1.601169657744072
0.424	1.6128598849079068
0.425	1.6246113411840415
0.426	1.6364202888068717
0.427	1.6482829384624527
0.428	1.6601954504929002
0.429	1.6721539361604163
0.43	1.6841544589700315
0.431	1.6961930360501074
0.432	1.7082656395895939
0.433	1.7203681983309733
0.434	1.7324965991177819
0.435	1.7446466884955352
0.435275281648062	1.7479946349619735
0.436	1.756814274364871
0.437	1.7689951276856022
0.438	1.7811849842304306
0.439	1.7933795463869018
0.44	1.8055744850062523
0.441	1.8177654412976827
0.442	1.829948028766557
0.443	1.8421178351950251
0.444	1.8542704246634725
0.445	1.8664013396112065
0.446	2.147109329719503
0.447	2.138760016668737
0.448	2.130500843522694
0.449	2.1223317491972447
0.45	2.1142526636337577
0.45062523130541515	2.109247062678181
0.451	2.1062635078623537
0.452	2.0983641940657893
0.453	2.090554625643929
0.454	2.082834697278799
0.455	2.07520429500021
0.456	2.0676632962519297
0.457	2.060211569958398
0.458	2.0528489765919633
0.459	2.045575368240631
0.46	2.0383905886763056
0.461	2.0312944734235217
0.462	2.0242868498286373
0.463	2.0173675371294846
0.464	2.0105363465254626
0.465	2.003793081248061
0.466	1.997137536631793
0.4665164957684037	1.9937342607061483
0.467	1.99056950018553
0.468	1.9840887516642336
0.469	1.9776950631410504
0.47	1.9713881990797775
0.471	1.965167916407674
0.472	1.9590339645886103
0.473	1.9529860856965395
0.474	1.9470240144892839
0.475	1.9411474784826184
0.476	1.9353561980246388
0.477	1.929649886370408
0.478	1.9240282497568626
0.479	1.91849098747797
0.48	1.913037791960129
0.481	1.9076683488377906
0.482	1.9023823370292925
0.48296816446242286	1.8973437888447717
0.483	1.8971794288129136
0.484	1.892059289903099
0.485	1.8870215795268819
0.486	1.8820659505004707
0.487	1.877192049306
0.488	1.8723995161684137
0.489	1.8676879851325152
0.49	1.863057084140117
0.491	1.8585064351073175
0.492	1.8540356540018925
0.493	1.84964435092077
0.494	1.8453321301675953
0.495	1.8410985903303783
0.496	1.8369433243592006
0.497	1.8328659196439796
0.498	1.828865958092282
0.499	1.824943016207178
0.5	1.8210966651651144
0.5	1.8210966651651144
0.501	1.8173264708938215
0.502	1.8136319941502113
0.503	1.810012790598298
0.504	1.806468410887093
0.505	1.8029984007284976
0.506	1.7996023009751574
0.507	1.7962796476983016
0.508	1.7930299722655203
0.509	1.789852801418507
0.51	1.786747657350743
0.511	1.783714057785107
0.512	1.7807515160514191
0.513	1.7778595411639033
0.514	1.7750376378985617
0.515	1.7722853068704467
0.516	1.769602044610842
0.517	1.7669873436443237
0.5176324619206888	1.7653688070881925
0.518	1.764440692565705
0.519	1.7619615761168634
0.52	1.7595494752634318
0.521	1.7572038672713512
0.522	1.754924225783282
0.523	1.7527100208948656
0.524	1.7505607192308237
0.525	1.748475784020901
0.526	1.7464546751756351
0.527	1.7444968493619506
0.528	1.7426017600785764
0.529	1.740768857731266
0.53	1.7389975897078422
0.531	1.7372874004530259
0.532	1.7356377315430713
0.533	1.734048021760192
0.534	1.7325177071667697
0.535	1.7310462211793445
0.5358867312681466	1.7297901612949926
0.536	1.7296329946423823
0.537	1.7282774559018115
0.538	1.7269790308783273
0.539	1.7257371431404536
0.54	1.7245512139773678
0.541	1.7234206624714712
0.542	1.72234490557071
0.543	1.7213233581606362
0.544	1.7203554331362167
0.545	1.7194405414733653
0.546	1.7185780923002127
0.547	1.7177674929680988
0.548	1.7170081491222948
0.549	1.7162994647724337
0.55	1.7156408423626652
0.551	1.715031682841517
0.552	1.7144713857314675
0.553	1.7139593491982168
0.554	1.713494970119666
0.5547847360339224	1.7131635355718788
0.555	1.7130776441545885
0.556	1.7127067658109953
0.557	1.712381728514203
0.558	1.7121019246745666
0.559	1.7118667457549201
0.56	1.7116755823376886
0.561	1.7115278241916734
0.562	1.7114228603385284
0.563	1.711360079118894
0.564	1.7113388682582134
0.565	1.7113586149322066
0.566	1.7114187058320196
0.567	1.7115185272290223
0.568	1.7116574650392868
0.569	1.7118349048877008
0.57	1.7120502321717488
0.571	1.7123028321249485
0.572	1.712592089879927
0.573	1.7129173905311528
0.574	1.7132781191973134
0.5743491774985174	1.7134123092393527
0.575	1.7136736610833332
0.576	1.7141034015420364
0.577	1.7145667261354445
0.578	1.7150630206957234
0.579	1.7155916713857473
0.58	1.7161520647593134
0.581	1.7167435878209798
0.582	1.7173656280855376
0.583	1.7180175736370997
0.584	1.7186988131878396
0.585	1.7194087361363248
0.586	1.7201467326254993
0.587	1.720912193600269
0.588	1.7217045108647158
0.589	1.722523077138929
0.59	1.7233672861154508
0.591	1.724236532515333
0.592	1.725130212143815
0.593	1.7260477219456078
0.594	1.7269884600597902
0.5946035575013605	1.7275672379474385
0.595	1.7279518258743078
0.596	1.728937220080094
0.597	1.7299440447247776
0.598	1.7309717032660086
0.599	1.7320196006243833
0.6	1.7330871432359691
0.601	1.73417373910443
0.602	1.7352787978527537
0.603	1.736401730774576
0.604	1.7375419508850953
0.605	1.7386988729715942
0.606	1.7398719136435425
0.607	1.741060491382301
0.608	1.7422640265904146
0.609	1.7434819416404939
0.61	1.7447136609236884
0.611	1.7459586108977454
0.612	1.7472162201346582
0.613	1.7484859193678957
0.614	1.7497671415392189
0.615	1.7510593218450847
0.6155722066724582	1.7518034281184103
0.616	1.7523618977826227
0.617	1.7536743091951992
0.618	1.7549959983175603
0.619	1.7563264098205549
0.62	1.757664990855429
0.621	1.7590111910977033
0.622	1.7603644627906283
0.623	1.7617242607882029
0.624	1.763090042597775
0.625	1.764461268422215
0.626	1.7658374012016556
0.627	1.7672179066548022
0.628	1.7686022533198187
0.629	1.769989912594774
0.63	1.771380358777656
0.631	1.7727730691059589
0.632	1.7741675237958285
0.633	1.7755632060807707
0.634	1.77695960224993
0.635	1.7783562016859238
0.636	1.7797524969022342
0.637	1.7811479835801771
0.6372803136596311	1.7815389440403282
0.638	1.782542160605406
0.639	1.78393453010399
0.64	1.785324597478049
0.641	1.7867118714409318
0.642	1.788095864051966
0.643	1.7894760907507483
0.644	1.790852070390996
0.645	1.7922233252739475
0.646	1.793589381181311
0.647	1.7949497674077735
0.648	1.796304016793047
0.649	1.797651665753471
0.65	1.798992254313158
0.651	1.8003253261346903
0.652	1.801650428549356
0.653	1.8029671125869373
0.654	1.8042749330050332
0.655	1.805573448317938
0.656	1.806862220825047
0.657	1.8081408166388155
0.658	1.8094088057122508
0.659	1.8106657618659499
0.6597539553864471	1.8116058992772062
0.66	1.8119112628146683
0.661	1.8131448901934322
0.662	1.814366229583185
0.663	1.8155748705359789
0.664	1.8167704065996821
0.665	1.817952435342241
0.666	1.8191205583754657
0.667	1.8202743813783542
0.668	1.8214135141199401
0.669	1.8225375704816844
0.67	1.823646168479387
0.671	1.8247389302846377
0.672	1.825815482245787
0.673	1.8268754549084565
0.674	1.8279184830355721
0.675	1.828944205626924
0.676	1.8299522659382523
0.677	1.8309423114998724
0.678	1.8319139941348046
0.679	1.8328669699764477
0.68	1.8338008994857689
0.681	1.834715447468021
0.682	1.8356102830889827
0.683	1.836485079890719
0.6830201283771977	1.8365024801628562
0.684	1.8373395158068762
0.685	1.8381732731774811
0.686	1.8389860387632817
0.687	1.8397775037595971
0.688	1.840547363809695
0.689	1.841295319017688
0.69	1.842021073960952
0.691	1.8427243377020661
0.692	1.8434048238002703
0.693	1.8440622503224504
0.694	1.8446963398536333
0.695	1.8453068195070128
0.696	1.8458934209334852
0.697	1.846455880330715
0.698	1.8469939384517167
0.699	1.8475073406129499
0.7	1.8479958367019467
0.701	1.8484591811844513
0.702	1.8488971331110786
0.703	1.849309456123501
0.704	1.8496959184601478
0.705	1.850056292961431
0.706	1.850390357074486
0.707	1.8506978928574436
0.7071067811865476	1.8507291553936387
0.708	1.8509786869832117
0.709	1.8512325307427857
0.71	1.8514592200480868
0.711	1.851658555434308
0.712	1.8518303420617999
0.713	1.8519743897174683
0.714	1.852090512815703
0.715	1.8521785303988312
0.716	1.8522382661370915
0.717	1.852269548328144
0.718	1.8522722098960955
0.719	1.852246088390062
0.72	1.8521910259822596
0.721	1.8521068694656184
0.722	1.8519934702509324
0.723	1.8518506843635456
0.724	1.851678372439557
0.725	1.851476399721569
0.726	1.8512446360539763
0.727	1.8509829558777762
0.728	1.8506912382249268
0.729	1.8503693667122385
0.73	1.8500172295348118
0.731	1.8496347194590044
0.732	1.849221733814955
0.7320428479728127	1.8492033558241066
0.733	1.848778174488641
0.734	1.8483039479134853
0.735	1.8477989650615092
0.736	1.8472631414340384
0.737	1.8466963970519465
0.738	1.846098656445469
0.739	1.8454698486435597
0.74	1.8448099071627972
0.741	1.844118769995865
0.742	1.843396379599577
0.743	1.8426426828824731
0.744	1.8418576311919697
0.745	1.8410411803010824
0.746	1.8401932903947174
0.747	1.839313926055526
0.748	1.838403056249332
0.749	1.8374606543101415
0.75	1.8364866979247183
0.751	1.8354811691167463
0.752	1.8344440542305698
0.753	1.8333753439145155
0.754	1.8322750331038067
0.755	1.8311431210030615
0.756	1.8299796110683835
0.757	1.8287845109890482
0.7578582832551991	1.8277335934455803
0.758	1.8275578326687874
0.759	1.8262995922066692
0.76	1.8250098098775833
0.761	1.8236885101123363
0.762	1.822335721477342
0.763	1.8209514766539412
0.764	1.8195358124173249
0.765	1.8180887696150763
0.766	1.8166103931453317
0.767	1.8151007319345775
0.768	1.8135598389150547
0.769	1.8119877710018168
0.77	1.8103845890693981
0.771	1.8087503579281425
0.772	1.8070851463001525
0.773	1.8053890267948978
0.774	1.8036620758844657
0.775	1.801904373878458
0.776	1.800116004898558
0.777	1.7982970568527368
0.778	1.7964476214091374
0.779	1.79456779396962
0.78	1.792657673642977
0.781	1.7907173632178213
0.782	1.7887469691351547
0.783	1.7867466014606168
0.784	1.7847163738564236
0.7845840978967507	1.7835167545294714
0.785	1.7826564035529877
0.786	1.7805668113202444
0.787	1.778447721438662
0.788	1.7762992616699695
0.789	1.7741215632275806
0.79	1.771914760746729
0.791	1.769678992254326
0.792	1.7674143991385305
0.793	1.7651211261180482
0.794	1.7627993212111521
0.795	1.7604491357044427
0.796	1.7580707241213442
0.797	1.755664244190339
0.798	1.7532298568129507
0.799	1.7507677260314805
0.8	1.7482780189964924
0.801	1.7457609059340669
0.802	1.7432165601128096
0.803	1.7406451578106419
0.804	1.7380468782813532
0.805	1.7354219037209426
0.806	1.7327704192337372
0.807	1.7300926127983014
0.808	1.7273886752331418
0.809	1.724658800162205
0.81	1.7219031839801904
0.811	1.7191220258176523
0.812	1.7163155275059332
0.8122523963562355	1.715603196751969
0.813	1.7134838935419086
0.814	1.7106273310525493
0.815	1.7077460497593218
0.816	1.70484026194241
0.817	1.7019101824047929
0.818	1.6989560284361434
0.819	1.6959780197765926
0.82	1.692976378580341
0.821	1.6899513293791266
0.822	1.6869030990455613
0.823	1.6838319167563298
0.824	1.6807380139552728
0.825	1.6776216243163333
0.826	1.6744829837064061
0.827	1.6713223301480595
0.828	1.6681399037821623
0.829	1.6649359468304092
0.83	1.6617107035577443
0.831	1.658464420234707
0.832	1.6551973450996793
0.833	1.6519097283210642
0.834	1.6486018219593845
0.835	1.645273879929319
0.836	1.64192615796166
0.837	1.6385589135652348
0.838	1.6351724059887514
0.839	1.6317668961826162
0.84	1.6283426467606836
0.8408964152537145	1.6252573857129142
0.841	1.6248999219619975
0.842	1.6214389876124782
0.843	1.6179601110865873
0.844	1.6144635612689795
0.845	1.6109496085161212
0.846	1.6074185246179098
0.847	1.603870582759285
0.848	1.6003060574818226
0.849	1.5967252246453654
0.85	1.5931283613896206
0.851	1.5895157460958036
0.852	1.5858876583482868
0.853	1.5822443788962683
0.854	1.5785861896154834
0.855	1.57491337346993
0.856	1.571226214473655
0.857	1.5675249976525616
0.858	1.5638100090062854
0.859	1.5600815354701112
0.86	1.5563398648769529
0.861	1.5525852859193896
0.862	1.5488180881117866
0.863	1.5450385617524682
0.864	1.5412469978859842
0.865	1.5374436882654527
0.866	1.5336289253149837
0.867	1.529803002092209
0.868	1.5259662122508968
0.869	1.5221188500036698
0.87	1.518261210084834
0.8705505632961241	1.5161330553128007
0.871	1.514393587713311
0.872	1.5105162785556876
0.873	1.506629578689388
0.874	1.5027337845659663
0.875	1.4988291929745223
0.876	1.4949161010052652
0.877	1.4909948060131968
0.878	1.4870656055819444
0.879	1.4831287974877367
0.88	1.4791846796635366
0.881	1.4752335501633145
0.882	1.4712757071264906
0.883	1.467311448742532
0.884	1.463341073215725
0.885	1.4593648787301052
0.886	1.455383163414574
0.887	1.451396225308179
0.888	1.4474043623255903
0.889	1.4434078722227566
0.89	1.4394070525627445
0.891	1.4354022006817813
0.892	0.0
0.893	0.0
0.894	0.0
0.895	0.0
0.896	0.0
0.897	0.0
0.898	0.0
0.899	0.0
0.9	0.0
0.901	0.0
0.9012504626108303	0.0
0.902	0.0
0.903	0.0
0.904	0.0
0.905	0.0
0.906	0.0
0.907	0.0
0.908	0.0
0.909	0.0
0.91	0.0
0.911	0.0
0.912	0.0
0.913	0.0
0.914	0.0
0.915	0.0
0.916	0.0
0.917	0.0
0.918	0.0
0.919	0.0
0.92	0.0
0.921	0.0
0.922	0.0
0.923	0.0
0.924	0.0
0.925	0.0
0.926	0.0
0.927	0.0
0.928	0.0
0.929	0.0
0.93	0.0
0.931	0.0
0.932	0.0
0.933	0.0
0.9330329915368074	0.0
0.934	0.0
0.935	0.0
0.936	0.0
0.937	0.0
0.938	0.0
0.939	0.0
0.94	0.0
0.941	0.0
0.942	0.0
0.943	0.0
0.944	0.0
0.945	0.0
0.946	0.0
0.947	0.0
0.948	0.0
0.949	0.0
0.95	0.0
0.951	0.0
0.952	0.0
0.953	0.0
0.954	0.0
0.955	0.0
0.956	0.0
0.957	0.0
0.958	0.0
0.959	0.0
0.96	0.0
0.961	0.0
0.962	0.0
0.963	0.0
0.964	0.0
0.965	0.0
0.9659363289248455	0.0
0.966	0.0
0.967	0.0
0.968	0.0
0.969	0.0
0.97	0.0
0.971	0.0
0.972	0.0
0.973	0.0
0.974	0.0
0.975	0.0
0.976	0.0
0.977	0.0
0.978	0.0
0.979	0.0
0.98	0.0
0.981	0.0
0.982	0.0
0.983	0.0
0.984	0.0
0.985	0.0
0.986	0.0
0.987	0.0
0.988	0.0
0.989	0.0
0.99	0.0
0.991	0.0
0.992	0.0
0.993	0.0
0.994	0.0
0.995	0.0
0.996	0.0
0.997	0.0
0.998	0.0
0.999	0.0
1.0	0.0
1.0	0.0
