-1.0	0.08966173454053333
-1.0	0.08966173454053333
-0.999	0.09005607921251771
-0.998	0.09045175301149856
-0.997	0.09084875821963279
-0.996	0.09124709711111859
-0.995	0.09164677195211941
-0.994	0.0920477850006876
-0.993	0.09245013850668829
-0.992	0.09285383471172282
-0.991	0.09325887584905239
-0.99	0.09366526414352098
-0.989	0.09407300181147858
-0.988	0.09448209106070417
-0.987	0.09489253409032865
-0.986	0.0953043330907572
-0.985	0.09571749024359211
-0.984	0.09613200772155493
-0.983	0.09654788768840922
-0.982	0.09696513229888185
-0.981	0.09738374369858575
-0.98	0.09780372402394125
-0.979	0.09822507540209827
-0.978	0.09864779995085746
-0.977	0.09907189977859196
-0.976	0.09949737698416844
-0.975	0.09992423365686891
-0.974	0.10035247187631108
-0.973	0.10078209371236979
-0.972	0.10121310122509762
-0.971	0.101645496464646
-0.97	0.10207928147118533
-0.969	0.10251445827482578
-0.968	0.10295102889553746
-0.967	0.10338899534307125
-0.966	0.1038283596168781
-0.965	0.10426912370602978
-0.964	0.10471128958913845
-0.963	0.10515485923427681
-0.962	0.10559983459889756
-0.961	0.10604621762975316
-0.96	0.10649401026281524
-0.959	0.10694321442319449
-0.958	0.10739383202505927
-0.957	0.10784586497155557
-0.956	0.10829931515472559
-0.955	0.10875418445542742
-0.954	0.10921047474325336
-0.953	0.10966818787644925
-0.952	0.11012732570183306
-0.951	0.11058789005471392
-0.95	0.11104988275881032
-0.949	0.11151330562616887
-0.948	0.11197816045708285
-0.947	0.11244444904001073
-0.9465508226401592	0.11265436242868843
-0.946	0.1129121731514941
-0.945	0.1133813345560762
-0.944	0.11385193500622004
-0.943	0.11432397624222676
-0.942	0.11479745999215317
-0.941	0.11527238797173019
-0.94	0.1157487618842805
-0.939	0.11622658342063671
-0.938	0.11670585425905892
-0.937	0.1171865760651523
-0.936	0.11766875049178527
-0.935	0.1181523791790067
-0.934	0.11863746375396389
-0.933	0.1191240058308196
-0.932	0.11961200701067004
-0.931	0.12010146888146199
-0.93	0.1205923930179106
-0.929	0.12108478098141609
-0.928	0.1215786343199818
-0.927	0.1220739545681308
-0.926	0.12257074324682403
-0.925	0.12306900186337648
-0.924	0.12356873191137521
-0.923	0.12406993487059592
-0.922	0.12457261220692079
-0.921	0.12507676537225473
-0.92	0.12558239580444325
-0.919	0.12608950492718884
-0.918	0.12659809414996887
-0.917	0.12710816486795182
-0.916	0.12761971846191458
-0.915	0.12813275629815973
-0.914	0.12864727972843235
-0.913	0.1291632900898368
-0.912	0.12968078870475422
-0.911	0.1301997768807589
-0.91	0.1307202559105359
-0.909	0.1312422270717977
-0.908	0.13176569162720117
-0.907	0.13229065082426464
-0.906	0.13281710589528528
-0.905	0.13334505805725555
-0.904	0.1338745085117804
-0.903	0.13440545844499455
-0.902	0.13493790902747965
-0.901	0.13547186141418102
-0.9	0.1360073167443249
-0.899	0.13654427614133546
-0.898	0.1370827407127527
-0.897	0.1376227115501486
-0.896	0.13816418972904515
-0.8959584598407621	0.138186715442599
-0.895	0.13870717630883111
-0.894	0.13925167233267985
-0.893	0.1397976788274662
-0.892	0.14034519680368407
-0.891	0.140894227255364
-0.89	0.14144477115999038
-0.889	0.1419968294784192
-0.888	0.14255040315479545
-0.887	0.14310549311647083
-0.886	0.14366210027392184
-0.885	0.14422022552066674
-0.884	0.14477986973318394
-0.883	0.14534103377082983
-0.882	0.14590371847575656
-0.881	0.14646792467283012
-0.88	0.14703365316954853
-0.879	0.1476009047559596
-0.878	0.14816968020458007
-0.877	0.14873998027031266
-0.876	0.1493118056903656
-0.875	0.14988515718417034
-0.874	0.15046003545330078
-0.873	0.15103644118139126
-0.872	0.15161437503405573
-0.871	0.15219383765880634
-0.87	0.15277482968497277
-0.869	0.15335735172362097
-0.868	0.1539414043674721
-0.867	0.15452698819082222
-0.866	0.15511410374946136
-0.865	0.15570275158059327
-0.864	0.15629293220275436
-0.863	0.15688464611573408
-0.862	0.15747789380049443
-0.861	0.15807267571908992
-0.86	0.15866899231458745
-0.859	0.15926684401098673
-0.858	0.15986623121314045
-0.857	0.16046715430667474
-0.856	0.16106961365790973
-0.855	0.16167360961378013
-0.854	0.16227914250175643
-0.853	0.1628862126297654
-0.852	0.16349482028611148
-0.851	0.16410496573939792
-0.85	0.16471664923844853
-0.849	0.16532987101222876
-0.8480702172136836	0.1659014142920109
-0.848	0.16594463126976777
-0.847	0.16656093020008
-0.846	0.1671787679720878
-0.845	0.16779814473454288
-0.844	0.16841906061594905
-0.843	0.16904151572448484
-0.842	0.16966551014792627
-0.841	0.17029104395356923
-0.84	0.17091811718815286
-0.839	0.1715467298777831
-0.838	0.17217688202785558
-0.837	0.17280857362297947
-0.836	0.17344180462690117
-0.835	0.17407657498242832
-0.834	0.1747128846113542
-0.833	0.1753507334143816
-0.832	0.1759901212710478
-0.831	0.17663104803964916
-0.83	0.17727351355716625
-0.829	0.17791751763918867
-0.828	0.17856306007984088
-0.827	0.1792101406517072
-0.826	0.1798587591057585
-0.825	0.18050891517127735
-0.824	0.1811606085557847
-0.823	0.1818138389449662
-0.822	0.18246860600259926
-0.821	0.1831249093704794
-0.82	0.1837827486683477
-0.819	0.18444212349381828
-0.818	0.1851030334223058
-0.817	0.18576547800695334
-0.816	0.18642945677856046
-0.815	0.18709496924551164
-0.814	0.18776201489370498
-0.813	0.18843059318648075
-0.812	0.18910070356455067
-0.811	0.18977234544592742
-0.81	0.190445518225854
-0.809	0.19112022127673392
-0.808	0.19179645394806094
-0.807	0.19247421556634978
-0.806	0.1931535054350668
-0.805	0.19383432283456095
-0.804	0.194516667021995
-0.803	0.19520053723127678
-0.8027415617602307	0.19537752350123264
-0.802	0.19588593267299145
-0.801	0.19657285253433354
-0.8	0.19726129597903885
-0.799	0.1979512621473176
-0.798	0.198642750155787
-0.797	0.1993357590974053
-0.796	0.20003028804140413
-0.795	0.20072633603322332
-0.794	0.20142390209444458
-0.793	0.20212298522272648
-0.792	0.20282358439173845
-0.791	0.2035256985510968
-0.79	0.204229326626299
-0.789	0.20493446751866082
-0.788	0.20564112010525099
-0.787	0.20634928323882873
-0.786	0.20705895574777936
-0.785	0.20777013643605255
-0.784	0.20848282408309868
-0.783	0.20919701744380692
-0.782	0.2099127152484433
-0.781	0.2106299162025894
-0.78	0.2113486189870803
-0.779	0.21206882225794446
-0.778	0.21279052464634246
-0.777	0.21351372475850772
-0.776	0.21423842117568542
-0.775	0.21496461245407414
-0.774	0.21569229712476576
-0.773	0.21642147369368758
-0.772	0.21715214064154337
-0.771	0.21788429642375529
-0.77	0.21861793947040636
-0.769	0.21935306818618353
-0.768	0.2200896809503202
-0.767	0.22082777611653984
-0.766	0.22156735201300004
-0.765	0.22230840694223694
-0.764	0.2230509391811091
-0.763	0.22379494698074334
-0.762	0.2245404285664797
-0.761	0.22528738213781754
-0.76	0.2260358058683615
-0.7598356856515925	0.226158923129213
-0.759	0.22678569790576827
-0.758	0.22753705637169352
-0.757	0.2282898793617398
-0.756	0.22904416494540347
-0.755	0.22979991116602413
-0.754	0.23055711604073215
-0.753	0.23131577756039887
-0.752	0.23207589368958526
-0.751	0.23283746236649228
-0.75	0.2336004815029111
-0.749	0.2343649489841747
-0.748	0.23513086266910765
-0.747	0.2358982203899789
-0.746	0.2366670199524538
-0.745	0.23743725913554636
-0.744	0.2382089356915728
-0.743	0.23898204734610382
-0.742	0.23975659179792005
-0.741	0.24053256671896572
-0.74	0.24130996975430294
-0.739	0.24208879852206822
-0.738	0.2428690506134269
-0.737	0.24365072359253065
-0.736	0.2444338149964731
-0.735	0.24521832233524737
-0.734	0.246004243091704
-0.733	0.24679157472150878
-0.732	0.247580314653101
-0.731	0.2483704602876533
-0.73	0.24916200899903018
-0.729	0.2499549581337494
-0.728	0.250749305010941
-0.727	0.2515450469223094
-0.726	0.2523421811320941
-0.725	0.25314070487703266
-0.724	0.2539406153663224
-0.723	0.25474190978158345
-0.722	0.2555445852768225
-0.721	0.2563486389783969
-0.72	0.25715406798497886
-0.7192230933248643	0.2577807585839715
-0.719	0.25796086936752094
-0.718	0.2587690401692205
-0.717	0.25957857740548773
-0.716	0.26038947806390994
-0.715	0.2612017391042204
-0.714	0.2620153574582652
-0.713	0.26283033002997175
-0.712	0.2636466536953168
-0.711	0.2644643253022965
-0.71	0.26528334167089557
-0.709	0.2661036995930579
-0.708	0.2669253958326573
-0.707	0.26774842712546876
-0.706	0.26857279017914
-0.705	0.2693984816731655
-0.704	0.2702254982588571
-0.703	0.27105383655931975
-0.702	0.271883493169424
-0.701	0.27271446465578214
-0.7	0.27354674755672215
-0.699	0.274380338382264
-0.698	0.2752152336140962
-0.697	0.27605142970555246
-0.696	0.2768889230815895
-0.695	0.2777277101387645
-0.694	0.27856778724521425
-0.693	0.27940915074063427
-0.692	0.28025179693625857
-0.691	0.28109572211483985
-0.69	0.28194092253063063
-0.689	0.282787394409365
-0.688	0.2836351339482399
-0.687	0.2844841373158989
-0.686	0.2853344006524149
-0.685	0.286185920069274
-0.684	0.28703869164936047
-0.683	0.28789271144694106
-0.682	0.2887479754876512
-0.681	0.2896044797684814
-0.6807812106484503	0.28979203874773124
-0.68	0.290462220257764
-0.679	0.2913211928951604
-0.678	0.2921813935916495
-0.677	0.29304281822951617
-0.676	0.2939054626623412
-0.675	0.29476932271499
-0.674	0.2956343941836048
-0.673	0.2965006728355944
-0.672	0.29736815440962666
-0.671	0.29823683461562106
-0.67	0.29910670913474136
-0.669	0.2999777736193893
-0.668	0.30085002369319946
-0.667	0.30172345495103337
-0.666	0.39706102934005594
-0.665	0.3986815649382175
-0.664	0.40030803858542174
-0.663	0.4019404651576572
-0.662	0.4035788594776346
-0.661	0.4052232363135974
-0.66	0.40687361037811975
-0.659	0.40852999632690007
-0.658	0.41019240875754853
-0.657	0.411860862208361
-0.656	0.41353537115709293
-0.655	0.4152159500197207
-0.654	0.4169026131491971
-0.653	0.4185953748342005
-0.652	0.4202942492978755
-0.651	0.4219992506965643
-0.65	0.42371039311853853
-0.649	0.4254276905827105
-0.648	0.42715115703735274
-0.647	0.42888080635879816
-0.646	0.4306166523501389
-0.645	0.43235870873991716
-0.6443940149772543	0.43341739658377
-0.644	0.4341069891808082
-0.643	0.4358615072482977
-0.642	0.43762227643934976
-0.641	0.4393893101710717
-0.64	0.44116262177936805
-0.639	0.4429422245175907
-0.638	0.4447281315551793
-0.637	0.44652035597630013
-0.636	0.44831891077847097
-0.635	0.4501238088711863
-0.634	0.45193506307453024
-0.633	0.4537526861177881
-0.632	0.455576690638048
-0.631	0.4574070891787957
-0.63	0.45924389418850714
-0.629	0.46108711801922875
-0.628	0.4629367729251569
-0.627	0.46479287106120876
-0.626	0.4666554244815856
-0.625	0.4685244451383342
-0.624	0.4703999448798962
-0.623	0.47228193544965813
-0.622	0.4741704284844896
-0.621	0.4760654355132818
-0.62	0.4779669679554743
-0.619	0.4798750371195778
-0.618	0.48178965420169434
-0.617	0.4837108302840293
-0.616	0.48563857633339785
-0.615	0.4875729031997262
-0.614	0.4895138216145486
-0.613	0.49146134218949794
-0.612	0.49341547541479047
-0.611	0.49537623165770756
-0.61	0.4973436211610711
-0.6099516849811152	0.49743884378273023
-0.609	0.4993176540417133
-0.608	0.5012983402889429
-0.607	0.5032856897630053
-0.606	0.5052797121935401
-0.605	0.50728041717803
-0.604	0.5092878141802504
-0.603	0.5113019125287104
-0.602	0.5133227214150888
-0.601	0.5153502498926719
-0.6	0.5173845068747791
-0.599	0.5194255011331899
-0.598	0.5214732412965658
-0.597	0.5235277358488626
-0.596	0.5255889931277516
-0.595	0.5276570213230234
-0.594	0.5297318284749937
-0.593	0.531813422472909
-0.592	0.5339018110533416
-0.591	0.5359970017985876
-0.59	0.5380990021350572
-0.589	0.5402078193316635
-0.588	0.5423234604982106
-0.587	0.5444459325837723
-0.586	0.5465752423750733
-0.585	0.5487113964948684
-0.584	0.550854401400314
-0.583	0.5530042633813392
-0.582	0.5551609885590202
-0.581	0.5573245828839377
-0.58	0.55949505213455
-0.579	0.5616724019155516
-0.578	0.5638566376562323
-0.5773502691896257	0.5652794958721503
-0.577	0.566047764608838
-0.576	0.5682457878469255
-0.575	0.5704507122637179
-0.574	0.5726625425704572
-0.573	0.5748812832947552
-0.572	0.5771069387789457
-0.571	0.5793395131784309
-0.57	0.5815790104600341
-0.569	0.5838254344003374
-0.568	0.5860787885840367
-0.567	0.5883390764022829
-0.566	0.5906063010510261
-0.565	0.5928804655293584
-0.564	0.5951615726378621
-0.563	0.5974496249769455
-0.562	0.5997446249451944
-0.561	0.6020465747377078
-0.56	0.6043554763444472
-0.559	0.6066713315485707
-0.558	0.6089941419247878
-0.557	0.611323908837698
-0.556	0.613660633440133
-0.555	0.6160043166715065
-0.554	0.6183549592561608
-0.553	0.620712561701709
-0.552	0.6230771242973909
-0.551	0.6254486471124152
-0.55	0.6278271299943186
-0.549	0.6302125725673107
-0.548	0.6326049742306346
-0.547	0.6350043341569209
-0.5464913722529576	0.636227384502666
-0.546	0.6374106512905459
-0.545	0.6398239243459919
-0.544	0.6422441518062117
-0.543	0.644671331920991
-0.542	0.6471054627053181
-0.541	0.649546541937755
-0.54	0.6519945671588071
-0.539	0.6544495356693042
-0.538	0.6569114445287747
-0.537	0.6593802905538336
-0.536	0.6618560703165646
-0.535	0.6643387801429114
-0.534	0.6668284161110724
-0.533	0.6693249740498931
-0.532	0.6718284495372725
-0.531	0.6743388378985706
-0.53	0.6768561342050088
-0.529	0.6793803332720921
-0.528	0.6819114296580284
-0.527	0.6844494176621481
-0.526	0.6869942913233339
-0.525	0.6895460444184591
-0.524	0.6921046704608186
-0.523	0.6946701626985827
-0.522	0.6972425141132401
-0.521	0.6998217174180582
-0.52	0.702407765056542
-0.519	0.7050006492009039
-0.518	0.7076003617505381
-0.5172818579717865	0.7094715326054019
-0.517	0.7102068943304999
-0.516	0.7128202382899936
-0.515	0.7154403847008663
-0.514	0.718067324356106
-0.513	0.7207010477683566
-0.512	0.7233415451684236
-0.511	0.7259888065038028
-0.51	0.7286428214372077
-0.509	0.7313035793451075
-0.508	0.7339710693162721
-0.507	0.7366452801503273
-0.506	0.739326200356314
-0.505	0.7420138181512598
-0.504	0.7447081214587561
-0.503	0.7474090979075478
-0.502	0.7501167348301265
-0.501	0.7528310192613388
-0.5	0.7555519379369948
-0.499	0.7582794772925006
-0.498	0.7610136234614839
-0.497	0.7637543622744414
-0.496	0.7665016792573865
-0.495	0.7692555596305205
-0.494	0.7720159883068958
-0.493	0.7747829498911087
-0.492	0.7775564286779866
-0.491	0.7803364086512934
-0.49	0.7831228734824512
-0.4896335682000246	0.7841455430267696
-0.489	0.7859158065292591
-0.488	0.7887151908346359
-0.487	0.7915210091253672
-0.486	0.7943332438108699
-0.485	0.7971518769819586
-0.484	0.7999768904096358
-0.483	0.8028082655438867
-0.482	0.8056459835124865
-0.481	0.8084900251198235
-0.48	0.8113403708457344
-0.479	0.8141970008443477
-0.478	0.8170598949429443
-0.477	0.8199290326408328
-0.476	0.8228043931082322
-0.475	0.8256859551851744
-0.474	0.8285736973804138
-0.473	0.8314675978703568
-0.472	0.834367634498004
-0.471	0.8372737847719007
-0.47	0.8401860258651107
-0.469	0.843104334614197
-0.468	0.8460286875182217
-0.467	0.8489590607377597
-0.466	0.8518954300939268
-0.465	0.8548377710674199
-0.464	0.8577860587975791
-0.4634630567719698	0.8593715669324243
-0.463	0.8607402680814634
-0.462	0.8637003733729355
-0.461	0.8666663487817704
-0.46	0.8696381680727769
-0.459	0.8726158046649353
-0.458	0.8755992316305493
-0.457	0.8785884216944214
-0.456	0.8815833472330354
-0.455	0.8845839802737623
-0.454	0.8875902924940771
-0.453	0.8906022552208074
-0.452	0.8936198394293772
-0.451	0.896643015743086
-0.45	0.899671754432396
-0.449	0.9027060254142453
-0.448	0.9057457982513665
-0.447	0.9087910421516373
-0.446	0.91184172596744
-0.445	0.9148978181950448
-0.444	0.9179592869740036
-0.443	0.9210261000865746
-0.442	0.9240982249571558
-0.441	0.9271756286517422
-0.44	0.9302582778774002
-0.439	0.9333461389817624
-0.4386913376508308	0.9343002927970433
-0.438	0.936439177952543
-0.437	0.9395373604170676
-0.436	0.9426406516418312
-0.435	0.94574901653207
-0.434	0.948862419631355
-0.433	0.9519808251212016
-0.432	0.9551041968207119
-0.431	0.9582324981862222
-0.43	0.9613656923109801
-0.429	0.9645037419248434
-0.428	0.9676466093939923
-0.427	0.9707942567206745
-0.426	0.9739466455429527
-0.425	0.9771037371345028
-0.424	0.9802654924043981
-0.423	0.9834318718969436
-0.422	0.986602835791521
-0.421	0.9897783439024512
-0.42	0.9929583556788908
-0.419	0.996142830204738
-0.418	0.999331726198569
-0.417	1.0025250020135963
-0.416	1.0057226156376435
-0.41524364653850576	1.0081439971474875
-0.415	1.0089245246931509
-0.414	1.0121306864371995
-0.413	1.0153410577615563
-0.412	1.0185555951927467
-0.411	1.0217742548921485
-0.41	1.0249969926561093
-0.409	1.0282237639160823
-0.408	1.031454523738798
-0.407	1.0346892268264467
-0.406	1.0379278275168913
-0.405	1.041170279783902
-0.404	1.0444165372374141
-0.403	1.04766655312382
-0.402	1.0509202803262607
-0.401	1.054177671364976
-0.4	1.0574386783976448
-0.399	1.0607032532197775
-0.398	1.0639713472651127
-0.397	1.067242911606056
-0.396	1.0705178969541258
-0.395	1.0737962536604422
-0.394	1.077077931716223
-0.3930492152271221	1.080201135481039
-0.393	1.0803628807533197
-0.392	1.0836510500447687
-0.391	1.086942388505379
-0.39	1.0902368446923234
-0.389	1.0935343668057858
-0.388	1.0968349026896083
-0.387	1.1001383998319736
-0.386	1.1034448053661186
-0.385	1.1067540660710604
-0.384	0.7031590071501355
-0.383	0.7079558466098614
-0.382	0.7127849788317298
-0.381	0.7176465787765745
-0.38	0.7225408207692763
-0.379	0.7274678784595981
-0.378	0.7324279247825136
-0.377	0.7374211319180577
-0.376	0.7424476712506851
-0.375	0.7475077133281487
-0.374	0.7526014278198899
-0.373	0.7577289834749571
-0.3720410580113015	0.7626779528497868
-0.372	0.7628905480794513
-0.371	0.7680862884134925
-0.37	0.7733163702077295
-0.369	0.7785809580993689
-0.368	0.7838802155877717
-0.367	0.7892143049895614
-0.366	0.7945833873933082
-0.365	0.7999876226137599
-0.364	0.8054271691456151
-0.363	0.8109021841168836
-0.362	0.8164128232418042
-0.361	0.8219592407733339
-0.36	0.827541589455222
-0.359	0.8331600204736721
-0.358	0.838814683408585
-0.357	0.8445057261844096
-0.356	0.8502332950206019
-0.355	0.8559975343816786
-0.354	0.861798586926903
-0.353	0.8676365934595934
-0.3521557695165126	0.872594086965322
-0.352	0.8735116928760566
-0.351	0.8794240221141696
-0.35	0.8853737161016059
-0.349	0.8913609077037115
-0.348	0.8973857276710605
-0.347	0.9034483045866548
-0.346	0.9095487648128353
-0.345	0.9156872324378595
-0.344	0.9218638292221907
-0.343	0.9280786745444813
-0.342	0.9343318853472865
-0.341	0.9406235760824935
-0.34	0.9469538586564963
-0.339	0.9533228423751005
-0.338	0.9597306338882096
-0.337	0.9661773371342474
-0.336	0.9726630532843813
-0.335	0.9791878806865262
-0.334	0.9857519148091431
-0.3333333333333333	0.9901497648865694
-0.333	0.992355248184851
-0.332	0.9989979703538606
-0.331	1.0056801678072484
-0.33	1.0124019239300588
-0.329	1.0191633189442817
-0.328	1.0259644298516837
-0.327	1.0328053303765408
-0.326	1.039686090908243
-0.325	1.0466067784438229
-0.324	1.0535674565303998
-0.323	1.0605681852075481
-0.322	1.06760902094964
-0.321	1.0746900166081073
-0.32	1.0818112213537174
-0.319	1.0889726806188145
-0.318	1.0961744360395709
-0.317	1.1034165253982497
-0.316	1.110698982565509
-0.31551694088005316	1.1142313087892097
-0.315	1.1180218374427444
-0.314	1.125385115904489
-0.313	1.1327888397408972
-0.312	1.1402330266003173
-0.311	1.147717689931967
-0.31	1.155242838928736
-0.309	1.1628084784701147
-0.308	1.1704146090652925
-0.307	1.1780612267964097
-0.306	1.185748323262011
-0.305	1.1934758855206784
-0.304	1.2012438960348981
-0.303	1.2090523326151643
-0.302	1.216901168364318
-0.301	1.224790371622166
-0.3	1.2327199059103808
-0.299	1.240689729877698
-0.2986528199469207	1.2434661074907416
-0.298	1.2486997972454421
-0.297	1.256750056753371
-0.296	1.2648404521058974
-0.295	1.2729709219186534
-0.294	1.2811413996654675
-0.293	1.2893518136257247
-0.292	1.2976020868321718
-0.291	1.3058921370191494
-0.29	1.3142218765712796
-0.289	1.3225912124726447
-0.288	1.3310000462564513
-0.287	1.3394482739552005
-0.286	1.3479357860514063
-0.285	1.3564624674288472
-0.284	1.3650281973243927
-0.283	1.3736328492804142
-0.28269007240456123	1.3763075487056529
-0.282	1.3822762910977904
-0.281	1.3909583847895548
-0.28	1.3996789865351613
-0.279	1.4084379466354209
-0.278	1.4172351094681146
-0.277	1.4260703134442914
-0.276	1.4349433909652987
-0.275	1.4438541683805233
-0.274	1.452802465945899
-0.273	1.4617880977831716
-0.272	1.4708108718399602
-0.271	1.4798705898506173
-0.27	1.4889670472979095
-0.269	1.4981000333755496
-0.268	1.5072693309515806
-0.26758052058674353	1.5111264197809655
-0.267	1.51647471653264
-0.266	1.5257159602291148
-0.265	1.5349928257212249
-0.264	1.5443050702260133
-0.263	1.5536524444653155
-0.262	1.5630346926346645
-0.261	1.5724515523732085
-0.26	1.581902754734617
-0.259	1.5913880241589984
-0.258	1.600907078445877
-0.257	1.6104596287281985
-0.256	1.6200453794474274
-0.255	1.6296640283297206
-0.254	1.639315266363207
-0.25327856188386416	1.646298096154829
-0.253	1.648998777776392
-0.252	1.6587142400176917
-0.251	1.6684613237361399
-0.25	1.6782396927632348
-0.249	1.6880490040960006
-0.248	1.6978889078812334
-0.247	1.7077590474009716
-0.246	1.717659059059198
-0.245	1.7275885723697828
-0.244	1.7375472099457046
-0.243	1.747534587489529
-0.242	1.7575503137851962
-0.241	1.7675939906911045
-0.24	1.7776652131345165
-0.23974103110828818	1.7802777864204626
-0.239	1.7877635691073066
-0.238	1.7978886396630362
-0.237	1.8080399989154152
-0.236	1.8182172140381212
-0.235	1.8284198452660039
-0.234	1.8386474458976958
-0.233	1.8488995622996383
-0.232	1.859175733911506
-0.231	1.869475493253099
-0.23	1.8797983659326696
-0.229	1.8901438706566782
-0.228	1.9005115192410589
-0.227	1.9109008166239394
-0.2269270702161501	1.9116593393037478
-0.226	1.921311260879848
-0.225	1.9317423432354242
-0.224	1.9421935480866404
-0.223	1.9526643530175234
-0.222	1.5362789140759647
-0.221	1.5528993007395095
-0.22	1.5696758490340257
-0.219	1.5866095765557318
-0.218	1.6037014822669018
-0.217	1.6209525453668117
-0.216	1.6383637241443223
-0.215	1.6559359548126655
-0.2147980049924181	1.659505090914057
-0.214	1.6736701503268552
-0.213	1.6915671991843395
-0.212	1.7096279642094077
-0.211	1.7278532813220104
-0.21	1.7462439582915557
-0.209	1.7648007734763833
-0.208	1.7835244745495933
-0.207	1.8024157772119123
-0.206	1.8214753638923618
-0.205	1.840703882437485
-0.204	1.8601019447899312
-0.20331722832703833	1.873444087654574
-0.203	1.879670125657214
-0.202	1.8994089611714742
-0.201	1.9193189475411603
-0.2	1.9394005396954832
-0.199	1.9596541499225897
-0.198	1.9800801465024276
-0.197	2.0006788523352164
-0.196	2.0214505435666017
-0.195	2.0423954482104483
-0.194	2.0635137447703675
-0.193	2.0848055608610103
-0.19245008972987526	2.096588125013752
-0.192	2.1062709718302663
-0.191	2.1279099993834123
-0.19	2.1497226102104245
-0.189	2.171708714617539
-0.188	2.193868165164278
-0.187	2.2162007553071144
-0.186	2.238706218050986
-0.185	2.261384224609886
-0.184	2.284234383077774
-0.183	2.307256237111061
-0.18216379075098593	2.326638762851034
-0.182	2.3304492646239274
-0.181	2.353812876497782
-0.18	2.3773464153061323
-0.179	2.401049154056183
-0.178	2.424920294948476
-0.177	2.4489589681558828
-0.176	2.4731642306232926
-0.175	2.497535064889345
-0.174	2.52207037793151
-0.173	2.546769000035883
-0.1724272859905955	2.560987315853359
-0.172	2.571629683693058
-0.171	2.5966511025213928
-0.17	2.621831850219018
-0.169	2.6471704395459805
-0.168	2.6726653013377857
-0.167	2.6983147835517576
-0.166	2.7241171503474884
-0.165	2.7500705812027295
-0.164	2.7761731700660377
-0.1632111894000082	2.7968670985668442
-0.163	2.8024229245474865
-0.162	2.8288177651487114
-0.161	2.8553555245336133
-0.16	2.8820339468409397
-0.159	2.9088506870400477
-0.158	2.93580331033102
-0.157	2.9628892915904013
-0.156	2.990106014863724
-0.155	3.017450772906001
-0.15448768559065656	3.0315085815062632
-0.154	3.044920766771313
-0.153	3.072513105452672
-0.152	3.1002248055731987
-0.151	3.128052791129674
-0.15	3.1559938932895872
-0.149	3.1840448502426164
-0.148	3.2122023071075203
-0.147	3.240462815895426
-0.14623044588361028	3.2622787506663933
-0.146	3.2688228355303823
-0.145	3.2972787319280967
-0.144	3.3258267781336075
-0.143	3.3544631545187884
-0.142	3.3831839490403564
-0.141	3.4119851575591458
-0.14	3.440862684221301
-0.139	3.4698123419019855
-0.1384145488461686	3.486792721265471
-0.138	3.4988298527122628
-0.137	3.527910848569584
-0.136	3.5570508718324456
-0.135	3.5862453759996367
-0.134	3.615489726474401
-0.133	3.6447792013939653
-0.132	3.6741089925245984
-0.13101640507570736	3.7029922083221947
-0.131	3.7034742062225203
-0.13	3.7328698644607816
-0.129	3.762290905922274
-0.128	2.8861118529388254
-0.127	2.9431921334126607
-0.126	3.001329282252649
-0.125	3.0605304725833693
-0.12401368600376717	3.1199700042553378
-0.124	3.120802133555123
-0.123	3.1821499100397648
-0.122	3.2445786220990502
-0.121	3.3080922243067277
-0.12	3.372693765009263
-0.119	3.438385345613541
-0.118	3.505168079993152
-0.11738525650550419	3.5467639812862175
-0.117	3.573042054108224
-0.116	3.6420062859365703
-0.115	3.7120586858168934
-0.114	3.783196017307568
-0.113	3.855413858666559
-0.112	3.9287065650607764
-0.1111111111111111	3.9947524401771792
-0.111	4.003067231614679
-0.11	4.078487657409998
-0.109	4.154958310549635
-0.108	4.232468294400075
-0.107	4.311005315127694
-0.106	4.390555650644351
-0.10517231362668437	4.457154049112815
-0.105	4.471104121078609
-0.104	4.552634060888133
-0.103	4.635127292728867
-0.102	4.718564103195499
-0.101	4.802923220546593
-0.1	4.888181794526322
-0.09955093998230691	4.9267542217872045
-0.099	4.974315378392692
-0.098	5.061297913259923
-0.097	5.149101714859905
-0.096	5.237697462824564
-0.095	5.327054192587512
-0.09423002413485373	5.396354805485015
-0.094	5.417139289999589
-0.093	5.5079184887484
-0.092	5.599355870667557
-0.091	5.691413869016242
-0.09	5.784053274804194
-0.08919350686224783	5.859162074052832
-0.089	5.877233246231667
-0.088	5.9709113213075735
-0.087	6.065043433702755
-0.086	6.159583931888324
-0.085	6.254485601602105
-0.0844261872946214	6.309085644566848
-0.084	6.349699691678552
-0.083	6.445175943269995
-0.082	6.5408626224789925
-0.081	6.636706556413255
-0.08	6.732653172666365
-0.07991367703609606	6.740938569654357
-0.079	6.828646542218577
-0.078	6.924629425743246
-0.077	7.020543323295573
-0.076	7.116328527350856
-0.0756423567387167	7.150542639058263
-0.075	7.211924179150541
-0.074	7.404291277603293
-0.073	7.641112408450614
-0.072	7.882476260987083
-0.0715993349974727	7.9804191672339995
-0.071	8.128211177912798
-0.07	8.378123967496082
-0.069	8.631999514459688
-0.068	8.889600486214865
-0.06777240944234611	8.948721962698016
-0.067	9.150667141298486
-0.066	9.414917246432193
-0.065	9.682046108108969
-0.06415002990995841	9.911117341169945
-0.064	9.95172672402275
-0.063	10.223610058993112
-0.062	10.49732544930274
-0.061	10.772481138564576
-0.06072126358366197	10.849378422638939
-0.06	11.048664947373256
-0.059	11.32544507807725
-0.058	11.602371055041438
-0.05747576199686517	11.747447762678894
-0.057	11.878974799761446
-0.056	12.154771839149811
-0.055	12.429262644248569
-0.054403729800002736	12.592100874792187
-0.054	12.701934095542759
-0.053	12.97226106996482
-0.052	13.239708143601083
-0.05149589519688552	13.373265851205323
-0.051	13.503731403049208
-0.05	13.763780357340783
-0.049	14.019299941346718
-0.04874348196120343	14.084047809622598
-0.048	14.269732600635447
-0.047	14.514520446866621
-0.04613818294872287	14.720528487028085
-0.046	14.753107471984345
-0.045	14.984941808736579
-0.044	15.20947802439698
-0.04367213502523579	15.281415984976533
-0.043	15.426179434013294
-0.042	20.484540714962417
-0.04133789533458906	21.024739496379496
-0.041	21.299496094283963
-0.04	22.106915134065755
-0.03912841883516806	22.800812838442784
-0.039	22.902069670117434
-0.038	23.680061175342132
-0.037037037037037035	24.40833268589278
-0.037	24.435870845383885
-0.036	25.164414309016752
-0.03505743787556146	25.821577337007643
-0.035	25.86060016056369
-0.034	26.51939138607563
-0.033183646660768985	27.026044464627187
-0.033	27.13586864742762
-0.032	27.705294302826324
-0.031410008044951226	28.01735054242694
-0.031	28.2231759818642
-0.03	28.6853285009033
-0.02973116895408261	28.79956271926618
-0.029	29.08793290213079
-0.028142062431540465	29.38329047364649
-0.028	29.42759142810423
-0.027	29.70137730303968
-0.02663789234536535	29.783786956446146
-0.026	29.906878281549417
-0.025214118912905578	30.019226061799376
-0.025	30.04223304308538
-0.024	41.72225610378021
-0.023866444999157556	41.608387767511715
-0.023	40.78850676248807
-0.022590803147448702	40.35505035565665
-0.022	39.68100796935712
-0.021383343303319473	38.92140734289969
-0.021	38.422775489505355
-0.020240421194553992	37.38110414373006
-0.02	37.03789331372491
-0.0191585873322884	35.79244157595338
-0.019	35.5507769562484
-0.018134576600000903	34.19985080874294
-0.018	33.985500417768094
-0.01716529839896184	32.6358982278819
-0.017	32.36520810415394
-0.016247827320401143	31.123413358994082
-0.016	30.71162593998882
-0.015379394316240958	29.677499504371884
-0.015	29.044679063860045
-0.01455737834174527	28.307305488386472
-0.014	16.17682729535563
-0.013779298444863012	15.650169878415879
-0.013042806278389354	13.987963520915978
-0.013	13.895988250783471
-0.012345679012345678	12.554779715521867
-0.012	11.895323170745627
-0.011685812625187154	11.32512593625283
-0.011061215553589661	10.27222816974264
-0.011	10.17466571930881
-0.01047000268165041	9.37036755191681
-0.01	8.715173667282235
-0.00991038965136087	8.596151411345208
-0.009380687477180155	7.929061593831782
-0.009	7.48604431252638
-0.008879297448455118	7.351548442005635
-0.00840470630430186	6.848864121011318
-0.008	3.276943735228718
-0.007955481666385851	3.26613231937367
-0.007530267715816235	3.157492736661223
-0.007127781101106491	3.0448499043301345
-0.007	3.007013799209125
-0.0067468070648513305	2.9291431669742223
-0.006386195777429466	2.8119632201283222
-0.0060448588666669675	2.6950900054179243
-0.006	2.679360160698742
-0.00572176613298728	2.580204339007325
-0.005415942440133714	2.468731624009997
-0.005126464772080319	2.3617779952256814
-0.005	2.3148611431781427
-0.004852459447248423	2.2601257726034913
-0.004593099481621004	1.7087401489364387
-0.004347602092796451	1.6030200554547125
-0.00411522633744856	1.5205987612542
-0.004	1.4854639427909702
-0.0038952708750623843	1.4564988224501936
-0.003687071851196554	1.4063363564765843
-0.00349000089388347	1.366440704126389
-0.00330346321712029	1.3338610864542708
-0.003126895825726718	1.306308841260913
-0.003	1.2877942205270674
-0.0029597658161517057	1.2820684838631666
-0.00280156876810062	1.2598989484476255
-0.0026518272221286174	1.5114796791439453
-0.0025100892386054115	1.509349741655806
-0.002375927033702164	1.4947805781863177
-0.002248935688283777	1.4703864803892797
-0.002128731925809822	1.4386954996429169
-0.002014952955555656	1.4019838603686163
-0.002	1.3967297374021477
-0.0019072553776624268	1.3621910345218333
-0.001805314146711238	1.3208940527983557
-0.0017088215906934398	1.2793210163257227
-0.0016174864824161411	1.2383873837735355
-0.0015310331605403347	1.0497767535256173
-0.0014492006975988171	1.0147429764372762
-0.0013717421124828531	0.9914702895027242
-0.0012984236250207948	0.9768710674514303
-0.0012290239503988513	0.9682698407288918
-0.00116333363129449	0.963470107953597
-0.0011011544057067633	0.9607531810366732
-0.0010422986085755728	0.9588371389834692
-0.001	0.9573594417132056
-0.000986588605383902	0.956815881661408
-0.00093385625603354	0.954091665810839
-0.0008839424073762058	1.2728954050768988
-0.0008366964128684705	1.2746014968226531
-0.0007919756779007212	1.2655138488389857
-0.0007496452294279256	1.2479457974500177
-0.000709577308603274	1.2240975174104607
-0.0006716509851852187	1.1959272913007912
-0.0006357517925541423	1.1650887205577052
-0.0006017713822370793	1.1329159945208964
-0.0005696071968978132	1.1004405655592597
-0.0005391621608053804	1.0684256433450743
-0.0005103443868467783	0.9247504364227102
-0.0004830668991996057	0.9057946773669446
-0.0004572473708276177	0.8962519171679697
-0.0004328078750069312	0.8933639644971828
-0.0004096746501329504	0.8947635169228397
-0.0003877778770981633	0.8985277254930033
-0.0003670514685689215	0.903173036041173
-0.00034743286952519095	0.9076153192807986
-0.00032886286846130035	0.9111126371621971
-0.0003112854186778467	0.9132024286670161
-0.0002946474691254019	1.2527979137227634
-0.00027889880428949045	1.25562409356144
-0.00026399189263357376	1.2477766898463347
-0.00024988174314264164	1.2315619690506874
-0.00023652576953442467	1.2091616877688924
-0.00022388366172840623	1.1825099094880842
-0.00021191726418471428	1.1532341495681702
-0.0002005904607456931	1.1226432513293063
-0.00018986906563260423	1.0917456448969574
-0.00017972072026846013	1.0612846778699379
-0.00017011479561559274	0.9290270473912996
-0.00016102229973320205	0.9144704898144862
-0.00015241579027587258	0.909017110120812
-0.00014426929166897707	0.9098871080545669
-0.00013655821671098347	0.914700701139018
-0.00012925929236605444	0.9215310136722228
-0.00012235048952297383	0.9288981465186154
-0.00011581095650839697	0.9357283077498062
-0.00010962095615376677	0.9412953770555793
-0.00010376180622594889	0.9451567842300149
-9.821582304180064e-5	1.3063706027639392
-9.296626809649682e-5	1.3097904071772273
-8.799729754452457e-5	1.3020808576495408
-8.329391438088055e-5	1.285653202893329
-7.884192317814156e-5	1.26278466647081
-7.462788724280207e-5	1.2354912176635038
-7.063908806157143e-5	1.2054672118491243
-6.686348691523104e-5	1.1740735589459388
-6.328968854420141e-5	1.1423573893397472
-5.990690675615338e-5	1.1110893589245834
-5.670493187186425e-5	0.9755408557673882
-5.367409991106735e-5	0.9620924450449998
-5.080526342529086e-5	0.9580565621029177
-4.808976388965902e-5	0.9605113440310108
-4.5519405570327826e-5	0.9669585068135274
-4.3086430788684815e-5	0.9753780155562359
-4.0783496507657944e-5	0.9842212780517727
-3.860365216946566e-5	0.9923677784092086
-3.654031871792226e-5	0.99906331583331
-3.4587268741982965e-5	1.0038522973153927
-3.2738607680600214e-5	1.3891480801346054
-3.0988756032165605e-5	1.3930441809458116
-2.9332432514841528e-5	1.3851104686662759
-2.776463812696018e-5	1.367913047294318
-2.628064105938052e-5	1.3438737094358182
-2.4875962414267358e-5	1.3151351348328217
-2.3546362687190476e-5	1.2834971332695968
-2.228782897174368e-5	1.2504044234201455
-2.1096562848067137e-5	1.2169678367229706
-1.9968968918717793e-5	1.1840042119696186
-1.890164395728808e-5	1.0339542288730297
-1.789136663702245e-5	1.0212134121900036
-1.6935087808430286e-5	1.01830583387198
-1.6029921296553006e-5	1.0221229783849375
-1.5173135190109274e-5	1.0300176182343714
-1.436214359622827e-5	1.0398566985271303
-1.3594498835885981e-5	1.0500106985200923
-1.2867884056488553e-5	1.0593054622004203
-1.218010623930742e-5	1.06695538319168
-1.1529089580660988e-5	1.0724908540976463
-1.0912869226866738e-5	1.482857992368083
-1.03295853440552e-5	1.4871774576911923
-9.777477504947175e-6	1.478855346318501
-9.254879375653394e-6	1.4606415013504983
-8.760213686460173e-6	1.4351281766400812
-8.291987471422452e-6	1.4046066912098374
-7.848787562396825e-6	1.3709999882098887
-7.429276323914559e-6	1.3358501979575923
-7.032187616022379e-6	1.3003418228108925
-6.6563229729059306e-6	1.2653447887807459
-6.300547985762694e-6	1.1068556641915637
-5.963788879007484e-6	1.0937592165205958
-5.645029269476762e-6	1.091146727347561
-5.343307098851002e-6	1.095691620125062
-5.057711730036425e-6	1.1045618658991172
-4.787381198742757e-6	1.1154761704770308
-4.531499611961994e-6	1.1266923716628592
-4.289294685496184e-6	1.1369557792611245
-4.060035413102473e-6	1.145427614403532
-3.843029860220329e-6	1.1516073332725056
-3.6376230756222457e-6	1.589873844931382
-3.443195114685067e-6	1.5946411241910627
-3.2591591683157254e-6	1.5858693103752384
-3.0849597918844647e-6	1.566506710202743
-2.9200712288200575e-6	1.5393315859090018
-2.763995823807484e-6	1.5067987303539756
-2.6162625207989416e-6	1.470967424868324
-2.476425441304853e-6	1.4334883500461948
-2.3440625386741264e-6	1.395628654599054
-2.218774324301977e-6	1.3583182829902898
-2.100182661920898e-6	1.1889992729913923
-1.987929626335828e-6	1.175219066140731
-1.8816764231589208e-6	1.172680042950242
-1.7811023662836674e-6	1.1778124952537221
-1.6859039100121416e-6	1.1875768019688817
-1.5957937329142524e-6	1.1995240128339668
-1.5104998706539979e-6	1.2117836336259937
-1.4297648951653947e-6	1.2230083603556994
-1.3533451377008244e-6	1.2322973951274463
-1.2810099534067765e-6	1.2391131466262213
-1.2125410252074154e-6	1.7074906089855297
-1.1477317048950223e-6	1.712751283254156
-1.086386389438575e-6	1.7034907313212717
-1.0283199306281548e-6	1.6828733245505219
-9.733570762733526e-7	1.6538802805253605
-9.213319412691613e-7	1.619145059475102
-8.720875069329806e-7	1.5808761626741037
-8.254751471016177e-7	1.540843232282483
-7.813541795580421e-7	1.500404110406739
-7.395914414339923e-7	1.4605547022717715
-7.00060887306966e-7	1.2790341979060607
-6.626432087786093e-7	1.2644426895857261
-6.272254743863069e-7	1.2619265383948288
6.272254743863069e-7	1.6222467561648148
6.626432087786093e-7	1.5826148574392576
7.00060887306966e-7	1.5520735396449288
7.395914414339923e-7	1.7240212458545163
7.813541795580421e-7	1.732312649989073
8.254751471016177e-7	1.7424663969497816
8.720875069329806e-7	1.7540717099430294
9.213319412691613e-7	1.7663502227400443
9.733570762733526e-7	1.7780648958230385
1.0283199306281548e-6	1.7874428172070027
1.086386389438575e-6	1.7921326616912268
1.1477317048950223e-6	1.7892240574827953
1.2125410252074154e-6	1.7753605143982678
1.2810099534067765e-6	1.7753434367158527
1.3533451377008244e-6	1.7473185899096677
1.4297648951653947e-6	1.7147231128774976
1.5104998706539979e-6	1.677907270038464
1.5957937329142524e-6	1.6375827589622018
1.6859039100121416e-6	1.5949169094306073
1.7811023662836674e-6	1.5516270979758295
1.8816764231589208e-6	1.5100636007982877
1.987929626335828e-6	1.473263154651234
2.100182661920898e-6	1.44494808179877
2.218774324301977e-6	1.6035753765282377
2.3440625386741264e-6	1.611208556693517
2.476425441304853e-6	1.6205717263373878
2.6162625207989416e-6	1.6312824893985955
2.763995823807484e-6	1.6426165499131775
2.9200712288200575e-6	1.6534231008500977
3.0849597918844647e-6	1.6620531801308582
3.2591591683157254e-6	1.6663203154982476
3.443195114685067e-6	1.663518788369271
3.6376230756222457e-6	1.6505289228698854
3.843029860220329e-6	1.6518145238665984
4.060035413102473e-6	1.6256701840275338
4.289294685496184e-6	1.5952705514429157
4.531499611961994e-6	1.560940982098748
4.787381198742757e-6	1.5233428076888709
5.057711730036425e-6	1.4835608808371468
5.343307098851002e-6	1.4431913106880094
5.645029269476762e-6	1.4044184408820308
5.963788879007484e-6	1.3700645905975106
6.300547985762694e-6	1.3435891927345878
6.6563229729059306e-6	1.4907388482498392
7.032187616022379e-6	1.497702076506171
7.429276323914559e-6	1.506270182964495
7.848787562396825e-6	1.5160880804573942
8.291987471422452e-6	1.5264830160869378
8.760213686460173e-6	1.5363860298793222
9.254879375653394e-6	1.54426550980965
9.777477504947175e-6	1.548090798174294
1.03295853440552e-5	1.5453493736348916
1.0912869226866738e-5	1.5331448993747736
1.1529089580660988e-5	1.5354685511034547
1.218010623930742e-5	1.5110262767709546
1.2867884056488553e-5	1.4826170225790198
1.3594498835885981e-5	1.4505416706935705
1.436214359622827e-5	1.4154129733310714
1.5173135190109274e-5	1.3782367986296307
1.6029921296553006e-5	1.3404935328739092
1.6935087808430286e-5	1.304209473322216
1.789136663702245e-5	1.2720029175278087
1.890164395728808e-5	1.2470832749281648
1.9968968918717793e-5	1.3824565929351826
2.1096562848067137e-5	1.3886513595774188
2.228782897174368e-5	1.396330241976939
2.3546362687190476e-5	1.4051663070732774
2.4875962414267358e-5	1.4145385665523424
2.628064105938052e-5	1.4234592461803768
2.776463812696018e-5	1.4305122842151778
2.9332432514841528e-5	1.4338196898692395
3.0988756032165605e-5	1.4310575387671691
3.2738607680600214e-5	1.419546850716375
3.4587268741982965e-5	1.423773410735127
3.654031871792226e-5	1.4008640895106779
3.860365216946566e-5	1.3742542627339764
4.0783496507657944e-5	1.3442198268471348
4.3086430788684815e-5	1.3113250126143985
4.5519405570327826e-5	1.2764974538828593
4.808976388965902e-5	1.2411033493153467
5.080526342529086e-5	1.2070133062873465
5.367409991106735e-5	1.1766447261294868
5.670493187186425e-5	1.1529607165730524
5.990690675615338e-5	1.2757194612048022
6.328968854420141e-5	1.280956570630881
6.686348691523104e-5	1.2875558528971955
7.063908806157143e-5	1.2952205346219392
7.462788724280207e-5	1.3033835134839165
7.884192317814156e-5	1.3111403555013714
8.329391438088055e-5	1.3171926357284416
8.799729754452457e-5	1.3198169304793428
9.296626809649682e-5	1.3168794900842329
9.821582304180064e-5	1.305919787562093
0.00010376180622594889	1.3131031966357005
0.00010962095615376677	1.2913540814298627
0.00011581095650839697	1.2661272488525335
0.00012235048952297383	1.2376676855053352
0.00012925929236605444	1.2064839956533018
0.00013655821671098347	1.1734169520194477
0.00014426929166897707	1.1397079936799923
0.00015241579027587258	1.1070590286576492
0.00016102229973320205	1.0776706050479086
0.00017011479561559274	1.0542402166913187
0.00017972072026846013	1.1594480809951935
0.00018986906563260423	1.1629597186623788
0.0002005904607456931	1.1676964600633104
0.00021191726418471428	1.173404187375718
0.00022388366172840623	1.1795859060956435
0.00023652576953442467	1.185440856902655
0.00024988174314264164	1.1898128529078469
0.00026399189263357376	1.1911616533670297
0.00027889880428949045	1.1875754306052804
0.0002946474691254019	1.1768452161418061
0.0003112854186778467	1.1913553956745861
0.00032886286846130035	1.1700227095101843
0.00034743286952519095	1.1453582299020342
0.0003670514685689215	1.1175572493630355
0.0003877778770981633	1.08704782602959
0.0004096746501329504	1.0545512032685012
0.0004328078750069312	1.0211418674345425
0.0004572473708276177	0.9882995297381948
0.0004830668991996057	0.9579416155505197
0.0005103443868467783	0.9324203655233668
0.0005391621608053804	1.006443774880549
0.0005696071968978132	1.0061927474455048
0.0006017713822370793	1.0069816262601923
0.0006357517925541423	1.0086345064042437
0.0006716509851852187	1.0107722205888767
0.000709577308603274	1.0127592086069024
0.0007496452294279256	1.0136578213936085
0.0007919756779007212	1.0122017935085388
0.0008366964128684705	1.0068042175926628
0.0008839424073762058	0.9956177282532505
0.00093385625603354	1.0359920965535458
0.000986588605383902	1.013705298814088
0.001	1.0077221166888908
0.0010422986085755728	0.9881294519446946
0.0011011544057067633	0.9593717023224213
0.00116333363129449	0.9277252440491616
0.0012290239503988513	0.893717232222593
0.0012984236250207948	0.8581556147768361
0.0013717421124828531	0.8221685183685818
0.0014492006975988171	0.7872270827202524
0.0015310331605403347	0.7551395447894811
0.0016174864824161411	0.7626317934361648
0.0017088215906934398	0.7542293078459809
0.001805314146711238	0.7466075125610045
0.0019072553776624268	0.739751475859352
0.002	0.7343301203399922
0.002014952955555656	0.7335098329553748
0.002128731925809822	0.7275530842842399
0.002248935688283777	0.7213361033979241
0.002375927033702164	0.7140732759764088
0.0025100892386054115	0.7047372943459399
0.0026518272221286174	0.6920943223957715
0.00280156876810062	0.8317323036853955
0.0029597658161517057	0.8080258962786223
0.003	0.8017287512843876
0.003126895825726718	0.7812377487386691
0.00330346321712029	0.7513645576279181
0.00349000089388347	0.7185194170843026
0.003687071851196554	0.6829609367949021
0.0038952708750623843	0.6451206292472582
0.004	0.6262045128878695
0.00411522633744856	0.6056244761073204
0.004347602092796451	0.5653032814195885
0.004593099481621004	0.5251852995030485
0.004852459447248423	0.4417685889299286
0.005	0.4307226419509709
0.005126464772080319	0.42162446949357
0.005415942440133714	0.4021062244579555
0.00572176613298728	0.3834581473522143
0.006	0.3681947568122983
0.0060448588666669675	0.3658792132632555
0.006386195777429466	0.3494962047677696
0.0067468070648513305	0.33433765563325996
0.007	0.3248174713797116
0.007127781101106491	0.3203135636913785
0.007530267715816235	0.3072075725581966
0.007955481666385851	0.2946896850485396
0.008	0.2934354361637407
0.00840470630430186	1.0127459834213233
0.008879297448455118	1.0085640397157667
0.009	1.0074166986909199
0.009380687477180155	1.0036172024582857
0.00991038965136087	0.9979890043980855
0.01	0.9970107517125266
0.01047000268165041	0.9918252831278331
0.011	0.9860083393887187
0.011061215553589661	0.9853478498751359
0.011685812625187154	0.9788669621146128
0.012	0.9758524338425706
0.012345679012345678	0.9727900095646836
0.013	0.9678957388632665
0.013042806278389354	0.9676224785020261
0.013779298444863012	0.9639555458212298
0.014	0.9632657537638867
0.01455737834174527	1.033082127219783
0.015	1.030822827861281
0.015379394316240958	1.0287148579614838
0.016	1.0248967866635748
0.016247827320401143	1.0232349497955793
0.017	1.0176715282991993
0.01716529839896184	1.0163384528393424
0.018	1.0089550359372208
0.018134576600000903	1.0076587313554355
0.019	0.9985829593952891
0.0191585873322884	0.9967775266282518
0.02	0.9864400650934283
0.020240421194553992	0.9832494805925815
0.021	0.9724760859427155
0.021383343303319473	0.9666427655419292
0.022	0.9567148987638407
0.022590803147448702	0.9465961478077011
0.023	0.9392566232369031
0.023866444999157556	0.9228887000481438
0.024	0.9202728962804018
0.025	1.53561839512795
0.025214118912905578	1.5337884250460077
0.026	1.5265871322391678
0.02663789234536535	1.5201918017260683
0.027	1.516346722480988
0.028	1.5049415094611887
0.028142062431540465	1.5032295358613614
0.029	1.4924202182770372
0.02973116895408261	1.482588975648158
0.03	1.4788356808941783
0.031	1.4642445441897511
0.031410008044951226	1.4579849519480732
0.032	1.448706964953269
0.033	1.4322862958620621
0.033183646660768985	1.429179911286876
0.034	1.415048766069257
0.035	1.3970631595834964
0.03505743787556146	1.3960088556845016
0.036	1.3784004941054775
0.037	1.359133702442921
0.037037037037037035	1.358409483178073
0.038	1.3393373180796073
0.039	1.3190871659514078
0.03912841883516806	1.316457726803525
0.04	1.2984600590070976
0.041	1.2775335007258621
0.04133789533458906	1.2704085443656474
0.042	1.2563853934446498
0.043	4.154433639443513
0.04367213502523579	4.187228953399539
0.044	4.20329372326164
0.045	4.2525711582959245
0.046	4.302279865788968
0.04613818294872287	4.309183381991503
0.047	4.352432059770302
0.048	4.403038182591202
0.04874348196120343	4.4409623021740945
0.049	4.45410685145264
0.05	4.505644816204305
0.051	4.557656928626843
0.05149589519688552	4.583626328844867
0.052	4.610146123342699
0.053	4.663113410432044
0.054	4.716557879760067
0.054403729800002736	4.738269645734003
0.055	4.770476716950882
0.056	4.824865230870971
0.057	4.879716892412151
0.05747576199686517	4.905973475836118
0.058	4.935023384290827
0.059	4.99077466150673
0.06	5.0469590220308636
0.06072126358366197	5.087744170930227
0.061	5.10356318721948
0.062	5.160572391378663
0.063	5.217970479832647
0.064	5.275740014779588
0.06415002990995841	5.284438081305201
0.065	5.3338623881502745
0.066	5.392317940619759
0.067	5.45108608585884
0.06777240944234611	5.4966796274300505
0.068	5.5101454390525095
0.069	5.569473948656253
0.07	5.62904903030917
0.071	5.688847701775524
0.0715993349974727	5.724784652075096
0.072	5.74884671774412
0.073	5.809022703279112
0.074	5.869352284685355
0.075	8.368430556341949
0.0756423567387167	8.408717923548355
0.076	8.430869849062697
0.077	8.491725663357906
0.078	8.550944268611119
0.079	8.608472970202168
0.07991367703609606	8.659514426334955
0.08	8.664260192617224
0.081	8.718255561431205
0.082	8.770409983976089
0.083	8.820675728510716
0.084	8.869006501709247
0.0844261872946214	8.889005342119304
0.085	8.915357524288346
0.086	8.959685604596139
0.087	9.001949209989588
0.088	9.042108535831272
0.089	9.080125571941098
0.08919350686224783	9.087231661807849
0.09	9.115964166343826
0.091	9.14959008615887
0.092	9.180971075485123
0.093	9.210076910140103
0.094	9.236879449119876
0.09423002413485373	9.2427160593141
0.095	9.26135268265378
0.096	9.283472776735637
0.097	9.303218114021849
0.098	9.320569330994946
0.099	9.335509351300539
0.09955093998230691	9.342704795115889
0.1	9.348023415174632
0.101	9.35809910488787
0.102	9.365726366143106
0.103	9.370897525372659
0.104	9.373607302891662
0.105	9.373852821874413
0.10517231362668437	9.373646160344354
0.106	9.37163361313092
0.107	9.366951615671278
0.108	9.3598111730563
0.109	9.350219025542932
0.11	9.338184298044078
0.111	9.32371848393229
0.1111111111111111	9.32196168290533
0.112	9.306835424727739
0.113	9.287551285720587
0.114	9.265884527588414
0.115	9.241855874078931
0.116	9.21548827583799
0.117	9.186806870472314
0.11738525650550419	9.175145476308892
0.118	9.155838938945532
0.119	9.122613858414772
0.12	9.087163051623639
0.121	9.049519932975635
0.122	9.00971985141944
0.123	8.967800030285154
0.124	8.923799504217211
0.12401368600376717	8.923183067637371
0.125	8.877759053356167
0.126	8.829721134927588
0.127	8.779729812401396
0.128	8.727830682390469
0.129	5.47919065404465
0.13	5.468846008822367
0.131	5.458112769899363
0.13101640507570736	5.457933459792151
0.132	5.44699261142401
0.133	5.435487313700609
0.134	5.423598762801242
0.135	5.411328950118492
0.136	5.39867997185904
0.137	5.385654028478214
0.138	5.372253424055794
0.1384145488461686	5.366588932888286
0.139	5.358480565613201
0.14	5.344337962372419
0.141	5.329828224956925
0.142	5.31495406453512
0.143	5.299718291906592
0.144	5.284123816531754
0.145	5.268173645505406
0.146	5.251870882474785
0.14623044588361028	5.248064324187882
0.147	5.235218726502808
0.148	5.218220470877044
0.149	5.200879501865386
0.15	5.183199297418979
0.151	5.165183425823396
0.152	5.146835544298842
0.153	5.1281593975503865
0.154	5.109158816269115
0.15448768559065656	5.099775988742477
0.155	5.089837715585265
0.156	5.070200093474378
0.157	5.05025002911758
0.158	5.029991681217049
0.159	5.009429286267958
0.16	4.988567156788008
0.161	4.967409679505862
0.162	4.945961313509659
0.163	4.92422658835707
0.1632111894000082	4.919600253033928
0.164	4.902210102148094
0.165	4.8799165195621015
0.166	4.85735056986042
0.167	4.834517044855927
0.168	4.811420796851207
0.169	4.7880667365465905
0.17	4.764459830919728
0.171	4.740605101078144
0.172	4.71650762008636
0.1724272859905955	4.706138344210258
0.173	4.69217251076915
0.174	4.667604943492486
0.175	4.642810133923853
0.176	4.617793340773438
0.177	4.592559863517908
0.178	4.567115040108388
0.179	4.541464244664257
0.18	4.515612885154496
0.181	4.489566401068128
0.182	4.463330261075509
0.18216379075098593	4.459015325486192
0.183	4.436909960682112
0.184	4.4103110198764615
0.185	4.383538980773823
0.186	4.356599405257461
0.187	4.329497872618958
0.188	4.302239977199318
0.189	4.274831326032532
0.19	4.247277536493155
0.191	4.219584233949577
0.192	4.191757049424573
0.19245008972987526	4.179190130634421
0.193	4.163801617264761
0.194	4.1357235728204405
0.195	4.107528550137564
0.196	4.079222179663168
0.197	4.050810085965956
0.198	4.022297885473448
0.199	3.993691184227185
0.2	3.964995575657509
0.201	3.936216638379215
0.202	3.907359934009652
0.203	3.8784310050104747
0.20331722832703833	3.869239730925739
0.204	3.8494353725545367
0.205	3.820378534419145
0.206	3.791265962906994
0.207	3.7621031027960665
0.208	3.7328953693196456
0.209	3.7036481461776916
0.21	3.6743667835807052
0.211	3.645056596327191
0.212	3.6157228619157857
0.213	3.5863708186931564
0.214	3.5570056640385483
0.2147980049924181	3.533566168244896
0.215	3.5276325525860925
0.216	3.4982565944856714
0.217	3.4688828537032856
0.218	3.439516346361779
0.219	3.410162039122666
0.22	3.380824847609871
0.221	3.351509634876076
0.222	3.322221209912364
0.223	2.773778029367526
0.224	2.762437736410634
0.225	2.7510735309673175
0.226	2.7396862863029416
0.2269270702161501	2.729109689628277
0.227	2.7282768730243054
0.228	2.7168461589650086
0.229	2.7053950090720447
0.23	2.6939242852936456
0.231	2.6824348464683676
0.232	2.6709275482154653
0.233	2.6594032428265613
0.234	2.6478627791586216
0.235	2.6363070025282784
0.236	2.6247367546074893
0.237	2.613152873320547
0.238	2.6015561927425037
0.239	2.58994754299896
0.23974103110828818	2.5813379383974695
0.24	2.57832775016728
0.241	2.566697636179215
0.242	2.5550580187249974
0.243	2.5434097111588345
0.244	2.5317535224059267
0.245	2.5200902568709163
0.246	2.5084207143478388
0.247	2.4967456899315885
0.248	2.4850659739308787
0.249	2.473382351782732
0.25	2.461695603968487
0.251	2.4500065059313667
0.252	2.4383158279955945
0.253	2.426624335287037
0.25327856188386416	2.4233674888621284
0.254	2.414932787655466
0.255	2.4032419395983426
0.256	2.3915525401862174
0.257	2.379865332989694
0.258	2.368181056008008
0.259	2.3565004415991804
0.26	2.3448242164117987
0.261	2.3331531013183815
0.262	2.3214878113503716
0.263	2.309829055634755
0.264	2.298177537332252
0.265	2.2865339535771976
0.266	2.2748989954189827
0.267	2.2632733477651663
0.26758052058674353	2.256528959364498
0.268	2.2516576893261826
0.269	2.2400526925616853
0.27	2.228459023628536
0.271	2.216877342330399
0.272	2.205308302068959
0.273	2.1937525497967902
0.274	2.1822107259718213
0.275	2.1706834645134485
0.276	2.1591713927602387
0.277	2.1476751314292706
0.278	2.1361952945771
0.279	2.1247324895622866
0.28	2.1132873170095943
0.281	2.101860370775735
0.282	2.090452237916737
0.28269007240456123	2.082591074675227
0.283	2.0790634986568963
0.284	2.0676947263593277
0.285	2.0563464874980655
0.286	2.045019341631767
0.287	2.033713841378954
0.288	2.022430532394853
0.289	2.0111699533497283
0.29	1.9999326359088179
0.291	1.9887191047137593
0.292	1.9775298773655634
0.293	1.966365464409097
0.294	1.9552263693190706
0.295	1.944113088487537
0.296	1.9330261112128595
0.297	1.921965919690156
0.298	1.9109329890032327
0.2986528199469207	1.903745402458588
0.299	1.899927787117951
0.3	1.8889507748770353
0.301	1.878002405996322
0.302	1.8670831270624462
0.303	1.8561933775318875
0.304	1.8453335897314516
0.305	1.8345041888601274
0.306	1.8237055929922947
0.307	1.8129382130823104
0.308	1.8022024529704141
0.309	1.7914987093899797
0.31	1.7808273719760725
0.311	1.7701888232753078
0.312	1.759583438756984
0.313	1.749011586825509
0.314	1.7384736288340545
0.315	1.7279699190994704
0.31551694088005316	1.7225536648739137
0.316	1.717500804918413
0.317	1.7070666265846817
0.318	1.6966677174077536
0.319	1.6863044037324844
0.32	1.6759770049599931
0.321	1.665685833569657
0.322	1.6554311951422618
0.323	1.645213388384252
0.324	1.6350327051530662
0.325	1.624889430483577
0.326	1.6147838426155527
0.327	1.6047162130221992
0.328	1.5946868064396982
0.329	1.5846958808977722
0.33	1.57474368775122
0.331	1.5648304717124562
0.332	1.5549564708849728
0.333	1.5451219167977526
0.3333333333333333	1.5418525371191019
0.334	1.5353270344406091
0.335	1.5255720423004044
0.336	1.5158571523981819
0.337	1.5061825703271303
0.338	1.4965484952914232
0.339	1.4869551201458606
0.34	1.4774026314363544
0.341	1.4678912094411591
0.342	1.4584210282129269
0.343	1.448992255621474
0.344	1.4396050533973164
0.345	1.4302595771759055
0.346	1.4209559765425595
0.347	1.411694395078104
0.348	1.4024749704051391
0.349	1.393297834234977
0.35	1.3841631124152007
0.351	1.3750709249778224
0.352	1.3660213861880337
0.3521557695165126	1.3646155901011772
0.353	1.357014604593543
0.354	1.3480506830744445
0.355	1.3391297188936315
0.356	1.3302518037477302
0.357	1.3214170238185254
0.358	1.3126254598248803
0.359	1.3038771870750872
0.36	1.2951722755197146
0.361	1.2865107898048234
0.362	1.2778927893256473
0.363	1.2693183282806202
0.364	1.2607874557258003
0.365	1.252300215629664
0.366	1.2438566469281995
0.367	1.2354567835803625
0.368	1.2271006546238163
0.369	1.218788284230967
0.37	1.2105196917652632
0.371	1.2022948918377636
0.372	1.1941138943639267
0.3720410580113015	1.1937789351110015
0.373	1.1859767046206346
0.374	1.1778833233034132
0.375	1.1698337465838538
0.376	1.1618279661671789
0.377	1.1538659693500148
0.378	1.1459477390782449
0.379	1.1380732540050387
0.38	1.1302424885489628
0.381	1.1224554129521964
0.382	1.1147119933388239
0.383	1.1070121917731952
0.384	1.0993559663183217
0.385	1.3447031136995127
0.386	1.3407917552817432
0.387	1.3368825256560724
0.388	1.3329754986433713
0.389	1.3290707476452768
0.39	1.325168345642541
0.391	1.3212683651933765
0.392	1.317370878431865
0.393	1.3134759570663772
0.3930492152271221	1.3132843351208092
0.394	1.3095836723780485
0.395	1.305694095219272
0.396	1.3018072960122362
0.397	1.2979233447474972
0.398	1.2940423109825763
0.399	1.2901642638406001
0.4	1.2862892720089782
0.401	1.2824174037381006
0.402	1.2785487268400866
0.403	1.274683308687555
0.404	1.2708212162124362
0.405	1.266962515904812
0.406	1.2631072738117952
0.407	1.259255555536441
0.408	1.2554074262366877
0.409	1.2515629506243384
0.41	1.2477221929640727
0.411	1.2438852170724917
0.412	1.2400520863171973
0.413	1.2362228636158998
0.414	1.2323976114355746
0.415	1.2285763917916246
0.41524364653850576	1.2276459827875676
0.416	1.2247592662471103
0.417	1.22094629591198
0.418	1.217137541442352
0.419	1.21333306303983
0.42	1.2095329204508378
0.421	1.2057371729659994
0.422	1.2019458794195452
0.423	1.198159098188755
0.424	1.1943768871934275
0.425	1.1905993038953842
0.426	1.1868264052980093
0.427	1.1830582479458134
0.428	1.1792948879240357
0.429	1.1755363808582784
0.43	1.1717827819141633
0.431	1.1680341457970302
0.432	1.1642905267516601
0.433	1.1605519785620342
0.434	1.1568185545511174
0.435	1.1530903075806773
0.436	1.1493672900511371
0.437	1.1456495539014455
0.438	1.1419371506089948
0.4386913376508308	1.1393737710298673
0.439	1.138230131189554
0.44	1.1345285461972432
0.441	1.1308324457245265
0.442	1.1271418794022476
0.443	1.1234568963996814
0.444	1.119777545424627
0.445	1.1161038747235206
0.446	1.1124359320815866
0.447	1.1087737648230038
0.448	1.105117419811115
0.449	1.1014669434486624
0.45	1.097822381678035
0.451	1.094183779981571
0.452	1.0905511833818629
0.453	1.0869246364421112
0.454	1.0833041832664891
0.455	1.079689867500545
0.456	1.0760817323316287
0.457	1.0724798204893444
0.458	1.0688841742460313
0.459	1.065294835417269
0.46	1.0617118453624175
0.461	1.0581352449851722
0.462	1.054565074734148
0.463	1.0510013746034983
0.4634630567719698	1.04935338182149
0.464	1.0474441841335436
0.465	1.0438935424114497
0.466	1.040349488071901
0.467	1.0368120592978252
0.468	1.033281293821124
0.469	1.0297572289234462
0.47	1.0262399014369705
0.471	1.0227293477452184
0.472	1.0192256037838945
0.473	1.015728705041742
0.474	1.0122386865614343
0.475	1.008755582940479
0.476	1.0052794283321504
0.477	1.001810256446445
0.478	0.9983481005510572
0.479	0.9948929934723842
0.48	0.9914449675965455
0.481	0.9880040548704282
0.482	0.9845702868027567
0.483	0.9811436944651809
0.484	0.977724308493387
0.485	0.9743121590882301
0.486	0.970907276016889
0.487	0.9675096886140371
0.488	0.9641194257830428
0.489	0.9607365159971867
0.4896335682000246	0.9585970298069526
0.49	0.9573609873008875
0.491	0.9539928673109744
0.492	0.9506321832179526
0.493	0.9472789617872991
0.494	0.9439332293607873
0.495	0.9405950118578127
0.496	0.9372643347767539
0.497	0.9339412231963414
0.498	0.9306257017770504
0.499	0.9273177947625117
0.5	0.9240175259809372
0.501	0.9207249188465709
0.502	0.9174399963611456
0.503	0.9141627811153697
0.504	0.9108932952904257
0.505	0.9076315606594813
0.506	0.9043775985892251
0.507	0.9011314300414162
0.508	0.8978930755744482
0.509	0.8946625553449291
0.51	0.8914398891092805
0.511	0.888225096225352
0.512	0.8850181956540486
0.513	0.8818192059609712
0.514	0.8786281453180806
0.515	0.8754450315053679
0.516	0.872269881912544
0.517	0.8691027135407419
0.5172818579717865	0.8682114659946971
0.518	0.8659435430042314
0.519	0.8627923865321515
0.52	0.8596492599702569
0.521	0.8565141787826691
0.522	0.8533871580536528
0.523	0.850268212489398
0.524	0.8471573564198157
0.525	0.8440546038003475
0.526	0.8409599682137888
0.527	0.8378734628721191
0.528	0.8347951006183479
0.529	0.8317248939283758
0.53	0.8286628549128572
0.531	0.825608995319084
0.532	0.822563326532874
0.533	0.8195258595804731
0.534	0.8164966051304687
0.535	0.8134755734957073
0.536	0.8104627746352342
0.537	0.8074582181562271
0.538	0.8044619133159557
0.539	0.8014738690237373
0.54	0.7984940938429111
0.541	0.7955225959928145
0.542	0.7925593833507764
0.543	0.7896044634541067
0.544	0.7866578435021098
0.545	0.7837195303580904
0.546	0.7807895305513811
0.5464913722529576	0.7793528579293019
0.547	0.7778678502793653
0.548	0.7749544954095218
0.549	0.7720494714814596
0.55	0.7691527837089742
0.551	0.7662644369821056
0.552	0.7633844358691996
0.553	0.7605127846189818
0.554	0.7576494871626325
0.555	0.7547945471158711
0.556	0.7519479677810429
0.557	0.7491097521492182
0.558	0.7462799029022874
0.559	0.7434584224150681
0.56	0.7406453127574181
0.561	0.7378405756963443
0.562	0.735044212698128
0.563	0.7322562249304472
0.564	0.7294766132645021
0.565	0.7267053782771499
0.566	0.723942520253044
0.567	0.7211880391867661
0.568	0.7184419347849764
0.569	0.715704206468554
0.57	0.7129748533747523
0.571	0.7102538743593461
0.572	0.7075412679987867
0.573	0.7048370325923657
0.574	0.702141166164365
0.575	0.6994536664662251
0.576	0.6967745309787057
0.577	0.6941037569140532
0.5773502691896257	0.6931702437885561
0.578	0.6914413412181648
0.579	0.6887872805727581
0.58	0.68614157139754
0.581	0.6835042098523777
0.582	0.6808751918394683
0.583	0.6782545130055115
0.584	0.6756421687438802
0.585	0.6730381541967965
0.586	0.6704424642574995
0.587	0.6678550935724203
0.588	0.6652760365433538
0.589	0.6627052873296314
0.59	0.6601428398502874
0.591	0.6575886877862358
0.592	0.6550428245824373
0.593	0.6525052434500644
0.594	0.6499759373686719
0.595	0.6474548990883631
0.596	0.64494212113195
0.597	0.642437595797121
0.598	0.6399413151585935
0.599	0.6374532710702828
0.6	0.6349734551674472
0.601	0.6325018588688497
0.602	0.6300384733789052
0.603	0.627583289689831
0.604	0.6251362985837895
0.605	0.6226974906350361
0.606	0.6202668562120532
0.607	0.6178443854796883
0.608	0.6154300684012909
0.609	0.6130238947408351
0.6099516849811152	0.6107415286237164
0.61	0.6106258540650481
0.611	0.6082359357455354
0.612	0.6058541289608925
0.613	0.6034804226988222
0.614	0.6011148057582443
0.615	0.5987572667513963
0.616	0.5964077941059402
0.617	0.5940663760670533
0.618	0.5917330006995201
0.619	0.5894076558898197
0.62	0.5870903293482062
0.621	0.584781008610783
0.622	0.5824796810415761
0.623	0.5801863338345956
0.624	0.5779009540158991
0.625	0.5756235284456411
0.626	0.5733540438201242
0.627	0.5710924866738415
0.628	0.5688388433815086
0.629	0.5665931001600993
0.63	0.5643552430708639
0.631	0.5621252580213493
0.632	0.5599031307674089
0.633	0.5576888469152078
0.634	0.5554823919232207
0.635	0.5532837511042171
0.636	0.5510929096272534
0.637	0.5489098525196435
0.638	0.5467345646689309
0.639	0.5445670308248519
0.64	0.5424072356012875
0.641	0.5402551634782133
0.642	0.5381107988036411
0.643	0.5359741257955466
0.644	0.5338451285438001
0.6443940149772543	0.533008376233383
0.645	0.5317237910120794
0.646	0.5296100970397816
0.647	0.5275040303439209
0.648	0.525405574521026
0.649	0.5233147130490219
0.65	0.5212314292891075
0.651	0.5191557064876259
0.652	0.5170875277779212
0.653	0.5150268761821919
0.654	0.5129737346133363
0.655	0.5109280858767812
0.656	0.5088899126723133
0.657	0.5068591975958919
0.658	0.5048359231414609
0.659	0.502820071702744
0.66	0.500811625575039
0.661	0.49881056695699344
0.662	0.49681687795238366
0.663	0.4948305405718712
0.664	0.4928515367347607
0.665	0.49087984827074016
0.666	0.48891545692162025
0.667	0.35848659850295217
0.668	0.35754921899346387
0.669	0.35661268844195015
0.67	0.35567701303419896
0.671	0.3547421989282399
0.672	0.35380825225430573
0.673	0.3528751791147958
0.674	0.3519429855842398
0.675	0.35101167770926217
0.676	0.35008126150854707
0.677	0.3491517429728049
0.678	0.348223128064738
0.679	0.3472954227190091
0.68	0.3463686328422082
0.6807812106484503	0.3456452554520862
0.681	0.3454427643128223
0.682	0.3445178229812045
0.683	0.3435938146695442
0.684	0.342670745171838
0.685	0.34174862025386116
0.686	0.34082744565314077
0.687	0.3399072270789277
0.688	0.33898797021217086
0.689	0.3380696807054916
0.69	0.33715236418315925
0.691	0.3362360262410663
0.692	0.33532067244670555
0.693	0.3344063083391469
0.694	0.33349293942901614
0.695	0.33258057119847223
0.696	0.3316692091011883
0.697	0.33075885856233056
0.698	0.32984952497853953
0.699	0.3289412137179112
0.7	0.32803393011997983
0.701	0.32712767949569965
0.702	0.32622246712743
0.703	0.32531829826891784
0.704	0.3244151781452839
0.705	0.32351311195300747
0.706	0.32261210485991343
0.707	0.32171216200515834
0.708	0.3208132884992189
0.709	0.3199154894238797
0.71	0.31901876983222244
0.711	0.3181231347486154
0.712	0.3172285891687043
0.713	0.3163351380594024
0.714	0.31544278635888334
0.715	0.31455153897657234
0.716	0.31366140079314003
0.717	0.31277237666049573
0.718	0.31188447140178205
0.719	0.3109976898113696
0.7192230933248643	0.31080000854459355
0.72	0.3101120366548531
0.721	0.30922751666904713
0.722	0.3083441345619835
0.723	0.307461895012909
0.724	0.3065808026722835
0.725	0.3057008621617784
0.726	0.30482207807427736
0.727	0.3039444549738757
0.728	0.3030679973958813
0.729	0.3021927098468166
0.73	0.3013185968044204
0.731	0.30044566271765066
0.732	0.29957391200668837
0.733	0.2987033490629409
0.734	0.29783397824904756
0.735	0.2969658038988844
0.736	0.2960988303175703
0.737	0.2952330617814737
0.738	0.29436850253822006
0.739	0.29350515680669875
0.74	0.2926430287770728
0.741	0.2917821226107875
0.742	0.29092244244057947
0.743	0.29006399237048824
0.744	0.2892067764758664
0.745	0.2883507988033908
0.746	0.28749606337107614
0.747	0.28664257416828604
0.748	0.2857903351557479
0.749	0.2849393502655658
0.75	0.2840896234012359
0.751	0.28324115843766107
0.752	0.28239395922116695
0.753	0.2815480295695182
0.754	0.28070337327193584
0.755	0.27985999408911416
0.756	0.2790178957532394
0.757	0.2781770819680084
0.758	0.27733755640864804
0.759	0.2764993227219345
0.7598356856515925	0.2757998163840708
0.76	0.2756623845262144
0.761	0.27482674541142615
0.762	0.2739924089391204
0.763	0.27315937864248335
0.764	0.272327658026359
0.765	0.271497250567273
0.766	0.2706681597134554
0.767	0.2698403888848667
0.768	0.26901394147322155
0.769	0.26818882084201534
0.77	0.26736503032654957
0.771	0.26654257323395864
0.772	0.26572145284323784
0.773	0.2649016724052704
0.774	0.26408323514285603
0.775	0.2632661442507395
0.776	0.2624504028956409
0.777	0.26163601421628485
0.778	0.26082298132343135
0.779	0.26001130729990646
0.78	0.25920099520063417
0.781	0.25839204805266863
0.782	0.2575844688552265
0.783	0.25677826057971975
0.784	0.25597342616979024
0.785	0.25516996854134305
0.786	0.2543678905825818
0.787	0.25356719515404297
0.788	0.25276788508863285
0.789	0.25196996319166276
0.79	0.2511734322408862
0.791	0.25037829498653597
0.792	0.2495845541513621
0.793	0.2487922124306696
0.794	0.24800127249235818
0.795	0.24721173697695997
0.796	0.24642360849768058
0.797	0.24563688964043875
0.798	0.2448515829639069
0.799	0.24406769099955244
0.8	0.2432852162516796
0.801	0.24250416119747112
0.802	0.24172452828703128
0.8027415617602307	0.2411473020965299
0.803	0.24094631994342863
0.804	0.2401695385627398
0.805	0.23939418651409317
0.806	0.23862026613971374
0.807	0.2378477797549675
0.808	0.23707672964840756
0.809	0.23630711808181903
0.81	0.23553894729026634
0.811	0.234772219482139
0.812	0.23400693683919946
0.813	0.23324310151663072
0.814	0.23248071564308354
0.815	0.23171978132072638
0.816	0.23096030062529296
0.817	0.23020227560613252
0.818	0.2294457082862593
0.819	0.22869060066240282
0.82	0.2279369547050582
0.821	0.22718477235853804
0.822	0.22643405554102314
0.823	0.22568480614461484
0.824	0.22493702603538715
0.825	0.22419071705343951
0.826	0.2234458810129501
0.827	0.22270251970222943
0.828	0.22196063488377366
0.829	0.2212202282943198
0.83	0.2204813016449003
0.831	0.2197438566208976
0.832	0.21900789488210015
0.833	0.21827341806275846
0.834	0.2175404277716411
0.835	0.21680892559209158
0.836	0.21607891308208518
0.837	0.21535039177428672
0.838	0.21462336317610828
0.839	0.21389782876976748
0.84	0.21317379001234552
0.841	0.21245124833584694
0.842	0.21173020514725835
0.843	0.2110106618286086
0.844	0.21029261973702773
0.845	0.20957608020480864
0.846	0.2088610445394671
0.847	0.20814751402380316
0.848	0.20743548991596183
0.8480702172136836	0.20738555020068558
0.849	0.20672497344949606
0.85	0.20601596583342752
0.851	0.20530846825231028
0.852	0.20460248186629257
0.853	0.20389800781118056
0.854	0.20319504719850134
0.855	0.2024936011155672
0.856	0.2017936706255391
0.857	0.20109525676749151
0.858	0.20039836055647717
0.859	0.19970298298359185
0.86	0.19900912501603962
0.861	0.19831678759719906
0.862	0.19762597164668882
0.863	0.19693667806043394
0.864	0.19624890771073233
0.865	0.1955626614463218
0.866	0.19487794009244744
0.867	0.19419474445092857
0.868	0.19351307530022674
0.869	0.19283293339551388
0.87	0.19215431946874043
0.871	0.19147723422870425
0.872	0.19080167836111891
0.873	0.19012765252868338
0.874	0.18945515737115132
0.875	0.18878419350540077
0.876	0.1881147615255037
0.877	0.1874468620027971
0.878	0.18678049548595274
0.879	0.18611566250104833
0.88	0.18545236355163786
0.881	0.18479059911882373
0.882	0.18413036966132798
0.883	0.18347167561556368
0.884	0.18281451739570692
0.885	0.18215889539376984
0.886	0.1815048099796721
0.887	0.1808522615013144
0.888	0.18020125028465062
0.889	0.17955177663376182
0.89	0.1789038408309291
0.891	0.17825744313670747
0.892	0.1776125837899993
0.893	0.17696926300812893
0.894	0.17632748098691683
0.895	0.17568723790075386
0.8959584598407621	0.17507503512760922
0.896	0.17504853390267583
0.897	0.17441136912443903
0.898	0.1737757436765948
0.899	0.1731416576485652
0.9	0.17250911110871808
0.901	0.17187810410444335
0.902	0.17124863666222856
0.903	0.17062070878773503
0.904	0.16999432046587412
0.905	0.16936947166088387
0.906	0.1687461623164055
0.907	0.16812439235556037
0.908	0.16750416168102672
0.909	0.16688547017511726
0.91	0.16626831769985634
0.911	0.16565270409705748
0.912	0.16503862918840076
0.913	0.16442609277551154
0.914	0.1638150946400374
0.915	0.16320563454372733
0.916	0.16259771222850922
0.917	0.16199132741656885
0.918	0.16138647981042864
0.919	0.16078316909302592
0.92	0.16018139492779213
0.921	0.15958115695873215
0.922	0.1589824548105032
0.923	0.1583852880884943
0.924	0.15778965637890566
0.925	0.15719555924882841
0.926	0.1566029962463243
0.927	0.15601196690050587
0.928	0.1554224707216157
0.929	0.15483450720110728
0.93	0.15424807581172506
0.931	0.15366317600758467
0.932	0.15307980722425313
0.933	0.15249796887883027
0.934	0.15191766037002843
0.935	0.151338881078254
0.936	0.15076163036568788
0.937	0.1501859075763666
0.938	0.1496117120362637
0.939	0.14903904305337026
0.94	0.148467899917777
0.941	0.14789828190175486
0.942	0.1473301882598371
0.943	0.1467636182289004
0.944	0.14619857102824702
0.945	0.14563504585968562
0.946	0.14507304190761408
0.9465508226401592	0.1447641268381954
0.947	0.1445125583391005
0.948	0.14395359430396595
0.949	0.1433961489348656
0.95	0.14284022134737126
0.951	0.14228581064005383
0.952	0.14173291589456494
0.953	0.1411815361757192
0.954	0.14063167053157719
0.955	0.14008331799352697
0.956	0.13953647757636736
0.957	0.13899114827838935
0.958	0.13844732908145996
0.959	0.13790501895110355
0.96	0.13736421683658542
0.961	0.13682492167099364
0.962	0.1362871323713224
0.963	0.13575084783855443
0.964	0.1352160669577438
0.965	0.13468278859809865
0.966	0.13415101161306414
0.967	0.1336207348404054
0.968	0.13309195710229013
0.969	0.1325646772053715
0.97	0.13203889394087137
0.971	0.13151460608466303
0.972	0.13099181239735416
0.973	0.13047051162436968
0.974	0.12995070249603505
0.975	0.12943238372765878
0.976	0.1289155540196161
0.977	0.12840021205743093
0.978	0.12788635651186
0.979	0.127373986038975
0.98	0.12686309928024628
0.981	0.1263536948626248
0.982	0.12584577139862627
0.983	0.12533932748641338
0.984	0.1248343617098791
0.985	0.12433087263872923
0.986	0.12382885882856574
0.987	0.12332831882096959
0.988	0.12282925114358349
0.989	0.12233165431019465
0.99	0.12183552682081789
0.991	0.12134086716177833
0.992	0.12084767380579442
0.993	0.12035594521205986
0.994	0.11986567982632747
0.995	0.11937687608099114
0.996	0.11888953239516858
0.997	0.11840364717478391
0.998	0.11791921881265047
0.999	0.11743624568855315
1.0	0.11695472616933085
1.0	0.11695472616933085
