-1.0	0.4505725793981276
-1.0	0.4505725793981276
-0.999	0.4518156106703843
-0.998	0.4530594379667891
-0.997	0.4543040350312946
-0.996	0.4555493755361283
-0.995	0.45679543308387316
-0.994	0.4580421812095681
-0.993	0.4592895933828288
-0.992	0.4605376430099847
-0.991	0.4617863034362371
-0.99	0.4630355479478362
-0.989	0.46428534977427555
-0.988	0.4655356820905076
-0.987	0.46678651801917354
-0.986	0.46803783063285814
-0.985	0.46928959295635675
-0.984	0.4705417779689638
-0.983	0.47179435860678
-0.982	0.4730473077650349
-0.981	0.4743005983004305
-0.98	0.4755542030335004
-0.979	0.4768080947509886
-0.978	0.4780622462082442
-0.977	0.47931663013163384
-0.976	0.4805712192209743
-0.975	0.4818259861519767
-0.974	0.48308090357871414
-0.973	0.4843359441361015
-0.972	0.4855910804423948
-0.971	0.48684628510170536
-0.97	0.4881015307065324
-0.969	0.4893567898403106
-0.968	0.4906120350799742
-0.967	0.49186723899853685
-0.966	0.4931223741676888
-0.9659363289248455	0.49320228700645014
-0.965	0.4943774131604086
-0.964	0.4956323285535894
-0.963	0.4968870929306829
-0.962	0.4981416788843578
-0.961	0.4993960590191717
-0.96	0.5006502059542602
-0.959	0.5019040923260392
-0.958	0.5031576907909219
-0.957	0.5044109740280512
-0.956	0.5056639147420449
-0.955	0.5069164856657548
-0.954	0.5081686595630406
-0.953	0.509420409231558
-0.952	0.5106717075055565
-0.951	0.511922527258695
-0.95	0.5131728414068661
-0.949	0.5144226229110384
-0.948	0.5156718447801039
-0.947	0.5169204800737452
-0.946	0.5181685019053093
-0.945	0.5194158834446965
-0.944	0.5206625979212594
-0.943	0.5219086186267137
-0.942	0.5231539189180592
-0.941	0.5243984722205146
-0.94	0.5256422520304587
-0.939	0.5268852319183859
-0.938	0.5281273855318687
-0.937	0.5293686865985341
-0.936	0.5306091089290459
-0.935	0.5318486264200963
-0.934	0.5330872130574118
-0.9330329915368074	0.5342840271400808
-0.933	0.5343248429187614
-0.932	0.5355614901769781
-0.931	0.536797129102988
-0.93	0.5380317340688433
-0.929	0.5392652795507715
-0.928	0.5404977401322236
-0.927	0.5417290905069352
-0.926	0.5429593054819923
-0.925	0.5441883599809043
-0.924	0.5454162290466843
-0.923	0.5466428878449344
-0.922	0.547868311666937
-0.921	0.5490924759327529
-0.92	0.5503153561943226
-0.919	0.5515369281385769
-0.918	0.5527571675905465
-0.917	0.553976050516479
-0.916	0.5551935530269618
-0.915	0.5564096513800463
-0.914	0.5576243219843752
-0.913	0.5588375414023141
-0.912	0.5600492863530877
-0.911	0.5612595337159163
-0.91	0.5624682605331542
-0.909	0.5636754440134315
-0.908	0.564881061534797
-0.907	0.5660850906478629
-0.906	0.5672875090789509
-0.905	0.568488294733236
-0.904	0.5696874256978943
-0.903	0.5708848802452484
-0.902	0.5720806368359147
-0.9012504626108303	0.5729757749706302
-0.901	0.5732746741219477
-0.9	0.5744669709499837
-0.899	0.5756575063643862
-0.898	0.5768462596103849
-0.897	0.5780332101372145
-0.896	0.5792183376012559
-0.895	0.5804016218691642
-0.894	0.5815830430210047
-0.893	0.5827625813533799
-0.892	0.583940217382552
-0.891	0.8698763687285886
-0.89	0.8718537547317489
-0.889	0.8738277767724173
-0.888	0.8757983793796814
-0.887	0.8777655073220342
-0.886	0.8797291056148397
-0.885	0.8816891195278274
-0.884	0.8836454945926085
-0.883	0.8855981766102163
-0.882	0.887547111658666
-0.881	0.8894922461005395
-0.88	0.8914335265905863
-0.879	0.8933709000833456
-0.878	0.895304313840789
-0.877	0.8972337154399732
-0.876	0.8991590527807183
-0.875	0.901080274093293
-0.874	0.90299732794612
-0.873	0.9049101632534922
-0.872	0.9068187292832993
-0.871	0.9087229756647719
-0.8705505632961241	0.9095773935963265
-0.87	0.9106228523962263
-0.869	0.9125183098528273
-0.868	0.9144092987943564
-0.867	0.9162957703729817
-0.866	0.9181776761410424
-0.865	0.9200549680588308
-0.864	0.9219275985023863
-0.863	0.9237955202712791
-0.862	0.9256586865964114
-0.861	0.9275170511478055
-0.86	0.9293705680424007
-0.859	0.9312191918518413
-0.858	0.9330628776102691
-0.857	0.9349015808221023
-0.856	0.9367352574698202
-0.855	0.9385638640217335
-0.854	0.9403873574397501
-0.853	0.9422056951871307
-0.852	0.9440188352362386
-0.851	0.9458267360762738
-0.85	0.947629356720997
-0.849	0.9494266567164406
-0.848	0.9512185961486062
-0.847	0.9530051356511411
-0.846	0.9547862364130062
-0.845	0.956561860186118
-0.844	0.9583319692929785
-0.843	0.9600965266342744
-0.842	0.9618554956964693
-0.841	0.9636088405593581
-0.8408964152537145	0.9637901374572557
-0.84	0.9653565259036061
-0.839	0.9670985170182612
-0.838	0.9688347798082382
-0.837	0.9705652808017763
-0.836	0.9722899871578647
-0.835	0.9740088666736458
-0.834	0.9757218877917764
-0.833	0.9774290196077642
-0.832	0.9791302318772683
-0.831	0.9808254950233614
-0.83	0.9825147801437608
-0.829	0.984198059018017
-0.828	0.9858753041146693
-0.827	0.9875464885983527
-0.826	0.9892115863368738
-0.825	0.9908705719082351
-0.824	0.9925234206076237
-0.823	0.9941701084543477
-0.822	0.9958106121987302
-0.821	0.997444909328958
-0.82	0.9990729780778782
-0.819	1.0006947974297438
-0.818	1.002310347126916
-0.817	1.0039196076765036
-0.816	1.005522560356958
-0.815	1.0071191872246108
-0.814	1.0087094711201519
-0.813	1.010293395675056
-0.8122523963562355	1.0114733798106688
-0.812	1.011870945317951
-0.811	1.0134421052809202
-0.81	1.0150068616057528
-0.809	1.016565201150127
-0.808	1.0181171115937333
-0.807	1.0196625814443332
-0.806	1.0212016000437503
-0.805	1.0227341575737987
-0.804	1.0242602450621436
-0.803	1.0257798543880914
-0.802	1.0272929782883113
-0.801	1.0287996103624866
-0.8	1.030299745078894
-0.799	1.0317933777799095
-0.798	1.0332805046874416
-0.797	1.0347611229082865
-0.796	1.036235230439411
-0.795	1.0377028261731551
-0.794	1.0391639099023597
-0.793	1.0406184823254114
-0.792	1.0420665450512065
-0.791	1.0435081006040396
-0.79	1.0449431524284045
-0.789	1.0463717048937105
-0.788	1.047793763298921
-0.787	1.0492093338771002
-0.786	1.0506184237998757
-0.785	1.0520210411818154
-0.7845840978967507	1.0526024890526537
-0.784	1.0534171950847155
-0.783	1.0548068955217962
-0.782	1.056190153461812
-0.781	1.0575669808330677
-0.78	1.0589373905273454
-0.779	1.0603013964037327
-0.778	1.0616590132923676
-0.777	1.0630102569980768
-0.776	1.0643551443039296
-0.775	1.0656936929746879
-0.774	1.0670259217601599
-0.773	1.0683518503984626
-0.772	1.0696714996191776
-0.771	1.0709848911464115
-0.77	1.0722920477017557
-0.769	1.0735929930071455
-0.768	1.0748877517876152
-0.767	1.076176349773954
-0.766	1.0774588137052574
-0.765	1.0787351713313738
-0.764	1.0800054514152477
-0.763	1.081269683735159
-0.762	1.082527899086851
-0.761	1.0837801292855618
-0.76	1.085026407167938
-0.759	1.086266766593847
-0.758	1.0875012424480803
-0.7578582832551991	1.0876757144269371
-0.757	1.0887298706419457
-0.756	1.089952688114753
-0.755	1.0911697328351866
-0.754	1.0923810438025727
-0.753	1.093586661048027
-0.752	1.0947866256355012
-0.751	1.0959809796627087
-0.75	1.521125099499069
-0.749	1.5227783775079744
-0.748	1.524418815274619
-0.747	1.5260464399955003
-0.746	1.5276612808391543
-0.745	1.5292633689536022
-0.744	1.5308527374735406
-0.743	1.532429421527267
-0.742	1.5339934582433425
-0.741	1.5355448867569892
-0.74	1.5370837482162263
-0.739	1.5386100857877276
-0.738	1.5401239446624155
-0.737	1.5416253720607775
-0.736	1.5431144172379159
-0.735	1.5445911314883072
-0.734	1.5460555681503008
-0.733	1.5475077826103265
-0.7320428479728127	1.5488863777586457
-0.732	1.5489478323068258
-0.731	1.550375776733898
-0.73	1.5517916774446703
-0.729	1.5531955980543701
-0.728	1.5545876042431253
-0.727	1.5559677637584648
-0.726	1.5573361464175426
-0.725	1.5586928241090563
-0.724	1.5600378707948965
-0.723	1.5613713625114827
-0.722	1.5626933773708194
-0.721	1.5640039955612584
-0.72	1.565303299347964
-0.719	1.5665913730730816
-0.718	1.5678683031556169
-0.717	1.5691341780910122
-0.716	1.5703890884504346
-0.715	1.5716331268797563
-0.714	1.5728663880982494
-0.713	1.574088968896973
-0.712	1.5753009681368693
-0.711	1.5765024867465576
-0.71	1.577693627719831
-0.709	1.5788744961128582
-0.708	1.5800451990410802
-0.7071067811865476	1.581082386700165
-0.707	1.5812058456758142
-0.706	1.5823565472405585
-0.705	1.5834974170069984
-0.704	1.584628570290712
-0.703	1.5857501244465841
-0.702	1.586862198863921
-0.701	1.5879649149612662
-0.7	1.5890583961809206
-0.699	1.5901427679831714
-0.698	1.5912181578402218
-0.697	1.5922846952298277
-0.696	1.5933425116286406
-0.695	1.5943917405052606
-0.694	1.5954325173129928
-0.693	1.5964649794823182
-0.692	1.5974892664130689
-0.691	1.5985055194663222
-0.69	1.5995138819559989
-0.689	1.6005144991401807
-0.688	1.6015075182121405
-0.687	1.6024930882910895
-0.686	1.603471360412641
-0.685	1.6044424875189918
-0.684	1.6054066244488294
-0.6830201283771977	1.6063447253211998
-0.683	1.6063639279269522
-0.682	1.6073145565536215
-0.681	1.6082586707936364
-0.68	1.6091964329651314
-0.679	1.6101280072281074
-0.678	1.6110535595726905
-0.677	1.6119732578071266
-0.676	1.6128872715455058
-0.675	1.6137957721952243
-0.674	1.614698932944187
-0.673	1.6155969287477485
-0.672	1.6164899363153946
-0.671	1.6173781340971742
-0.67	1.6182617022698722
-0.669	1.6191408227229354
-0.668	1.6200156790441467
-0.667	1.6208864565050591
-0.666	1.6217533420461785
-0.665	1.6226165242619113
-0.664	1.6234761933852706
-0.663	1.6243325412723488
-0.662	1.6251857613865528
-0.661	1.6260360487826142
-0.66	1.6268836000903666
-0.6597539553864471	1.6270917388177493
-0.659	1.6277286134983013
-0.658	1.6285712887368964
-0.657	1.6294118270617313
-0.656	1.6302504312363837
-0.655	1.6310873055151096
-0.654	1.6319226556253155
-0.653	1.6327566887498204
-0.652	1.6335896135089207
-0.651	1.6344216399422413
-0.65	1.6352529794903967
-0.649	1.6360838449764605
-0.648	1.6369144505872284
-0.647	1.6377450118543098
-0.646	1.6385757456350185
-0.645	1.6394068700930937
-0.644	1.6402386046792343
-0.643	1.6410711701114582
-0.642	1.6419047883552926
-0.641	1.6427396826037952
-0.64	1.6435760772574037
-0.639	1.6444141979036357
-0.638	1.6452542712966147
-0.6372803136596311	1.6458601968427797
-0.637	1.6460965253364552
-0.636	1.646941189048487
-0.635	1.647788492562337
-0.634	1.6486386670908642
-0.633	1.6494919449089518
-0.632	1.6503485593321685
-0.631	1.6512087446952917
-0.63	1.5095486153091795
-0.629	1.5095274885360783
-0.628	1.509505075196763
-0.627	1.5094817647701542
-0.626	1.5094579488445647
-0.625	1.5094340210455788
-0.624	1.509410376963488
-0.623	1.5093874140803178
-0.622	1.5093655316964725
-0.621	1.509345130857005
-0.62	1.509326614277555
-0.619	1.5093103862699715
-0.618	1.5092968526676394
-0.617	1.509286420750549
-0.616	1.5092794991701144
-0.6155722066724582	1.5092777114961435
-0.615	1.5092764978737834
-0.614	1.509277828029451
-0.613	1.5092839019497086
-0.612	1.5092951330159496
-0.611	1.5093119356023608
-0.61	1.5093347249998204
-0.609	1.509363917339729
-0.608	1.5093999295178013
-0.607	1.5094431791178389
-0.606	1.509494084335515
-0.605	1.5095530639021892
-0.604	1.5096205370087863
-0.603	1.5096969232297508
-0.602	1.509782642447124
-0.601	1.5098781147747364
-0.6	1.509983760482579
-0.599	1.510099999921342
-0.598	1.510227253447172
-0.597	1.5103659413466546
-0.596	1.5105164837620617
-0.595	1.5106793006168777
-0.5946035575013605	1.5107473385568548
-0.594	1.510854811541628
-0.593	1.5110434358000462
-0.592	1.5112455922155863
-0.591	1.511461699098322
-0.59	1.5116921741722418
-0.589	1.5119374345029724
-0.588	1.5121978964259513
-0.587	1.5124739754750711
-0.586	1.5127660863118162
-0.585	1.5130746426549257
-0.584	1.513400057210586
-0.583	1.5137427416031948
-0.582	1.5141031063067074
-0.581	1.5144815605765871
-0.58	1.514878512382393
-0.579	1.5152943683410065
-0.578	1.5157295336505376
-0.577	1.51618441202492
-0.576	1.5166594056292197
-0.575	1.517154915015677
-0.5743491774985174	1.5174886140807544
-0.574	1.5176713390604994
-0.573	1.5182090749014316
-0.572	1.518768517876112
-0.571	1.5193500614612454
-0.57	1.5199540972126053
-0.569	1.520581014705881
-0.568	1.521231201478392
-0.567	1.5219050429716927
-0.566	1.522602922475071
-0.565	1.5233252210699693
-0.564	1.5240723175753386
-0.563	1.52484458849395
-0.562	1.5256424079596647
-0.561	1.5264661476856944
-0.56	1.5273161769138541
-0.559	1.5281928623648344
-0.558	1.5290965681894906
-0.557	1.5300276559211847
-0.556	1.5309864844291727
-0.555	1.5319734098730615
-0.5547847360339224	1.5321895686601517
-0.554	1.5329887856583464
-0.553	1.534032962393042
-0.552	1.5351062878454143
-0.551	1.5362091069028263
-0.55	1.5373417615317169
-0.549	1.5385045907387036
-0.548	1.5396979305328446
-0.547	1.5409221138890457
-0.546	1.5421774707126366
-0.545	1.543464327805119
-0.544	1.544783008831095
-0.543	1.5461338342863826
-0.542	1.547517121467329
-0.541	1.5489331844413217
-0.54	1.5503823340185132
-0.539	1.5518648777247495
-0.538	1.5533811197757261
-0.537	1.5549313610523616
-0.536	1.5565158990773962
-0.5358867312681466	1.556697553172234
-0.535	1.5581350279932253
-0.534	1.5597890385409605
-0.533	1.561478218040731
-0.532	1.5632028503732156
-0.531	1.5649632159624194
-0.53	1.5042896458602755
-0.529	1.505047334971497
-0.528	1.5058272891713962
-0.527	1.5066300676118314
-0.526	1.5074562296360483
-0.525	1.5083063346227088
-0.524	1.5091809418296829
-0.523	1.5100806102376843
-0.522	1.511005898393829
-0.521	1.5119573642552213
-0.52	1.5129355650326226
-0.519	1.513941057034321
-0.518	1.51497439551026
-0.5176324619206888	1.515361294801804
-0.517	1.5160361344965332
-0.516	1.5171268266603153
-0.515	1.5182470231453236
-0.514	1.5193972734178969
-0.513	1.5205781251137658
-0.512	1.5217901238856202
-0.511	1.5230338132515333
-0.51	1.5243097344443524
-0.509	1.5256184262621215
-0.508	1.526960424919631
-0.507	1.5283362639011702
-0.506	1.5297464738145754
-0.505	1.531191582246644
-0.504	1.532672113620005
-0.503	1.534188589051525
-0.502	1.535741526212326
-0.501	1.5373314391895014
-0.5	1.5389588383496005
-0.5	1.5389588383496005
-0.499	1.540624230203965
-0.498	1.542328117275995
-0.497	1.544070997970413
-0.496	1.5458533664446057
-0.495	1.547675712482121
-0.494	1.5495385213683812
-0.493	1.5514422737686924
-0.492	1.5533874456086185
-0.491	1.5553745079567838
-0.49	1.5574039269101783
-0.489	1.559476163482021
-0.488	1.5615916734922592
-0.487	1.5637509074607527
-0.486	1.5659543105032105
-0.485	1.5682023222299442
-0.484	1.570495376647484
-0.483	1.5728339020631257
-0.48296816446242286	1.5729091018319603
-0.482	1.5752183209924522
-0.481	1.577649050069894
-0.48	1.5801264999623665
-0.479	1.5826510752860465
-0.478	1.5852231745263237
-0.477	1.58784318996098
-0.476	1.5905115075866347
-0.475	1.5932285070485053
-0.474	1.59599456157351
-0.473	1.5988100379067633
-0.472	1.6016752962514924
-0.471	1.6045906902124065
-0.47	1.6075565667425562
-0.469	1.610573266093708
-0.468	1.6136411217702573
-0.467	1.6167604604867172
-0.4665164957684037	1.618287233083294
-0.466	1.6199316021287877
-0.465	1.623154859718042
-0.464	1.6264305393802376
-0.463	1.6297589403172732
-0.462	1.6331403547828005
-0.461	1.636575068061508
-0.46	1.6400633584520798
-0.459	1.6436054972538408
-0.458	1.647201748757086
-0.457	1.6508523702371085
-0.456	1.6545576119519065
-0.455	1.6583177171435872
-0.454	1.6621329220434466
-0.453	1.6660034558807266
-0.452	1.6699295408950343
-0.451	1.6739113923524156
-0.45062523130541515	1.6754180743265352
-0.45	1.6779492185650677
-0.449	1.6820432209146645
-0.448	1.6861935938792936
-0.447	1.6904005250639642
-0.446	1.6946641952346733
-0.445	1.7102322519944415
-0.444	1.7129428724887497
-0.443	1.7156835113421633
-0.442	1.718454958824073
-0.441	1.721258007539829
-0.44	1.7240934520405529
-0.439	1.7269620884313437
-0.438	1.729864713978217
-0.437	1.7328021267141147
-0.436	1.73577512504432
-0.435275281648062	1.7379524045256816
-0.435	1.7387845073516184
-0.434	1.7418310716015468
-0.433	1.7449156149480716
-0.432	1.7480389333400321
-0.431	1.7512018211286984
-0.43	1.7544050706767795
-0.429	1.757649471969223
-0.428	1.7609358122261478
-0.427	1.7642648755182424
-0.426	1.7676374423849759
-0.425	1.7710542894559405
-0.424	1.7745161890756727
-0.423	1.7780239089322747
-0.422	1.7815782116901613
-0.421	1.785179854627263
-0.42044820762685725	1.787187755582114
-0.42	1.7888295892769939
-0.419	1.7925281610753137
-0.418	1.7962763090131826
-0.417	1.8000747652947235
-0.416	1.803924255001395
-0.415	1.8078254957624624
-0.414	1.8117791974320772
-0.413	1.8157860617732255
-0.412	1.8198467821488513
-0.411	1.8239620432204142
-0.41	1.8281325206541466
-0.409	1.8323588808352869
-0.408	1.8366417805905213
-0.407	1.840981866918901
-0.4061261981781178	1.8448215586847223
-0.406	1.845379776731457
-0.405	1.8498361365997598
-0.404	1.854351562513628
-0.403	1.8589266596482217
-0.402	1.863562022140713
-0.401	1.8682582328767354
-0.4	1.8730158632868068
-0.399	1.8778354731528941
-0.398	1.8827176104253074
-0.397	1.8876628110500677
-0.396	1.8926715988069152
-0.395	1.897744485158091
-0.394	1.9028819691080274
-0.393	1.9080845370740707
-0.3922920489483753	1.9118073075899442
-0.392	1.9133526627683515
-0.391	1.918686807090892
-0.39	1.924087418034062
-0.389	1.9295549305984432
-0.388	1.9350897667201916
-0.387	1.9406923352099419
-0.386	1.9463630317033151
-0.385	1.9521022386230573
-0.384	1.957910325152843
-0.383	1.9637876472227618
-0.382	1.9697345475064796
-0.381	1.9757513554300852
-0.38	1.9818383871925933
-0.379	1.9879959457980787
-0.37892914162759955	1.9884349438127322
-0.378	1.9942243210994046
-0.377	2.000523789853486
-0.376	2.0068946157880365
-0.375	2.07655839697243
-0.374	2.0804773234913156
-0.373	2.084425489095538
-0.372	2.0884044064568643
-0.371	2.09241559369274
-0.37	2.0964605731692387
-0.369	2.1005408703000827
-0.368	2.1046580123432292
-0.367	2.1088135271965154
-0.3660214239864063	2.1129186308754004
-0.366	2.1130089421938725
-0.365	2.1172457829036078
-0.364	2.12152557193028
-0.363	2.125849827721686
-0.362	2.1302200633824633
-0.361	2.134637785495838
-0.36	2.139104492955012
-0.359	2.143621675805714
-0.358	2.1481908141013886
-0.357	2.1528133767725244
-0.356	2.1574908205115824
-0.355	2.1622245886749956
-0.354	2.16701611020367
-0.3535533905932738	2.1691750780939967
-0.353	2.1718667985634132
-0.352	2.1767780507067
-0.351	2.1817512460571424
-0.35	2.186787745518037
-0.349	2.191888890506299
-0.348	2.1970560020130994
-0.347	2.202290379692469
-0.346	2.2075933009791124
-0.345	2.2129660202366273
-0.344	2.2184097679373123
-0.343	2.223925749874684
-0.342	2.229515146409803
-0.3415100641885989	2.2322807379449947
-0.341	2.2351791117524575
-0.34	2.2409187732782105
-0.339	2.2467352308822965
-0.338	2.252629556371254
-0.337	2.2586027928932113
-0.336	2.264655954407606
-0.335	2.270790025195154
-0.334	2.277005959408769
-0.333	2.2833046806661175
-0.332	2.289687081684424
-0.331	2.2961540239580973
-0.33	2.3027063374796803
-0.32987697769322355	2.3035183548770495
-0.329	2.309344820504595
-0.328	2.3160702393600507
-0.327	2.3228833282984866
-0.326	2.329784789395804
-0.325	2.336775292494616
-0.324	2.3438554751926786
-0.323	2.351025942876595
-0.322	2.3582872688008294
-0.321	2.365639994212009
-0.32	2.373084628518421
-0.319	2.3806216495045636
-0.31864015682981556	2.383356485706499
-0.318	2.3882515035905176
-0.317	2.3959746061358835
-0.316	2.403791341787926
-0.315	2.4682636114784637
-0.314	2.4730914580597654
-0.313	2.4780245246656496
-0.312	2.4830646922067543
-0.311	2.488213733271226
-0.31	2.493473310194318
-0.309	2.498844973312184
-0.308	2.5043301594037883
-0.307786103336229	2.5055182892609618
-0.307	2.509930190324595
-0.306	2.515646271835379
-0.305	2.5214794926292354
-0.304	2.5274308235595333
-0.303	2.5335011170712685
-0.302	2.5396911068379424
-0.301	2.546001407605773
-0.3	2.552432515246726
-0.299	2.5589848070215133
-0.298	2.5656585420533626
-0.29730177875068026	2.5703903656169356
-0.297	2.572453862013052
-0.296	2.5793707920153253
-0.295	2.586409241726477
-0.294	2.593569006682559
-0.293	2.600849769817277
-0.292	2.608251103198336
-0.291	2.615772469970617
-0.29	2.623413226504209
-0.289	2.631172624745019
-0.288	2.6390498147652535
-0.2871745887492588	2.645639804984621
-0.287	2.6470438475107985
-0.286	2.6551536777421183
-0.285	2.663378167164984
-0.284	2.6717160877469945
-0.283	2.6801661252154996
-0.282	2.688726882732233
-0.281	2.6973968847396055
-0.28	2.706174580973306
-0.279	2.7150583506355264
-0.278	2.7240465067228294
-0.2773923680169612	2.729558242716655
-0.277	2.7331373005023747
-0.276	2.7423289261298938
-0.275	2.7516195254025635
-0.274	2.7610071926395987
-0.273	2.7704899796831617
-0.272	2.7800659010118647
-0.271	2.789732938958961
-0.27	2.7994890490270015
-0.269	2.80933216529057
-0.268	2.8192602058784395
-0.2679433656340733	2.8198249722919253
-0.267	2.829271078526319
-0.266	2.839362686191129
-0.265	2.9825664537627596
-0.264	2.9892002370371276
-0.263	2.995859829214402
-0.262	3.002546398574237
-0.261	3.0092610430451945
-0.26	3.016004787909005
-0.259	3.022778583835512
-0.25881623096034434	3.024026736943747
-0.258	3.0295833052615935
-0.257	3.0364197491263765
-0.256	3.0432886339741207
-0.255	3.050190599435104
-0.254	3.0571262060937476
-0.253	3.0640959357521464
-0.252	3.0711001920959493
-0.251	3.0781393017683825
-0.25	3.085213515856964
-0.25	3.085213515856964
-0.249	3.092323011796175
-0.248	3.0994678956880883
-0.247	3.10664820504162
-0.246	3.1138639119297538
-0.245	3.121114926562709
-0.244	3.1284011012736874
-0.243	3.1357222349124387
-0.242	3.1430780776405154
-0.24148408223121143	3.146886565780198
-0.241	3.150468336120722
-0.24	3.1578926790918573
-0.239	3.1653507433185193
-0.238	3.172842139904347
-0.237	3.180366460955774
-0.236	3.1879232865820177
-0.235	3.1955121922157455
-0.234	3.2031327562375846
-0.23325824788420185	3.2088055330795813
-0.233	3.21078456788641
-0.232	3.218467235436152
-0.231	3.2261803946186696
-0.23	3.233923717271168
-0.229	3.241696920185517
-0.228	3.249499774135833
-0.227	3.257332113059713
-0.226	3.265193843367589
-0.22531261565270758	3.2706149092969814
-0.225	3.2730849533538198
-0.224	3.281005522682359
-0.223	3.2889557319190943
-0.222	3.4867306850873576
-0.221	3.490458210940123
-0.22	3.494096989841274
-0.219	3.4976533247163926
-0.218	3.5011334938523335
-0.217637640824031	3.5023769795106023
-0.217	3.5045437389316887
-0.216	3.50789025401963
-0.215	3.5111791755633823
-0.214	3.5144165734599393
-0.213	3.5176084432428087
-0.212	3.5207606994333447
-0.211	3.5238791700968224
-0.21022410381342863	3.526279163727007
-0.21	3.526969592637691
-0.209	3.5300376108625384
-0.208	3.5330887733331804
-0.207	3.5361285330260146
-0.206	3.5391622483073335
-0.205	3.5421951852277798
-0.204	3.5452325211324616
-0.2030630990890589	3.54808672079112
-0.203	3.548279349576592
-0.202	3.551340686529793
-0.201	3.554421477845491
-0.2	3.5575266079651797
-0.199	3.560660909820694
-0.198	3.5638291758911396
-0.197	3.5670361703647426
-0.19614602447418766	3.5698091001594334
-0.196	3.570286642349623
-0.195	3.5735853400714874
-0.194	3.576937025990361
-0.193	3.5803464927629003
-0.192	3.583818579971491
-0.191	3.587358191536289
-0.19	3.5909703137216398
-0.18946457081379978	3.592935918014441
-0.189	3.5946600336439083
-0.188	3.598432558183731
-0.187	3.9150515058452857
-0.186	3.912308522705307
-0.185	3.9093693740182247
-0.184	3.9062509110737813
-0.18301071199320315	3.903005836771319
-0.183	3.9029698876599888
-0.182	3.8995429260665775
-0.181	3.8959864867772844
-0.18	3.8923168420589693
-0.179	3.8885500536291024
-0.178	3.884701954555241
-0.177	3.8807881355108282
-0.1767766952966369	3.879906742644354
-0.176	3.8768239354812453
-0.175	3.872824436982692
-0.174	3.868804465824396
-0.173	3.8647785954120506
-0.172	3.8607611555574737
-0.171	3.856766245726495
-0.17075503209429946	3.8557926455193483
-0.17	3.852807752624245
-0.169	3.8488993719845226
-0.168	3.8450546343980383
-0.167	3.841286934983211
-0.166	3.837609566673097
-0.165	3.834035756863186
-0.16493848884661177	3.833819604784412
-0.164	3.830578707137261
-0.163	3.8272516357626905
-0.162	3.8240678226223817
-0.161	3.8210406562284334
-0.16	3.8181836824424167
-0.15932007841490778	3.8163453691287312
-0.159	3.8155106545093447
-0.158	3.8130355839967867
-0.157	4.259633292887111
-0.156	4.244166530979923
-0.155	4.228412711716707
-0.154	4.212401335825916
-0.1538930516681145	4.210674919994588
-0.153	4.196161702558037
-0.152	4.179722949790041
-0.151	4.163114105309191
-0.15	4.14636414864606
-0.149	4.129502082712858
-0.14865088937534013	4.1235943177075844
-0.148	4.112557014396227
-0.147	4.095558243154633
-0.146	4.0785353565802955
-0.145	4.061518331805031
-0.144	4.044537641559318
-0.1435872943746294	4.037547469922803
-0.143	4.027624363634738
-0.142	4.010810292452442
-0.141	3.994128051404515
-0.14	3.977611204611576
-0.139	3.9612943667285396
-0.1386961840084806	3.956382072591331
-0.138	3.94521330943133
-0.137	3.9294050632301234
-0.136	3.91390801327933
-0.135	3.8987619878905395
-0.134	3.884008338501395
-0.13397168281703664	3.883596688357039
-0.133	3.86969000991052
-0.132	4.315835855849217
-0.131	4.281775879515678
-0.13	4.247432660483448
-0.12940811548017217	4.227008151837148
-0.129	4.212895094966181
-0.128	4.178252866039741
-0.127	4.143596344127181
-0.126	4.10901650759105
-0.125	4.07460488282719
-0.125	4.07460488282719
-0.124	4.040453502893004
-0.123	4.006654883359416
-0.122	3.9733020137546147
-0.121	3.9404883626732756
-0.12074204111560571	3.932122741707797
-0.12	3.908307894361667
-0.119	3.876855094359996
-0.118	3.846225001591429
-0.117	3.81651324413456
-0.11662912394210095	3.8057466340905126
-0.116	3.7878160758041473
-0.115	3.7602304105944278
-0.114	3.7338538520105082
-0.113	3.7087847143254775
-0.11265630782635375	3.7004883860469646
-0.112	3.6851220328530694
-0.111	4.197924912223687
-0.11	4.146247806392642
-0.109	4.094882772936978
-0.1088188204120155	4.085625023128797
-0.108	4.044024318767301
-0.107	3.9938654497970756
-0.106	3.9445972142757095
-0.10511205190671431	3.901748441677972
-0.105	3.89640833163335
-0.104	3.8494849052500655
-0.103	3.804010215790124
-0.102	3.7601645900735945
-0.10153154954452945	3.7402356940911363
-0.101	3.7181253389235143
-0.1	3.678066756054254
-0.099	3.64016016887817
-0.09807301223709386	3.6070901115140424
-0.098	3.604574031121158
-0.097	3.5714740463663155
-0.096	3.541023311096483
-0.095	3.5133824654840207
-0.09473228540689986	3.5064797873747486
-0.094	3.488709840077774
-0.093	4.056851889205303
-0.092	3.9880243226603787
-0.09150535599660158	3.9544697028414206
-0.091	3.9205852110963733
-0.09	3.8548965077424064
-0.089	3.7913113992712457
-0.08838834764831845	3.75360404904452
-0.088	3.7301733461812194
-0.087	3.6718154307814945
-0.086	3.6165599971395936
-0.08537751604714973	3.5838690461752147
-0.085	3.5647185596687754
-0.084	3.516591950172461
-0.083	3.4724706672793504
-0.08246924442330592	3.4507766904568182
-0.082	3.432635387416782
-0.081	3.3973575928647337
-0.08	3.366900270053368
-0.07966003920745386	3.3576894728055824
-0.079	3.3415186301208877
-0.078	3.8049815850557827
-0.077	3.717037910128353
-0.07694652583405726	3.712445494586632
-0.076	3.633203282990622
-0.075	3.5540773228825655
-0.07432544468767006	3.5036517189605627
-0.074	3.4802334599822364
-0.073	3.412218506657103
-0.072	3.3505528748701954
-0.0717936471873147	3.338664024163477
-0.071	3.2957313291471677
-0.07	3.2482241492445585
-0.06934809200424033	3.2214060059556857
-0.069	3.2084785663609656
-0.068	3.1769203314651855
-0.067	3.153955273934877
-0.0669858414085183	3.153693704094564
-0.066	3.6411038808267793
-0.065	3.53570212884129
-0.06470405774008609	3.5058546029258673
-0.064	3.437581985837593
-0.063	3.3478514404685233
-0.0625	3.3064612128868394
-0.062	3.2675547586443394
-0.061	3.1976685307456942
-0.06037102055780286	3.159454934662741
-0.06	3.1390999132685233
-0.059	3.0926867640342883
-0.05831456197105048	3.0682957310677663
-0.058	3.0591992904841474
-0.057	3.039342773074764
-0.05632815391317687	3.033981931225677
-0.056	3.033760891510547
-0.055	3.4826319319335575
-0.05440941020600775	3.411948280649169
-0.054	3.365585142651228
-0.053	3.2623383357518327
-0.052556025953357156	3.2214141517903867
-0.052	3.1747481036510594
-0.051	3.1044928515932884
-0.050765774772264724	3.09070787809294
-0.05	3.053070366419649
-0.04903650611854693	3.022575174491459
-0.049	3.021801885197536
-0.048	3.0118410804954063
-0.04736614270344993	3.0170206757016245
-0.047	3.0241861434666575
-0.046	3.4350703412015786
-0.04575267799830079	3.397512040135748
-0.045	3.2914459405277796
-0.04419417382415922	3.192966328485975
-0.044	3.171755398658101
-0.043	3.0792092876808654
-0.042688758023574865	3.0563916112091167
-0.042	3.0165799366402055
-0.04123462221165296	2.99033306084265
-0.041	2.9862150273545844
-0.04	2.9900685193753604
-0.03983001960372693	2.9942461224204546
-0.039	3.2602989252499692
-0.03847326291702863	3.1774514253013444
-0.038	3.1120161626181053
-0.03716272234383503	3.0188500509113743
-0.037	3.0042826590795038
-0.036	2.9416593717845982
-0.03589682359365735	2.9379204197015865
-0.035	2.9278472066154158
-0.034674046002120165	2.9344012907533923
-0.034	2.9657558152641075
-0.03349292070425915	3.005472387591063
-0.033	3.21505882981884
-0.03235202887004304	3.1062313094229848
-0.032	3.0577790584343734
-0.03125	2.981739503507407
-0.031	2.9650578557747505
-0.03018551027890143	2.942528025083222
-0.03	2.9444275243974496
-0.02915728098552524	2.987177957269003
-0.029	3.0014729233614297
-0.028164076956588437	3.1115925047841797
-0.028	3.1400318243265786
-0.027204705103003875	3.181302160182311
-0.027	3.150821143823546
-0.026278012976678578	3.0774352745116174
-0.026	3.06409484603181
-0.025382887386132362	3.065789217883079
-0.025	3.089274724850398
-0.024518253059273465	3.143972754397784
-0.024	3.234746929394693
-0.023683071351724965	3.3067961330254154
-0.023	3.274201715655098
-0.022876338999150394	3.2461147806944033
-0.02209708691207961	3.1257286893736085
-0.022	3.117928694672857
-0.021344379011787432	3.109603459405193
-0.021	3.1371776063625667
-0.02061731110582648	3.194432773358409
-0.02	3.3470041360860368
-0.019915009801863465	3.3738956770571003
-0.019236631458514314	3.206272581963659
-0.019	3.1811217985180837
-0.018581361171917516	3.171554298353802
-0.018	3.2357784417017994
-0.017948411796828673	3.245963410692367
-0.017337023001060083	3.423710566401667
-0.017	3.567216174539989
-0.016746460352129577	3.696679241205619
-0.01617601443502152	3.354994426623192
-0.016	3.3487799954264865
-0.015625	3.375972717859325
-0.015092755139450714	3.5129180947327217
-0.015	3.5489048999967787
-0.01457864049276262	3.758412780524198
-0.014082038478294218	4.1027548349004395
-0.014	4.169781848249418
-0.013602352551501938	3.655868740677545
-0.013139006488339289	3.7099130922926595
-0.013	3.7515430886630967
-0.012691443693066181	3.8870704847967232
-0.012259126529636732	4.178376196606946
-0.012	4.410016418051881
-0.011841535675862483	4.572663597008858
-0.011438169499575197	3.822195313321142
-0.011048543456039806	3.872773720675975
-0.011	3.889093900982642
-0.010672189505893716	4.058922019361884
-0.01030865555291324	4.3702015268403445
-0.01	4.736372292482294
-0.009957504900931733	4.794076927200014
-0.009618315729257157	4.066099895730496
-0.009290680585958758	4.231043085808617
-0.009	4.501580448275881
-0.008974205898414337	4.53130422559235
-0.008668511500530041	4.954724510565366
-0.008373230176064788	5.487572226297427
-0.00808800721751076	4.536000603437767
-0.008	4.595130287477052
-0.0078125	4.77266924887947
-0.007546377569725352	5.146947855941014
-0.00728932024638131	5.645312408093741
-0.007041019239147109	6.252817375578525
-0.007	6.364890191454381
-0.006801176275750973	5.102257921808143
-0.0065695032441696445	5.372562557991088
-0.006345721846533087	5.783664282839012
-0.006129563264818366	6.321366423876621
-0.006	6.709137378660012
-0.005920767837931241	6.970045481877103
-0.005719084749787602	5.467654964109256
-0.005524271728019903	5.71635688472339
-0.005336094752946855	6.118148837721849
-0.00515432777645662	6.658440442203138
-0.005	7.233577427742954
-0.004978752450465866	7.321015778908725
-0.004809157864628582	5.992971309913559
-0.004645340292979379	6.346652206336138
-0.004487102949207166	6.853790281951471
-0.004334255750265021	7.497895304024138
-0.004186615088032394	8.261012922251833
-0.004044003608755383	6.723527355675516
-0.004	6.836137133805044
-0.00390625	7.136098823314593
-0.003773188784862676	7.70307182931242
-0.003644660123190655	8.406955121796594
-0.0035205096195735546	9.228615440147788
-0.0034005881378754866	7.448745483658002
-0.0032847516220848223	7.8602882745903555
-0.0031728609232665435	8.43227232299393
-0.003064781632409183	9.14625666703213
-0.003	9.648345734243602
-0.0029603839189656206	9.981926525286354
-0.002859542374893801	7.735662371081142
-0.0027621358640099515	8.090192266239324
-0.0026680473764734273	8.624568730100918
-0.00257716388822831	9.319163844044411
-0.002489376225232933	10.15194191088031
-0.002404578932314291	8.171968673481032
-0.0023226701464896895	8.641035385456894
-0.002243551474603583	9.288169126132072
-0.0021671278751325103	10.09079506787438
-0.002093307544016197	11.024376952999214
-0.0020220018043776915	8.796342991605142
-0.002	8.942410900779558
-0.001953125	9.325103349121267
-0.001886594392431338	10.033826609458336
-0.0018223300615953274	10.89697276870549
-0.0017602548097867773	11.887116933475996
-0.0017002940689377433	9.345807465812012
-0.0016423758110424111	9.862591397946176
-0.0015864304616332718	10.564366143631439
-0.0015323908162045916	11.423525003056382
-0.0014801919594828103	12.410856816725426
-0.0014297711874469005	9.312081157852601
-0.0013810679320049757	9.761700342182097
-0.0013340236882367136	10.417563979775231
-0.001288581944114155	11.24936101021974
-0.0012446881126164666	12.225276695193896
-0.0012022894661571455	9.490313678615749
-0.0011613350732448448	10.067106189978212
-0.0011217757373017914	10.841177267638352
-0.0010835639375662552	11.78018984044422
-0.0010466537720080985	12.850967703283384
-0.0010110009021888457	9.898266986305021
-0.001	10.083913377910172
-0.0009765625	10.558181313756279
-0.000943297196215669	11.408833480653405
-0.0009111650307976637	12.41488978810813
-0.0008801274048933886	13.540925656775144
-0.0008501470344688716	10.261003880592597
-0.0008211879055212056	10.907697557029504
-0.0007932152308166359	11.743901398152646
-0.0007661954081022958	12.7333192330323
-0.0007400959797414052	13.840042411150414
-0.0007148855937234502	9.953856422415345
-0.0006905339660024879	10.533235968497191
-0.0006670118441183568	11.318194574605535
-0.0006442909720570775	12.270913350213267
-0.0006223440563082333	13.354218941661191
-0.0006011447330785727	9.984604922719166
-0.0005806675366224224	10.679122924354639
-0.0005608878686508957	11.56720885665693
-0.0005417819687831276	12.610602741878038
-0.0005233268860040493	13.772031704006368
-0.0005055004510944229	10.314833517344626
-0.00048828125	11.08775915796493
-0.0004716485981078345	12.041907522591725
-0.00045558251539883185	13.137655521734153
-0.0004400637024466943	14.336962253841506
-0.0004250735172344358	10.568540186250173
-0.0004105939527606028	11.309834473051653
-0.00039660761540831794	12.22968920360893
-0.0003830977040511479	13.288627894987217
-0.0003700479898707026	14.449065439114175
-0.0003574427968617251	10.14371652026552
-0.00034526698300124393	10.801403568408912
-0.0003335059220591784	11.653094996799489
-0.00032214548602853873	12.658892113098796
-0.00031117202815411665	13.780793095814236
-0.00030057236653928637	10.052553557076362
-0.0002903337683112112	10.813291702024433
-0.00028044393432544786	11.756788423484544
-0.0002708909843915638	12.843328730208263
-0.00026166344300202464	14.035210118013149
-0.00025275022554721143	10.356695133151131
-0.000244140625	11.183639861081828
-0.00023582429905391725	12.179837020377917
-0.00022779125769941593	13.305142697506488
-0.00022003185122334716	14.521724963319887
-0.0002125367586172179	10.559387799682524
-0.0002052969763803014	11.340218114803312
-0.00019830380770415897	12.28864951227327
-0.00019154885202557394	13.36499264267274
-0.0001850239949353513	14.532081486851798
-0.00017872139843086256	10.090366378193927
-0.00017263349150062197	10.775836998558535
-0.0001667529610295892	11.6452492732279
-0.00016107274301426937	12.658784405942608
-0.00015558601407705832	13.779024732239613
-0.00015028618326964319	9.92803599725331
-0.0001451668841556056	10.708795307933606
-0.00014022196716272393	11.663131873988048
-0.0001354454921957819	12.751635217555716
-0.00013083172150101232	13.937311971422446
-0.00012637511277360572	10.226103179751696
-0.0001220703125	11.063189529236242
-0.00011791214952695862	12.060987539468364
-0.00011389562884970796	13.179949633378888
-0.00011001592561167358	14.383094255164655
-0.00010626837930860896	10.386215925831506
-0.0001026484881901507	11.17131934298569
-9.915190385207948e-5	12.11623898307906
-9.577442601278697e-5	13.18192220623128
-9.251199746767564e-5	14.332070454714378
-8.936069921543128e-5	9.899685900692862
-8.631674575031098e-5	10.58698471573171
-8.33764805147946e-5	11.45041135674885
-8.053637150713468e-5	12.45101435965817
-7.779300703852916e-5	13.552405427575831
-7.514309163482159e-5	9.713323272971337
-7.25834420778028e-5	10.491029038456992
-7.011098358136196e-5	11.435424674781041
-6.772274609789095e-5	12.507994952872654
-6.541586075050616e-5	13.67274955808208
-6.318755638680286e-5	10.000008977414987
-6.103515625e-5	10.83108143558193
-5.895607476347931e-5	11.816403831196931
-5.694781442485398e-5	12.917447154930887
-5.500796280583679e-5	14.098289075094012
-5.313418965430448e-5	10.156890130696183
-5.132424409507535e-5	10.934447756046776
-4.957595192603974e-5	11.865834573902719
-4.7887213006393486e-5	12.912997524639767
-4.625599873383782e-5	14.040660687213505
-4.468034960771564e-5	9.673156261071686
-4.315837287515549e-5	10.351336338310592
-4.16882402573973e-5	11.20007515352854
-4.026818575356734e-5	12.181383559615396
-3.889650351926458e-5	13.259842583031842
-3.7571545817410796e-5	9.488113216551186
-3.62917210389014e-5	10.255345233206642
-3.505549179068098e-5	11.183883642451407
-3.3861373048945474e-5	12.23621222259283
-3.270793037525308e-5	13.377329053844088
-3.159377819340143e-5	9.770777234525392
-3.0517578125e-5	10.588138116538918
-2.9478037381739656e-5	11.555032406668483
-2.8473907212426957e-5	12.633904930232335
-2.750398140291843e-5	13.789778260995377
-2.656709482715224e-5	9.92445200114607
-2.5662122047537674e-5	10.687798691499145
-2.478797596301987e-5	11.600576610735903
-2.3943606503196716e-5	12.6256716314535
-2.312799936691894e-5	13.728713850495796
-2.234017480385782e-5	9.446512486661028
-2.1579186437577746e-5	10.110626358166574
-2.084412012869865e-5	10.94096309119119
-2.0134092876783644e-5	11.900443482763876
-1.9448251759632314e-5	12.954522347919086
-1.8785772908705398e-5	9.270281837687602
-1.81458605194507e-5	10.018006997673977
-1.752774589534049e-5	10.92308685632123
-1.6930686524472717e-5	11.948808096561727
-1.635396518762656e-5	13.060925689071766
-1.5796889096700715e-5	9.538091112992044
-1.52587890625e-5	10.329669560258264
-1.4739018690869828e-5	11.267029968438287
-1.4236953606213478e-5	12.31343252282722
-1.3751990701459215e-5	13.434690394071762
-1.328354741357612e-5	9.657358644565514
-1.2831061023768837e-5	10.390256322343193
-1.2393987981509936e-5	11.26908905801585
-1.1971803251598358e-5	12.257637959991946
-1.156399968345947e-5	13.322388139574679
-1.117008740192891e-5	9.135407424659364
-1.0789593218788873e-5	9.766362957004958
-1.0422060064349325e-5	10.560343180308234
-1.0067046438391822e-5	11.48117119184403
-9.724125879816157e-6	12.49514622865063
-9.392886454352699e-6	8.943095541956051
-9.07293025972535e-6	9.660167338338928
-8.763872947670246e-6	10.530604747735389
-8.465343262236358e-6	11.518802242047903
-8.17698259381328e-6	12.591559134128131
-7.898444548350357e-6	9.20052134503495
-7.62939453125e-6	9.961088284412469
-7.369509345434914e-6	10.863656028790396
-7.118476803106739e-6	11.872669335766513
-6.875995350729607e-6	12.9550239573205
-6.64177370678806e-6	9.32074970170671
-6.4155305118844185e-6	10.02483929920976
-6.196993990754968e-6	10.871056074956922
-5.985901625799179e-6	11.824339778981273
-5.781999841729735e-6	12.852222924541
-5.585043700964455e-6	8.824038020077547
-5.3947966093944364e-6	9.428966495639429
-5.211030032174663e-6	10.192532931343374
-5.033523219195911e-6	11.079718685402977
-4.8620629399080785e-6	12.057876585159125
-4.6964432271763496e-6	8.632004510992786
-4.536465129862675e-6	9.321367828399298
-4.381936473835123e-6	10.159852543784643
-4.232671631118179e-6	11.113019000283389
-4.08849129690664e-6	12.148738519268537
-3.949222274175179e-6	8.88047152715913
-3.814697265625e-6	9.612207356066197
-3.684754672717457e-6	10.48206792838246
-3.5592384015533696e-6	11.45567842855609
-3.4379976753648036e-6	12.501008304502543
-3.32088685339403e-6	8.999201027212985
-3.2077652559422093e-6	9.67650474427903
-3.098496995377484e-6	10.492048000175235
-2.9929508128995895e-6	11.41192735728205
-2.8909999208648673e-6	12.4047185001855
-2.7925218504822275e-6	8.523475796635957
-2.6973983046972182e-6	9.104630598518483
-2.6055150160873313e-6	9.83996016860032
-2.5167616095979554e-6	10.695603418940866
-2.4310314699540393e-6	11.63996363270508
-2.3482216135881748e-6	8.334958256854744
-2.2682325649313374e-6	8.998139457904808
-2.1909682369175614e-6	9.80625951775425
-2.1163358155590896e-6	10.72601211993208
-2.04424564845332e-6	11.72630775972945
-1.9746111370875893e-6	8.574531800357624
-1.9073486328125e-6	9.278885879649463
-1.8423773363587285e-6	10.117549185563796
-1.7796192007766848e-6	11.05728642938995
-1.7189988376824018e-6	12.06710591979965
-1.660443426697015e-6	8.690722003983238
-1.6038826279711046e-6	9.34263700228768
-1.549248497688742e-6	10.128964456168173
-1.4964754064497947e-6	11.016920419585125
-1.4454999604324336e-6	11.976092785226143
-1.3962609252411138e-6	8.233979248720107
-1.3486991523486091e-6	8.792833956006668
-1.3027575080436657e-6	9.501474114522509
-1.2583808047989777e-6	10.32715802828664
-1.2155157349770196e-6	11.23930783932116
-1.1741108067940874e-6	8.050290161306107
-1.1341162824656687e-6	8.688545752918532
-1.0954841184587807e-6	9.467654767253276
-1.0581679077795448e-6	10.355404905871353
-1.02212282422666e-6	11.321709681269088
-9.873055685437947e-7	8.28118413405301
-9.5367431640625e-7	8.959385994617902
-9.211886681793642e-7	9.76816902989453
-8.898096003883424e-7	10.675395161341797
-8.594994188412009e-7	11.651074981857679
-8.302217133485075e-7	8.394334427330064
-8.019413139855523e-7	9.022006603618225
-7.74624248844371e-7	9.780352635973244
-7.482377032248974e-7	10.637667896339547
-7.227499802162168e-7	11.564518391293968
-6.981304626205569e-7	7.955115551007649
-6.743495761743046e-7	8.492775051900763
-6.513787540218328e-7	9.175938615921758
-6.291904023994889e-7	9.972943310145428
-6.077578674885098e-7	10.854195554365775
-5.870554033970437e-7	7.77670701349063
-5.670581412328344e-7	8.391113425447742
-5.477420592293904e-7	9.142393028454135
-5.290839538897724e-7	9.999389064832211
-5.1106141211333e-7	10.93298327872396
-4.936527842718973e-7	7.999175619068766
-4.76837158203125e-7	8.652307053122797
-4.605943340896821e-7	9.432384533301203
-4.449048001941712e-7	10.308327568325335
-4.2974970942060045e-7	11.25111428463246
-4.1511085667425373e-7	8.109069421053869
-4.0097065699277616e-7	8.713497233166118
-3.873121244221855e-7	9.44495407482502
-3.741188516124487e-7	10.272776505045089
-3.613749901081084e-7	11.168475686621093
-3.4906523131027844e-7	7.68628937069963
-3.371747880871523e-7	8.20367127349525
-3.256893770109164e-7	8.862389874210443
-3.1459520119974443e-7	9.631822686416683
-3.038789337442549e-7	10.483327103429616
-2.9352770169852185e-7	7.513240946498506
-2.835290706164172e-7	8.104762164458453
-2.738710296146952e-7	8.829280790203459
-2.645419769448862e-7	9.656659326446722
-2.55530706056665e-7	10.55871510462772
-2.4682639213594866e-7	7.7275547647177
-2.384185791015625e-7	8.356601545223384
-2.3029716704484106e-7	9.109051154191073
-2.224524000970856e-7	9.954843933885435
-2.1487485471030023e-7	10.865893011021711
-2.0755542833712687e-7	7.834126836931048
-2.0048532849638808e-7	8.4162194565862
-1.9365606221109274e-7	9.121788844850917
-1.8705942580622434e-7	9.92117709152518
-1.806874950540542e-7	10.786809358097592
-1.7453261565513922e-7	7.426935132381642
-1.6858739404357614e-7	7.924856197278366
-1.628446885054582e-7	8.560058684228308
-1.5729760059987222e-7	9.302924839706012
-1.5193946687212745e-7	10.125731610635409
-1.4676385084926092e-7	7.259179248486707
-1.417645353082086e-7	7.82870521844413
-1.369355148073476e-7	8.527454177653672
-1.322709884724431e-7	9.326273759054704
-1.277653530283325e-7	10.197886194887547
-1.2341319606797433e-7	7.465616115097647
-1.1920928955078125e-7	8.07149718387147
-1.1514858352242053e-7	8.797327301836354
-1.112262000485428e-7	9.614033244015305
-1.0743742735515011e-7	10.494432505294775
-1.0377771416856343e-7	7.5688810644151525
-1.0024266424819404e-7	8.129487478834564
-9.682803110554637e-8	8.810108387455173
-9.352971290311217e-8	9.582057856425259
-9.03437475270271e-8	10.418645527052991
-8.726630782756961e-8	7.176570773620979
-8.429369702178807e-8	7.65578615530611
-8.14223442527291e-8	8.268336178973778
-7.864880029993611e-8	8.985574266911536
-7.596973343606373e-8	9.780667184556787
-7.338192542463046e-8	7.013984398066279
-7.08822676541043e-8	7.562351624207757
-6.84677574036738e-8	8.236265587003588
-6.613549423622155e-8	9.007526706752094
-6.388267651416625e-8	9.849733019573494
-6.170659803398717e-8	7.212822295509792
-5.960464477539063e-8	7.796406135729172
-5.7574291761210265e-8	8.496572189704015
-5.56131000242714e-8	9.285201105205449
-5.371871367757506e-8	10.13598563998153
-5.188885708428172e-8	7.312835881032965
-5.012133212409702e-8	7.852760032325398
-4.8414015552773186e-8	8.5093238290488
-4.6764856451556086e-8	9.254781445103085
-4.517187376351355e-8	10.06329884519285
-4.3633153913784805e-8	6.93478919087129
-4.2146848510894035e-8	7.396011045106391
-4.071117212636455e-8	7.986725736667223
-3.9324400149968054e-8	8.679226013609838
-3.7984866718031864e-8	9.447540112510307
-3.669096271231523e-8	6.777230396105624
-3.544113382705215e-8	7.305233470940287
-3.42338787018369e-8	7.955202349169234
-3.3067747118110775e-8	8.69985935354521
-3.1941338257083125e-8	9.51365051228908
-3.085329901699358e-8	6.968742911862139
-2.9802322387695312e-8	7.530857084371737
-2.8787145880605133e-8	8.206271341667327
-2.78065500121357e-8	8.967789115464429
-2.685935683878753e-8	9.789950564783485
-2.594442854214086e-8	7.065581262418752
-2.506066606204851e-8	7.58559039588032
-2.4207007776386593e-8	8.218949469946214
-2.3382428225778043e-8	8.938822273047542
-2.2585936881756776e-8	9.720204074964238
-2.1816576956892402e-8	6.701237921259148
-2.1073424255447017e-8	7.14514474983871
-2.0355586063182276e-8	7.714804467521185
-1.9662200074984027e-8	8.383418680083244
-1.8992433359015932e-8	9.125849900319572
-1.8345481356157615e-8	6.548560393152933
-1.7720566913526073e-8	7.056958726785244
-1.711693935091845e-8	7.683834747928307
-1.6533873559055387e-8	8.402803020386388
-1.5970669128541563e-8	9.18913082861257
-1.542664950849679e-8	6.733014229616498
-1.4901161193847656e-8	7.274451119839192
-1.4393572940302566e-8	7.925988675952264
-1.390327500606785e-8	8.66132325416041
-1.3429678419393764e-8	9.455815607099547
-1.297221427107043e-8	6.826762805839943
-1.2530333031024255e-8	7.327592329422069
-1.2103503888193296e-8	7.938565205940737
-1.1691214112889021e-8	8.633725512949168
-1.1292968440878388e-8	9.388871789110684
-1.0908288478446201e-8	6.475602128055158
-1.0536712127723509e-8	6.902843772139496
-1.0177793031591138e-8	7.452197458727942
-9.831100037492013e-9	8.097744351679793
-9.496216679507966e-9	8.815155036103057
-9.172740678078808e-9	6.327660796513241
-8.860283456763037e-9	6.817182717951998
-8.558469675459224e-9	7.421784777764625
-8.266936779527694e-9	8.11594518756279
-7.985334564270781e-9	8.87572669192071
-7.713324754248396e-9	6.505314556575158
-7.450580596923828e-9	7.026834986809367
-7.196786470151283e-9	7.655337551512894
-6.951637503033925e-9	8.36538274703211
-6.714839209696882e-9	9.133126042693467
-6.486107135535215e-9	6.596062355689384
-6.2651665155121274e-9	7.0784188504890775
-6.051751944096648e-9	7.66779338328135
-5.845607056444511e-9	8.33908202835042
-5.646484220439194e-9	9.068861435251359
-5.454144239223101e-9	6.257593012462667
-5.268356063861754e-9	6.668793535954232
-5.088896515795569e-9	7.198561866143961
-4.915550018746007e-9	7.821830456713981
-4.748108339753983e-9	8.51505264563723
-4.586370339039404e-9	6.114246111203222
-4.430141728381518e-9	6.58559151692572
-4.279234837729612e-9	7.168707995947835
-4.133468389763847e-9	7.83890978055145
-3.992667282135391e-9	8.573030130500909
-3.856662377124198e-9	6.285349801534541
-3.725290298461914e-9	6.78768544155533
3.725290298461914e-9	12.38420756250335
3.856662377124198e-9	11.473197957996602
3.992667282135391e-9	14.885178519005583
4.133468389763847e-9	14.004505550285044
4.279234837729612e-9	13.075562839429521
4.430141728381518e-9	12.1219079848277
4.586370339039404e-9	11.170422597697524
4.748108339753983e-9	14.64467650264762
4.915550018746007e-9	13.74235399155587
5.088896515795569e-9	12.80385409227226
5.268356063861754e-9	11.853278593980871
5.454144239223101e-9	10.917556993730102
5.646484220439194e-9	15.134380787402069
5.845607056444511e-9	14.298226439200299
6.051751944096648e-9	13.41712980138399
6.2651665155121274e-9	12.512521963954667
6.486107135535215e-9	11.608816503423306
6.714839209696882e-9	15.465365198807834
6.951637503033925e-9	14.616890718316363
7.196786470151283e-9	13.71469498486893
7.450580596923828e-9	12.780392889027498
7.713324754248396e-9	11.839084255553264
7.985334564270781e-9	15.366792589884541
8.266936779527694e-9	14.45524848859202
8.558469675459224e-9	13.494326164153978
8.860283456763037e-9	12.508415515781259
9.172740678078808e-9	11.525345356943776
9.496216679507966e-9	15.117227820965827
9.831100037492013e-9	14.183302507511865
1.0177793031591138e-8	13.212518917749165
1.0536712127723509e-8	12.229825546028206
1.0908288478446201e-8	11.263097610432332
1.1292968440878388e-8	15.624168590066448
1.1691214112889021e-8	14.758644718519403
1.2103503888193296e-8	13.847181083286687
1.2530333031024255e-8	12.91196496176444
1.297221427107043e-8	11.978270696964222
1.3429678419393764e-8	15.966217424972523
1.390327500606785e-8	15.087938176079213
1.4393572940302566e-8	14.154642973911873
1.4901161193847656e-8	13.188712445250257
1.542664950849679e-8	12.216133800266842
1.5970669128541563e-8	15.863381824914695
1.6533873559055387e-8	14.919902643770458
1.711693935091845e-8	13.925924436364056
1.7720566913526073e-8	12.906698651431686
1.8345481356157615e-8	11.891034459912879
1.8992433359015932e-8	15.604408883564531
1.9662200074984027e-8	14.637792500027121
2.0355586063182276e-8	13.63363944417872
2.1073424255447017e-8	12.617774383850664
2.1816576956892402e-8	11.619051146760011
2.2585936881756776e-8	16.129171296005968
2.3382428225778043e-8	15.233264448077206
2.4207007776386593e-8	14.290411614447667
2.506066606204851e-8	13.323582711212303
2.594442854214086e-8	12.358942916238437
2.685935683878753e-8	16.482635446016594
2.78065500121357e-8	15.573524060109017
2.8787145880605133e-8	14.608083472516176
2.9802322387695312e-8	13.609486962615799
3.085329901699358e-8	12.604640225337775
3.1941338257083125e-8	16.375348735053162
3.3067747118110775e-8	15.398837600817288
3.42338787018369e-8	14.370695031608236
3.544113382705215e-8	13.317064192738757
3.669096271231523e-8	12.267768796700821
3.7984866718031864e-8	16.106608115956778
3.9324400149968054e-8	15.106178429516223
4.071117212636455e-8	14.067537214569864
4.2146848510894035e-8	13.017415662440996
4.3633153913784805e-8	11.985680063847404
4.517187376351355e-8	16.64978064023819
4.6764856451556086e-8	15.722446548320542
4.8414015552773186e-8	14.747152349348273
5.012133212409702e-8	13.747677829315453
5.188885708428172e-8	12.751109933046196
5.371871367757506e-8	17.015011613336842
5.56131000242714e-8	16.07401075355688
5.7574291761210265e-8	15.075349484688443
5.960464477539063e-8	14.043021418799661
6.170659803398717e-8	13.004882699150762
6.388267651416625e-8	16.903074322721984
6.613549423622155e-8	15.892403108208995
6.84677574036738e-8	14.828957143291012
7.08822676541043e-8	13.739802322936802
7.338192542463046e-8	12.655812028125283
7.596973343606373e-8	16.624190708511872
7.864880029993611e-8	15.588792786343088
8.14223442527291e-8	14.514512903957748
8.429369702178807e-8	13.429019907483799
8.726630782756961e-8	12.363227238739144
9.03437475270271e-8	17.186350302713695
9.352971290311217e-8	16.226516073663095
9.682803110554637e-8	15.217700589412903
1.0024266424819404e-7	14.184521405101924
1.0377771416856343e-7	13.155018880327681
1.0743742735515011e-7	17.563691651803797
1.112262000485428e-7	16.589717513797236
1.1514858352242053e-7	15.556734433251785
1.1920928955078125e-7	14.489584644623937
1.2341319606797433e-7	13.417107377761702
1.277653530283325e-7	17.446890360020827
1.322709884724431e-7	16.400903898394812
1.369355148073476e-7	15.300989022564323
1.417645353082086e-7	14.175166045938768
1.4676385084926092e-7	13.05539388856876
1.5193946687212745e-7	17.15746900661109
1.5729760059987222e-7	16.085918503295265
1.628446885054582e-7	14.974820495557033
1.6858739404357614e-7	13.852813175989748
1.7453261565513922e-7	12.751892378509314
1.806874950540542e-7	17.739152618783333
1.8705942580622434e-7	16.745721931702757
1.9365606221109274e-7	15.702282644307338
2.0048532849638808e-7	14.634318402244817
2.0755542833712687e-7	13.570855023167105
2.1487485471030023e-7	18.12892428412527
2.224524000970856e-7	17.120874413246494
2.3029716704484106e-7	16.052450352195315
2.384185791015625e-7	14.949371524634493
2.4682639213594866e-7	13.841493155948166
2.55530706056665e-7	18.00702769451663
2.645419769448862e-7	16.92455288904516
2.738710296146952e-7	15.786985805990504
2.835290706164172e-7	14.623333182853706
2.9352770169852185e-7	13.466675676752061
3.038789337442549e-7	17.706646126834926
3.1459520119974443e-7	16.597736281155616
3.256893770109164e-7	15.448617802286337
3.371747880871523e-7	14.288930030950088
3.4906523131027844e-7	13.151786414628491
3.613749901081084e-7	18.308296818608387
3.741188516124487e-7	17.28016095605252
3.873121244221855e-7	16.200983599890307
4.0097065699277616e-7	15.09714272208143
4.1511085667425373e-7	13.998681379989842
4.2974970942060045e-7	18.710767237685857
4.449048001941712e-7	17.667536772264093
4.605943340896821e-7	16.562550582063764
4.76837158203125e-7	15.422433440535837
4.936527842718973e-7	14.278088924512053
5.1106141211333e-7	18.583520548512183
5.290839538897724e-7	17.463384845749946
5.477420592293904e-7	16.286981964406905
5.670581412328344e-7	15.08433666966022
5.870554033970437e-7	13.889687051337805
6.077578674885098e-7	18.271708777918818
6.291904023994889e-7	17.124224078035184
6.513787540218328e-7	15.935871622400384
6.743495761743046e-7	14.737322928958488
6.981304626205569e-7	13.562843135861053
7.227499802162168e-7	18.893576556397907
7.482377032248974e-7	17.829636676996255
7.74624248844371e-7	16.713617049845116
8.019413139855523e-7	15.572817106820626
8.302217133485075e-7	14.438327351258074
8.594994188412009e-7	19.30891536808305
8.898096003883424e-7	18.229429599751857
9.211886681793642e-7	17.08679012783115
9.5367431640625e-7	15.908553460432758
9.873055685437947e-7	14.726701688700606
1.02212282422666e-6	19.176033575184288
1.0581679077795448e-6	18.017101079824226
1.0954841184587807e-6	16.800712416022005
1.1341162824656687e-6	15.557940184424368
1.1741108067940874e-6	14.32421349842477
1.2155157349770196e-6	18.85222663503773
1.2583808047989777e-6	17.664968040035518
1.3027575080436657e-6	16.436178337937363
1.3486991523486091e-6	15.197589811306573
1.3962609252411138e-6	13.98465007673021
1.4454999604324336e-6	19.49419515704025
1.4964754064497947e-6	18.39340583862683
1.549248497688742e-6	17.239492333219477
1.6038826279711046e-6	16.060699581954204
1.660443426697015e-6	14.88919159920572
1.7189988376824018e-6	19.922401018730543
1.7796192007766848e-6	18.805678813631935
1.8423773363587285e-6	17.624386794083364
1.9073486328125e-6	16.407035138151876
1.9746111370875893e-6	15.18670923884845
2.04424564845332e-6	19.78356611737955
2.1163358155590896e-6	18.584805823278785
2.1909682369175614e-6	17.32737851889752
2.2682325649313374e-6	16.043430075942023
2.3482216135881748e-6	14.769609170225726
2.4310314699540393e-6	19.4469911723993
2.5167616095979554e-6	18.218820322660036
2.6055150160873313e-6	16.948437693927627
2.6973983046972182e-6	15.668659586004438
2.7925218504822275e-6	14.416139797665139
2.8909999208648673e-6	20.10832197210241
2.9929508128995895e-6	18.969773540714982
3.098496995377484e-6	17.77704759268365
3.2077652559422093e-6	16.559351922152935
3.32088685339403e-6	15.349941255320475
3.4379976753648036e-6	20.549151427081412
3.5592384015533696e-6	19.394423449911745
3.684754672717457e-6	18.17368611922275
3.814697265625e-6	16.916415891011813
3.949222274175179e-6	15.656815113591852
4.08849129690664e-6	20.40403988709827
4.232671631118179e-6	19.164647112059683
4.381936473835123e-6	17.865337858607262
4.536465129862675e-6	16.539348281482976
4.6964432271763496e-6	15.224565569975214
4.8620629399080785e-6	20.053461597326127
5.033523219195911e-6	18.783375403532702
5.211030032174663e-6	17.470359094015823
5.3947966093944364e-6	16.14832787405085
5.585043700964455e-6	14.855153917086
5.781999841729735e-6	20.732655754378705
5.985901625799179e-6	19.555723489818007
6.196993990754968e-6	18.32354822917765
6.4155305118844185e-6	17.06630646620836
6.64177370678806e-6	15.818345452591942
6.875995350729607e-6	21.185750694547888
7.118476803106739e-6	19.992660497436244
7.369509345434914e-6	18.732086619972733
7.62939453125e-6	17.43446843849982
7.898444548350357e-6	16.135120066167595
8.17698259381328e-6	21.034189258624597
8.465343262236358e-6	19.753771525214283
8.763872947670246e-6	18.412120927271108
9.07293025972535e-6	17.043570075783506
9.392886454352699e-6	15.687251906981732
9.724125879816157e-6	20.667368992354373
1.0067046438391822e-5	19.35461968335482
1.0422060064349325e-5	17.998183568450926
1.0789593218788873e-5	16.633088260008915
1.117008740192891e-5	15.298430679142541
1.156399968345947e-5	21.364144670192204
1.1971803251598358e-5	20.148709276259776
1.2393987981509936e-5	18.876960488374387
1.2831061023768837e-5	17.58004003465281
1.328354741357612e-5	16.29337475786778
1.3751990701459215e-5	21.8308514912825
1.4236953606213478e-5	20.59962521638417
1.4739018690869828e-5	19.299379857844382
1.52587890625e-5	17.96149906807144
1.5796889096700715e-5	16.622384707648617
1.635396518762656e-5	21.67361634780151
1.6930686524472717e-5	20.352129490407922
1.752774589534049e-5	18.96796502664322
1.81458605194507e-5	17.556548537843298
1.8785772908705398e-5	16.158250335095317
1.9448251759632314e-5	21.285570249652903
2.0134092876783644e-5	19.929074741388995
2.084412012869865e-5	18.52799250471685
2.1579186437577746e-5	17.11842640266412
2.234017480385782e-5	15.740621408810043
2.312799936691894e-5	21.93716145008962
2.3943606503196716e-5	20.67925145444468
2.478797596301987e-5	19.36428915001784
2.5662122047537674e-5	18.024465835434032
2.656709482715224e-5	16.69633408983474
2.750398140291843e-5	22.346187039025175
2.8473907212426957e-5	21.07330847584337
2.9478037381739656e-5	19.731209604636902
3.0517578125e-5	18.352337412902713
3.159377819340143e-5	16.97422015447942
3.270793037525308e-5	22.122671738509435
3.3861373048945474e-5	20.761800098796584
3.505549179068098e-5	19.338897026091463
3.62917210389014e-5	17.89042010753429
3.7571545817410796e-5	16.457818972634954
3.889650351926458e-5	21.677113334869162
4.026818575356734e-5	20.284865378368835
4.16882402573973e-5	18.84929803154892
4.315837287515549e-5	17.40758642232477
4.468034960771564e-5	16.001157821782233
4.625599873383782e-5	22.335921548189397
4.7887213006393486e-5	21.045628795594308
4.957595192603974e-5	19.699366090337556
5.132424409507535e-5	18.33028372509339
5.313418965430448e-5	16.976003518596258
5.500796280583679e-5	22.738303123235667
5.694781442485398e-5	21.43296521088433
5.895607476347931e-5	20.059347781750745
6.103515625e-5	18.650869112040255
6.318755638680286e-5	17.246157421975738
6.541586075050616e-5	22.480641638364773
6.772274609789095e-5	21.08522503645517
7.011098358136196e-5	19.62930465916
7.25834420778028e-5	18.150464343283264
7.514309163482159e-5	16.691399903378368
7.779300703852916e-5	21.97359237686323
8.053637150713468e-5	20.545249308396414
8.33764805147946e-5	19.076350701728067
8.631674575031098e-5	17.605257538199403
8.936069921543128e-5	16.174685581923036
9.251199746767564e-5	22.634079385209294
9.577442601278697e-5	21.3128740986648
9.915190385207948e-5	19.938370675454834
0.0001026484881901507	18.544752590443302
0.00010626837930860896	17.170776433452506
0.00011001592561167358	23.018722886817557
0.00011389562884970796	21.682739099449083
0.00011791214952695862	20.281059669438374
0.0001220703125	18.848179456747783
0.00012637511277360572	17.42394497914489
0.00013083172150101232	22.70418392905068
0.0001354454921957819	21.276223890751695
0.00014022196716272393	19.79162952023943
0.0001451668841556056	18.28946433512663
0.00015028618326964319	16.814086512635313
0.00015558601407705832	22.199694461744407
0.00016107274301426937	20.737038392398787
0.0001667529610295892	19.238564687666255
0.00017263349150062197	17.743987392697754
0.00017872139843086256	16.29749588603431
0.0001850239949353513	22.832396726884227
0.00019154885202557394	21.47947865728986
0.00019830380770415897	20.0783651979993
0.0002052969763803014	18.664792445688413
0.0002125367586172179	17.2793006986387
0.00022003185122334716	23.229637668882678
0.00022779125769941593	21.859775981865894
0.00023582429905391725	20.42989051618378
0.000244140625	18.97627183917922
0.00025275022554721143	17.540808727501965
0.00026166344300202464	22.91644466887129
0.0002708909843915638	21.452253718796204
0.00028044393432544786	19.93869612693681
0.0002903337683112112	18.416710027594828
0.00030057236653928637	16.93266246830915
0.00031117202815411665	22.306599794929067
0.00032214548602853873	20.803045019919168
0.0003335059220591784	19.27270962677679
0.00034526698300124393	17.757669561281574
0.0003574427968617251	16.304731011710505
0.0003700479898707026	22.90354497824385
0.0003830977040511479	21.509923735193674
0.00039660761540831794	20.079100229258213
0.0004105939527606028	18.64920148971637
0.0004250735172344358	17.263271785564314
0.0004400637024466943	23.195284569058124
0.00045558251539883185	21.786796631028828
0.0004716485981078345	20.33144927367146
0.00048828125	18.868116518490375
0.0005055004510944229	17.441362104902275
0.0005233268860040493	22.740595623183967
0.0005417819687831276	21.244658181957824
0.0005608878686508957	19.71576500623928
0.0005806675366224224	18.197724857293885
0.0006011447330785727	16.739686149518736
0.0006223440563082333	21.86462354445757
0.0006442909720570775	20.32837810627725
0.0006670118441183568	18.787011038988293
0.0006905339660024879	17.2859430589265
0.0007148855937234502	15.875240015521033
0.0007400959797414052	22.296336882883487
0.0007661954081022958	20.881921217712485
0.0007932152308166359	19.45461306464923
0.0008211879055212056	18.055582198133038
0.0008501470344688716	16.730542836057378
0.0008801274048933886	22.333426916552035
0.0009111650307976637	20.913711702301267
0.000943297196215669	19.475024549339345
0.0009765625	18.058966339974603
0.001	17.126794798789888
0.0010110009021888457	16.71211824484638
0.0010466537720080985	21.547000768960718
0.0010835639375662552	20.06151469985472
0.0011217757373017914	18.576687706939992
0.0011613350732448448	17.138538696149386
0.0012022894661571455	15.79714492330405
0.0012446881126164666	20.423639479482734
0.001288581944114155	18.91714508340382
0.0013340236882367136	17.4454408529314
0.0013810679320049757	16.05569284728176
0.0014297711874469005	14.798098963831155
0.0014801919594828103	20.585139175136316
0.0015323908162045916	19.210953369078265
0.0015864304616332718	17.863658412227764
0.0016423758110424111	16.584817394272036
0.0017002940689377433	15.418534565424586
0.0017602548097867773	20.38832492116571
0.0018223300615953274	19.01916781992123
0.001886594392431338	17.672290956649853
0.001953125	16.388372772279844
0.002	15.568251739337505
0.0020220018043776915	15.210612617728096
0.002093307544016197	19.48393521629626
0.0021671278751325103	18.076711927135975
0.002243551474603583	16.710616189551793
0.0023226701464896895	15.427480849992925
0.002404578932314291	14.27028022248032
0.002489376225232933	18.15076617468512
0.00257716388822831	16.755546699510145
0.0026680473764734273	15.43630241622133
0.0027621358640099515	14.234186891864187
0.002859542374893801	13.190050147316857
0.0029603839189656206	18.189553469287183
0.003	17.69151164545604
0.003064781632409183	16.90433485383487
0.0031728609232665435	15.680480615898103
0.0032847516220848223	14.552240338556324
0.0034005881378754866	13.553439678948452
0.0035205096195735546	17.679779639779863
0.003644660123190655	16.398781504937638
0.003773188784862676	15.17306413910088
0.00390625	14.035208390137973
0.004	13.323954989712359
0.004044003608755383	13.017663228818575
0.004186615088032394	16.43577447806745
0.004334255750265021	15.141235110913478
0.004487102949207166	13.91663728224037
0.004645340292979379	12.794547372849747
0.004809157864628582	11.80677291038434
0.004978752450465866	14.886102675880846
0.005	14.72986064195861
0.00515432777645662	13.64919561049418
0.005336094752946855	12.509903536493127
0.005524271728019903	11.496876779931743
0.005719084749787602	10.636769660201232
0.005920767837931241	14.580935817838471
0.006	14.129854331288021
0.006129563264818366	13.42462529088641
0.006345721846533087	12.345612156411333
0.0065695032441696445	11.368121447357396
0.006801176275750973	10.515444062027473
0.007	13.930015408115096
0.007041019239147109	13.732624403754043
0.00728932024638131	12.594107436438925
0.007546377569725352	11.528327754807279
0.0078125	10.559204732858715
0.008	9.963890578292116
0.00808800721751076	9.710284454154559
0.008373230176064788	12.353241940668983
0.008668511500530041	11.24234316282086
0.008974205898414337	10.216973324201836
0.009	10.136637305087778
0.009290680585958758	9.300904034921647
0.009618315729257157	8.517098633699252
0.009957504900931733	10.872633044481919
0.01	10.742796236380201
0.01030865555291324	9.854569631130445
0.010672189505893716	8.937293693543607
0.011	8.2344756973778
0.011048543456039806	8.140602473539959
0.011438169499575197	7.483320463380998
0.011841535675862483	10.522369736447413
0.012	10.148833803789312
0.012259126529636732	9.571617099083404
0.012691443693066181	8.705805455928274
0.013	8.165246070382166
0.013139006488339289	7.9433368675683935
0.013602352551501938	7.3023014784389435
0.014	9.809071809709396
0.014082038478294218	9.647063622689341
0.01457864049276262	8.727019201310998
0.015	8.03233720020185
0.015092755139450714	7.890469430874876
0.015625	7.1560339578077015
0.016	6.721798726995348
0.01617601443502152	6.542083532853934
0.016746460352129577	8.477600350978738
0.017	8.094541240206071
0.017337023001060083	7.617645325212405
0.017948411796828673	6.8501378386460985
0.018	6.7912724449667605
0.018581361171917516	6.192608161899642
0.019	5.835788372714571
0.019236631458514314	5.661711167831203
0.019915009801863465	7.3080723145246385
0.02	7.210157242531992
0.02061731110582648	6.550685059484599
0.021	6.18819764744749
0.021344379011787432	5.8927197322140525
0.022	5.411202898660991
0.02209708691207961	5.34894500115721
0.022876338999150394	4.93347053805252
0.023	4.881222107645367
0.023683071351724965	7.048827524272477
0.024	6.771085662558339
0.024518253059273465	6.349395376795168
0.025	5.994234862178244
0.025382887386132362	5.737637997769641
0.026	5.3724382947419205
0.026278012976678578	5.227511692835763
0.027	4.908001186269653
0.027204705103003875	4.8322826537044365
0.028	6.506420618081223
0.028164076956588437	6.388283974288256
0.029	5.829076423133007
0.02915728098552524	5.731958936138801
0.03	5.256143857462127
0.03018551027890143	5.161576095625573
0.031	4.790214220079109
0.03125	4.690588083447191
0.032	4.432107062014778
0.03235202887004304	4.3315546314695945
0.033	4.180684548457633
0.03349292070425915	5.570564298611363
0.034	5.305467299936548
0.034674046002120165	4.982668038499689
0.035	4.8388000836583736
0.03589682359365735	4.484422143271267
0.036	4.44756291112629
0.037	4.132099627380002
0.03716272234383503	4.087908619977399
0.038	3.891820130918924
0.03847326291702863	3.803896584074325
0.039	3.7251259556514347
0.03983001960372693	4.849101986677572
0.04	4.783609146479174
0.041	4.429013469820359
0.04123462221165296	4.353435538452375
0.042	4.127028368431487
0.042688758023574865	3.94958377257083
0.043	3.877534138168955
0.044	3.680019583056172
0.04419417382415922	3.647622154829411
0.045	3.5335469203144774
0.04575267799830079	3.456131230112808
0.046	3.436702505478979
0.047	4.774312642016239
0.04736614270344993	4.6609436531467185
0.048	4.475253034439129
0.049	4.209673739372419
0.04903650611854693	4.200613871725879
0.05	3.9776835026028277
0.050765774772264724	3.822697421909188
0.051	3.7792016320355204
0.052	3.613947837374229
0.052556025953357156	3.536263641970248
0.053	3.4814272621405737
0.054	3.3809128861320885
0.05440941020600775	3.3487780418048647
0.055	3.3114276762742807
0.056	4.2423657381700925
0.05632815391317687	4.16561446784732
0.057	4.016137508365511
0.058	3.812743945548606
0.05831456197105048	3.753487011840893
0.059	3.6321796095236474
0.06	3.4743424262344784
0.06037102055780286	3.421524639762076
0.061	3.3390305297086442
0.062	3.2259378281386457
0.0625	3.1775982622808514
0.063	3.1346488635107885
0.064	3.0646335713923953
0.06470405774008609	3.027754124137055
0.065	3.015242560492069
0.066	2.98570351932973
0.0669858414085183	3.621811905422871
0.067	3.619474226721131
0.068	3.462397912772662
0.069	3.3211278707032785
0.06934809200424033	3.2756484977139455
0.07	3.1955859755586187
0.071	3.0856495710240703
0.0717936471873147	3.0093960549706034
0.072	2.991149966294502
0.073	2.911870466539594
0.074	2.847544102282836
0.07432544468767006	2.8297826042600502
0.075	2.7978512339915893
0.076	2.7624172143974497
0.07694652583405726	2.7416235745075768
0.077	2.740810292237861
0.078	2.732539937022855
0.079	3.357283381506906
0.07966003920745386	3.282891398221385
0.08	3.246382470926032
0.081	3.1460700842814253
0.082	3.056232430969879
0.08246924442330592	3.0176497836357132
0.083	2.9767338701266315
0.084	2.9074164647848777
0.085	2.8480994166290534
0.08537751604714973	2.828265213989826
0.086	2.798578432850932
0.087	2.7586250777273493
0.088	2.7279861615703154
0.08838834764831845	2.7185396795965335
0.089	2.706383218658278
0.09	2.6935121236581487
0.091	2.6890428929222567
0.09150535599660158	2.6898681431497966
0.092	2.6926197129389493
0.093	2.703861233193296
0.094	3.218181054835711
0.09473228540689986	3.1557457652535703
0.095	3.133818625045559
0.096	3.056140324382456
0.097	2.9850745764700575
0.098	2.9205395136712387
0.09807301223709386	2.916081050616527
0.099	2.8624429383154526
0.1	2.8106822604716273
0.101	2.7651444238429823
0.10153154954452945	2.7434297698160997
0.102	2.7257058314174167
0.103	2.6922322823921525
0.104	2.6645789316078985
0.105	2.642590282280303
0.10511205190671431	2.6404721612090643
0.106	2.6261002222115963
0.107	2.6149321129103993
0.108	2.608898940152235
0.1088188204120155	2.6076449134047714
0.109	2.6078035334881497
0.11	2.61143886106655
0.111	2.6195884048882405
0.112	2.891566952045919
0.11265630782635375	2.853038367660889
0.113	2.8336229905347534
0.114	2.7800845823917832
0.115	2.730896886119189
0.116	2.6860004609341686
0.11662912394210095	2.65992559700265
0.117	2.645331305393448
0.118	2.608820888811057
0.119	2.576396178140174
0.12	2.547979662992827
0.12074204111560571	2.5294358188841506
0.121	2.52348938144655
0.122	2.5028389492358527
0.123	2.485937594848978
0.124	2.472690202948162
0.125	2.4629973684053854
0.125	2.4629973684053854
0.126	2.4567554630966906
0.127	2.4538567174278008
0.128	2.454189318373616
0.129	2.457637525605665
0.12940811548017217	2.459912577112121
0.13	2.4640818070566874
0.131	2.47339899503198
0.132	2.4854624637252014
0.133	2.6797859325808853
0.13397168281703664	2.6440710209667655
0.134	2.643070339051029
0.135	2.609175303452599
0.136	2.578058310128114
0.137	2.5496749781040924
0.138	2.5239790902067867
0.1386961840084806	2.507651353634352
0.139	2.5009226188036235
0.14	2.4804557488617807
0.141	2.4625268990213125
0.142	2.447082741381439
0.143	2.4340682206952757
0.1435872943746294	2.4275345830536303
0.144	2.4234265736603784
0.145	2.4150993489801458
0.146	2.409026428854485
0.147	2.4051460525372645
0.148	2.4033948425731237
0.14865088937534013	2.403368165358613
0.149	2.4037078342972658
0.15	2.406018509149119
0.151	2.4102588323143426
0.152	2.416359295169751
0.153	2.424248962962544
0.1538930516681145	2.432748339103449
0.154	2.433855528108978
0.155	2.445105369448479
0.156	2.4579236177374835
0.157	2.4722342276132774
0.158	2.6444156516026114
0.159	2.6193164041416037
0.15932007841490778	2.6116162302311183
0.16	2.595789296466284
0.161	2.573804546622676
0.162	2.553331907604187
0.163	2.5343406871087426
0.164	2.516799765758293
0.16493848884661177	2.5016289485665686
0.165	2.5006776139461984
0.166	2.4859423074796796
0.167	2.472561542185337
0.168	2.460502647645946
0.169	2.44973260023615
0.17	2.440218035623411
0.17075503209429946	2.4338455690055656
0.171	2.431925260898578
0.172	2.42482026649776
0.173	2.418868738073785
0.174	2.414036068471417
0.175	2.410287369955761
0.176	2.407587486837773
0.1767766952966369	2.406191552156995
0.177	2.4059010086346833
0.178	2.405192283896322
0.179	2.4054254348208985
0.18	2.406564372775697
0.181	2.4085728148294807
0.182	2.4114143013941174
0.183	2.415052215063129
0.18301071199320315	2.415095362479978
0.184	2.4194498007245158
0.185	2.424570187014394
0.186	2.4303764091667057
0.187	2.436831433302601
0.188	2.482656015471383
0.189	2.4611381980012363
0.18946457081379978	2.451450665800478
0.19	2.440526136528499
0.191	2.4208052873366497
0.192	2.4019610222521264
0.193	2.383978635087706
0.194	2.3668433473489316
0.195	2.3505403132456046
0.196	2.335054624051808
0.19614602447418766	2.3328608296129403
0.197	2.320371311859196
0.198	2.3064753527693744
0.199	2.293351669572279
0.2	2.280985133958226
0.201	2.269360568312104
0.202	2.2584627471386467
0.203	2.2482763981682337
0.2030630990890589	2.247657158734377
0.204	2.2387862031927885
0.205	2.2299767986815486
0.206	2.2218327762262833
0.207	2.214338682865357
0.208	2.207479021335573
0.209	2.2012382503001313
0.21	2.1956007846002703
0.21022410381342863	2.1944185699090464
0.211	2.190550995577192
0.212	2.186073211509756
0.213	2.1821517182121237
0.214	2.1787707598340336
0.215	2.17591453990478
0.216	2.1735672226601084
0.217	2.1717129346893023
0.217637640824031	2.1707806805066108
0.218	2.1703357669375594
0.219	2.169419777096488
0.22	2.168948992413115
0.221	2.1689074129451957
0.222	2.169279015287944
0.223	2.2163559940633726
0.224	2.1991646312586424
0.225	2.1825057236020045
0.22531261565270758	2.1774059356834026
0.226	2.166371707707083
0.227	2.150755070069555
0.228	2.1356483493873486
0.229	2.1210441385149785
0.23	2.1069350860631704
0.231	2.093313897655454
0.232	2.0801733368539153
0.233	2.067506225766794
0.23325824788420185	2.064311020481391
0.234	2.0553054453510864
0.235	2.04356393542371
0.236	2.0322746943952352
0.237	2.0214307787405574
0.238	2.011025302221197
0.239	2.0010514348742867
0.24	1.9915024017835423
0.241	1.982371481647779
0.24148408223121143	1.9780995697265813
0.242	1.973652005162764
0.243	1.9653373532323528
0.244	1.9574209550250123
0.245	1.9498962858919426
0.246	1.9427568651630773
0.247	1.9359962538372586
0.248	1.9296080521828973
0.249	1.9235858972653697
0.25	1.9179234604173043
0.25	1.9179234604173043
0.251	1.912614444667807
0.252	1.9076525821464891
0.253	1.9030316314779596
0.254	1.8987453751821943
0.255	1.894787617095922
0.256	1.8911521798298097
0.257	1.887832902275902
0.258	1.8848236371793363
0.25881623096034434	1.8825929032513045
0.259	1.8821182487879322
0.26	1.8797106105927734
0.261	1.8775946031723763
0.262	1.8757641121525124
0.263	1.8742130262931607
0.264	1.8729352357134486
0.265	1.8719246302648092
0.266	1.9360984994105372
0.267	1.9226368902569524
0.2679433656340733	1.9102271950732923
0.268	1.9094910846834106
0.269	1.8966586608359843
0.27	1.8841372669791092
0.271	1.871924620255416
0.272	1.8600185052651816
0.273	1.8484167724702847
0.274	1.8371173364277746
0.275	1.8261181738583498
0.276	1.815417321555255
0.277	1.805012874139287
0.2773923680169612	1.8010110630405813
0.278	1.794902981665788
0.279	1.7850858470896809
0.28	1.7755597235947862
0.281	1.7663229117937984
0.282	1.7573737568055001
0.283	1.7487106452158856
0.284	1.7403320019300752
0.285	1.732236286921971
0.286	1.7244219918887795
0.287	1.7168876368176176
0.2871745887492588	1.715600818326549
0.288	1.709631766471535
0.289	1.7026529468023859
0.29	1.6959497612980694
0.291	1.6895208072717347
0.292	1.683364692100631
0.293	1.6774800294223189
0.294	1.6718654352960278
0.295	1.6665195243369757
0.296	1.661440905831488
0.297	1.6566281798407831
0.29730177875068026	1.6552278166822465
0.298	1.6520799333012797
0.299	1.647794736129292
0.3	1.6437711373379436
0.301	1.6400076611741192
0.302	1.6365028032832143
0.303	1.633255026909407
0.304	1.6302627591390981
0.305	1.6275243871950915
0.306	1.6250382547890128
0.307	1.6228026585393391
0.307786103336229	1.6212199912896317
0.308	1.62081584446232
0.309	1.6190760045429426
0.31	1.6175812733929518
0.311	1.6163297250027946
0.312	1.6153193695942
0.313	1.6145481505799355
0.314	1.6140139416370953
0.315	1.613714543900096
0.316	1.8024416248771828
0.317	1.792416020678784
0.318	1.7826195431835195
0.31864015682981556	1.7764679340203982
0.319	1.7730508620862329
0.32	1.763708628448696
0.321	1.7545914738678041
0.322	1.7456980096509194
0.323	1.7370268260004575
0.324	1.728576491209749
0.325	1.720345550872187
0.326	1.7123325271056333
0.327	1.7045359177940165
0.328	1.6969541958480145
0.329	1.6895858084866777
0.32987697769322355	1.68329823294839
0.33	1.6824291765417847
0.331	1.6754826937866971
0.332	1.6687447262914208
0.333	1.6622136118055186
0.334	1.6558876591704919
0.335	1.6497651477631603
0.336	1.6438443269715415
0.337	1.6381234157046545
0.338	1.6326006019376134
0.339	1.627274042293325
0.34	1.6221418616620218
0.341	1.6172021528598184
0.3415100641885989	1.6147560843724822
0.342	1.6124529763273907
0.343	1.6078923598698307
0.344	1.603518298438638
0.345	1.599328753956756
0.346	1.5953216551874894
0.347	1.591494897648046
0.348	1.5878463435684051
0.349	1.5843738218961119
0.35	1.5810751283475364
0.351	1.5779480255060703
0.352	1.5749902429676261
0.353	1.5721994775337735
0.3535533905932738	1.5707260276321746
0.354	1.5695733934527254
0.355	1.5671096227083492
0.356	1.5648057653572727
0.357	1.5626593899140957
0.358	1.5606680337846393
0.359	1.5588292037470735
0.36	1.5571403764807281
0.361	1.5555989991422505
0.362	1.55420248998878
0.363	1.552948239047668
0.364	1.5518336088322304
0.365	1.5508559351029503
0.366	1.5500125276734633
0.3660214239864063	1.549995907623093
0.367	1.5493006712605957
0.368	1.5487176263776534
0.369	1.5482606302701023
0.37	1.5479268978926952
0.371	1.5477136229270543
0.372	1.547617978838647
0.373	1.5476371199720276
0.374	1.5477681826831682
0.375	1.5480082865076286
0.376	1.568016046435075
0.377	1.5603679269712063
0.378	1.552879987619424
0.37892914162759955	1.5460656368030452
0.379	1.5455515976475538
0.38	1.5383821145618208
0.381	1.5313708838542512
0.382	1.524517238753361
0.383	1.5178204999785647
0.384	1.5112799754987352
0.385	1.5048949602953317
0.386	1.4986647361305128
0.387	1.4925885713206448
0.388	1.486665720515593
0.389	1.4808954244842005
0.39	1.4752769099063285
0.391	1.4698093891718345
0.392	1.4644920601868525
0.3922920489483753	1.4629673592842138
0.393	1.459324106187737
0.394	1.454304695563002
0.395	1.449432981683614
0.396	1.4447081027419457
0.397	1.4401291815997141
0.398	1.4356953256452152
0.399	1.4314056266601392
0.4	1.4272591606962597
0.401	1.4232549879622631
0.402	1.4193921527209863
0.403	1.4156696831973066
0.404	1.4120865914969278
0.405	1.4086418735362847
0.406	1.4053345089837828
0.4061261981781178	1.4049268341924996
0.407	1.4021634612125748
0.408	1.3991276772650594
0.409	1.39622608782929
0.41	1.3934576072274425
0.411	1.3908211334165097
0.412	1.388315548001344
0.413	1.3859397162601914
0.414	1.3836924871828131
0.415	1.3815726935213029
0.416	1.3795791518536842
0.417	1.3777106626603606
0.418	1.3759660104134697
0.419	1.3743439636791992
0.42	1.3728432752330884
0.42044820762685725	1.3722097080068187
0.421	1.3714626821883313
0.422	1.3702009061370979
0.423	1.3690566533048476
0.424	1.3680286147176313
0.425	1.367115466382328
0.426	1.3663158694797857
0.427	1.3656284705707837
0.428	1.3650519018147609
0.429	1.3645847812012044
0.43	1.3642257127936035
0.431	1.3639732869858594
0.432	1.3638260807710079
0.433	1.363782658022127
0.434	1.3638415697852733
0.435	1.3640013545842733
0.435275281648062	1.3640628508353698
0.436	1.3642605387372029
0.437	1.364617636684351
0.438	1.365071151327482
0.439	1.3656195743801616
0.44	1.3662613867289375
0.441	1.36699505880513
0.442	1.367819050966981
0.443	1.3687318138919111
0.444	1.3697317889786023
0.445	1.3708174087586384
0.446	1.4391379040136008
0.447	1.4352842198606703
0.448	1.4315427529951306
0.449	1.427913020204193
0.45	1.4243945320573417
0.45062523130541515	1.4222509633519764
0.451	1.4209867928196092
0.452	1.4176893003655802
0.453	1.4145015460942418
0.454	1.41142301484478
0.455	1.4084531848134452
0.456	1.4055915274715867
0.457	1.4028375074849615
0.458	1.4001905826344343
0.459	1.3976502037381602
0.46	1.3952158145753628
0.461	1.392886851811805
0.462	1.390662744927056
0.463	1.388542916143648
0.464	1.3865267803582249
0.465	1.3846137450747802
0.466	1.3828032103400691
0.4665164957684037	1.381908020025272
0.467	1.3810945686812963
0.468	1.3794872050461675
0.469	1.3779804967453881
0.47	1.3765738133977061
0.471	1.3752665168775702
0.472	1.374057961265502
0.473	1.3729474928012493
0.474	1.371934449839808
0.475	1.3710181628103861
0.476	1.3701979541783853
0.477	1.3694731384104721
0.478	1.3688430219428103
0.479	1.36830690315252
0.48	1.3678640723324347
0.481	1.367513811669215
0.482	1.3672553952248767
0.48296816446242286	1.3670920185908844
0.483	1.3670880889218089
0.484	1.3670111505313123
0.485	1.3670238296657389
0.486	1.3671253677742645
0.487	1.3673149981423545
0.488	1.3675919458949635
0.489	1.3679554280035173
0.49	1.3684046532967153
0.491	1.3689388224751924
0.492	1.3695571281300813
0.493	1.3702587547655019
0.494	1.3710428788250129
0.495	1.3719086687220539
0.496	1.3728552848744038
0.497	1.3738818797426746
0.498	1.3749875978728654
0.499	1.3761715759429918
0.5	1.3774329428138077
0.5	1.3774329428138077
0.501	1.378770819583627
0.502	1.380184319647255
0.503	1.381672548759045
0.504	1.3832346051000697
0.505	1.384869579349416
0.506	1.386576554759603
0.507	1.388354607236114
0.508	1.3902028054210354
0.509	1.3921202107807935
0.51	1.3941058776979802
0.511	1.39615885356724
0.512	1.3982781788952137
0.513	1.4004628874045038
0.514	1.402712006141654
0.515	1.4050245555890966
0.516	1.4073995497810516
0.517	1.4098359964233445
0.5176324619206888	1.411408227996899
0.518	1.4123328970170974
0.519	1.4148892469862702
0.52	1.4175040358090003
0.521	1.420176247152702
0.522	1.4229048590128806
0.523	1.4256888438556135
0.524	1.4285271687636436
0.525	1.4314187955860371
0.526	1.434362681091347
0.527	1.437357777124224
0.528	1.4404030307654156
0.529	1.4434973844950896
0.53	1.4466397763594183
0.531	1.5657577467126407
0.532	1.56545726165284
0.533	1.5652168049880881
0.534	1.5650358609684836
0.535	1.564913911152994
0.5358867312681466	1.5648547043681775
0.536	1.5648504344019023
0.537	1.5648449068697514
0.538	1.5648968019988159
0.539	1.565005590513127
0.54	1.5651707404130737
0.541	1.5653917169706029
0.542	1.5656679827250457
0.543	1.565998997479588
0.544	1.5663842182984185
0.545	1.5668230995045633
0.546	1.5673150926784383
0.547	1.5678596466571402
0.548	1.568456207534497
0.549	1.5691042186618944
0.55	1.5698031206499068
0.551	1.5705523513707491
0.552	1.5713513459615647
0.553	1.5721995368285777
0.554	1.573096353652121
0.5547847360339224	1.573833797194917
0.555	1.5740412233925645
0.556	1.575033570297152
0.557	1.5760728159077813
0.558	1.5771583790697208
0.559	1.5782896759413023
0.56	1.579466120004592
0.561	1.5806871220770597
0.562	1.5819520903242603
0.563	1.583260430273544
0.564	1.5846115448288096
0.565	1.5860048342863073
0.566	1.5874396963515183
0.567	1.588915526157109
0.568	1.5904317162819834
0.569	1.5919876567714342
0.57	1.5935827351584162
0.571	1.5952163364859464
0.572	1.5968878433306315
0.573	1.5985966358273545
0.574	1.6003420916951066
0.5743491774985174	1.6009600865606985
0.575	1.6021235862639882
0.576	1.6039404925033796
0.577	1.6057921810512885
0.578	1.6076780202448875
0.579	1.6095973761522406
0.58	1.6115496126052276
0.581	1.6135340912336722
0.582	1.6155501715006775
0.583	1.6175972107391727
0.584	1.6196745641896735
0.585	1.6217815850392638
0.586	1.623917624461794
0.587	1.6260820316593039
0.588	1.628274153904665
0.589	1.6304933365854546
0.59	1.6327389232490428
0.591	1.6350102556489141
0.592	1.637306673792201
0.593	1.639627515988448
0.594	1.6419721188995866
0.5946035575013605	1.6433984406612772
0.595	1.6443398175911281
0.596	1.6467299455845725
0.597	1.6491418349110192
0.598	1.651574816165985
0.599	1.6540282185654223
0.6	1.6565013700029256
0.601	1.6589935971081287
0.602	1.6615042253062786
0.603	1.664032578878985
0.604	1.6665779810261283
0.605	1.6691397539289317
0.606	1.6717172188141713
0.607	1.6743096960195283
0.608	1.6769165050600643
0.609	1.6795369646958158
0.61	1.6821703930004896
0.611	1.6848161074312498
0.612	1.687473424899588
0.613	1.6901416618432565
0.614	1.6928201342992553
0.615	1.6955081579778566
0.6155722066724582	1.6970502953323245
0.616	1.6982050483376554
0.617	1.7009101206616246
0.618	1.7036226901341651
0.619	1.7063420719191331
0.62	1.7090675812388219
0.621	1.7117985334538872
0.622	1.7145342441442013
0.623	1.7172740291906015
0.624	1.7200172048575353
0.625	1.7227630878765634
0.626	1.7255109955307153
0.627	1.728260245739666
0.628	1.7310101571457213
0.629	1.7337600492005838
0.63	1.736509242252879
0.631	1.9572819811739604
0.632	1.9573303698934192
0.633	1.9573791247115433
0.634	1.9574278553302125
0.635	1.9574761739889985
0.636	1.957523695496228
0.637	1.9575700372597284
0.6372803136596311	1.9575827638996461
0.638	1.9576148193172385
0.639	1.9576576643665062
0.64	1.9576981977950472
0.641	1.9577360477095738
0.642	1.957770844965086
0.643	1.9578022231936238
0.644	1.9578298188326761
0.645	1.9578532711532426
0.646	1.957872222287547
0.647	1.9578863172563987
0.648	1.9578952039961979
0.649	1.957898533385581
0.65	1.9578959592717031
0.651	1.957887138496165
0.652	1.957871730920554
0.653	1.9578493994516353
0.654	1.9578198100661506
0.655	1.9577826318352525
0.656	1.957737536948553
0.657	1.9576842007377926
0.658	1.957622301700121
0.659	1.9575515215209922
0.6597539553864471	1.9574920928145279
0.66	1.9574715450966655
0.661	1.9573820605563181
0.662	1.9572827592837545
0.663	1.957173335938724
0.664	1.9570534884778275
0.665	1.9569229181750327
0.666	1.9567813296417693
0.667	1.9566284308466249
0.668	1.9564639331346234
0.669	1.9562875512460958
0.67	1.9560990033351249
0.671	1.9558980109875845
0.672	1.9556842992387442
0.673	1.9554575965904637
0.674	1.9552176350279524
0.675	1.9549641500361106
0.676	1.9546968806154323
0.677	1.9544155692974878
0.678	1.9541199621599636
0.679	1.953809808841274
0.68	1.9534848625547334
0.681	1.9531448801022955
0.682	1.952789621887843
0.683	1.952418851930046
0.6830201283771977	1.9524112280645567
0.684	1.9520323378747733
0.685	1.9516298510070575
0.686	1.9512111662626217
0.687	1.950776062238949
0.688	1.9503243212059136
0.689	1.949855729115955
0.69	1.9493700756138068
0.691	1.9488671540457756
0.692	1.948346761468554
0.693	1.9478086986576009
0.694	1.947252770115052
0.695	1.9466787840771789
0.696	1.9460865525213962
0.697	1.9454758911728094
0.698	1.9448466195103045
0.699	1.94419856077218
0.7	1.9435315419613282
0.701	1.9428453938499493
0.702	1.9421399509838086
0.703	1.9414150516860416
0.704	1.9406705380604916
0.705	1.939906255994594
0.706	1.9391220551618
0.707	1.9383177890235415
0.7071067811865476	1.9382307168790138
0.708	1.9374933148307378
0.709	1.9366484936248434
0.71	1.9357831902384361
0.711	1.9348972732953529
0.712	1.933990615210365
0.713	1.9330630921883905
0.714	1.932114584223264
0.715	1.9311449750960412
0.716	1.9301541523728485
0.717	1.9291420074022874
0.718	1.9281084353123763
0.719	1.927053335007046
0.72	1.925976609162183
0.721	1.9248781642212258
0.722	1.9237579103903066
0.723	1.9226157616329536
0.724	1.9214516356643419
0.725	1.9202654539451018
0.726	1.9190571416746862
0.727	1.917826627784296
0.728	1.9165738449293621
0.729	1.915298729481599
0.73	1.9140012215206108
0.731	1.9126812648250733
0.732	1.9113388068634767
0.7320428479728127	1.9112807817822444
0.733	1.909973798784447
0.734	1.9085861954066279
0.735	1.907175955208147
0.736	1.9057430403156572
0.737	1.9042874164929482
0.738	1.9028090531291524
0.739	1.9013079232265266
0.74	1.8997840033878206
0.741	1.8982372738032354
0.742	1.8966677182369773
0.743	1.8950753240134
0.744	1.8934600820027467
0.745	1.8918219866064925
0.746	1.8901610357422927
0.747	1.8884772308285305
0.748	1.8867705767684801
0.749	1.8850410819340786
0.75	1.8832887581493167
0.751	1.3540448436762753
0.752	1.3529861159405754
0.753	1.3519174781960488
0.754	1.3508388801040647
0.755	1.3497502731973716
0.756	1.3486516108767526
0.757	1.347542848407494
0.7578582832551991	1.3465831289884993
0.758	1.3464239429156561
0.759	1.3452948533841622
0.76	1.34415554064869
0.761	1.3430059673933812
0.762	1.341846098146358
0.763	1.3406758992750623
0.764	1.339495338981402
0.765	1.338304387296716
0.766	1.3371030160765582
0.767	1.335891198995303
0.768	1.3346689115405592
0.769	1.3334361310074194
0.77	1.3321928364925204
0.771	1.3309390088879351
0.772	1.3296746308748824
0.773	1.3283996869172672
0.774	1.3271141632550487
0.775	1.325818047897433
0.776	1.3245113306158989
0.777	1.323194002937053
0.778	1.3218660581353225
0.779	1.3205274912254743
0.78	1.3191782989549754
0.781	1.317818479796189
0.782	1.3164480339384068
0.783	1.3150669632797247
0.784	1.3136752714187576
0.7845840978967507	1.312857475437688
0.785	1.3122729636461963
0.786	1.3108600469362108
0.787	1.3094365299376982
0.788	1.3080024229653795
0.789	1.3065577379907414
0.79	1.3051024886328353
0.791	1.3036366901489203
0.792	1.3021603594249689
0.793	1.3006735149660196
0.794	1.2991761768863923
0.795	1.2976683668997595
0.796	1.2961501083090798
0.797	1.2946214259963924
0.798	1.2930823464124728
0.799	1.2915328975663602
0.8	1.289973109014745
0.801	1.2884030118512306
0.802	1.2868226386954615
0.803	1.2852320236821289
0.804	1.2836312024498429
0.805	1.2820202121298903
0.806	1.2803990913348626
0.807	1.2787678801471638
0.808	1.277126620107405
0.809	1.2754753542026773
0.81	1.273814126854712
0.811	1.2721429839079261
0.812	1.270461972617357
0.8122523963562355	1.2700361375422973
0.813	1.2687711416364897
0.814	1.2670705410049732
0.815	1.2653602221362343
0.816	1.2636402378049842
0.817	1.2619106421346284
0.818	1.2601714905845718
0.819	1.2584228399374267
0.82	1.256664748286125
0.821	1.2548972750209435
0.822	1.2531204808164191
0.823	1.2513344276181946
0.824	1.249539178629761
0.825	1.2477347982991216
0.826	1.2459213523053663
0.827	1.24409890754517
0.828	1.2422675321192027
0.829	1.2404272953184672
0.83	1.2385782676105586
0.831	1.2367205206258467
0.832	1.2348541271435904
0.833	1.2329791610779781
0.834	1.2310956974641003
0.835	1.2292038124438558
0.836	1.227303583251796
0.837	1.2253950882008997
0.838	1.2234784066682964
0.839	1.2215536190809253
0.84	1.2196208069011347
0.8408964152537145	1.2178814514426883
0.841	1.2176800526122382
0.842	1.2157314397040062
0.843	1.2137750526581135
0.844	1.2118109769335363
0.845	1.2098392989519064
0.846	1.2078601060828116
0.847	1.2058734866290663
0.848	1.2038795298119291
0.849	1.2018783257562933
0.85	1.199869965475831
0.851	1.1978545408581094
0.852	1.1958321446496707
0.853	1.1938028704410844
0.854	1.191766812651969
0.855	1.1897240665159852
0.856	1.187674728065812
0.857	1.1856188941180896
0.858	1.1835566622583509
0.859	1.1814881308259273
0.86	1.1794133988988442
0.861	1.1773325662786933
0.862	1.1752457334755027
0.863	1.1731530016925835
0.864	1.1710544728113803
0.865	1.1689502493763058
0.866	1.1668404345795695
0.867	1.1647251322460093
0.868	1.1626044468179195
0.869	1.1604784833398754
0.87	1.1583473474435637
0.8705505632961241	1.1571718529545525
0.871	1.1562111453326167
0.872	1.1540699837674524
0.873	1.1519239700501214
0.874	1.1497732120091637
0.875	1.1476178179844814
0.876	1.145457896812215
0.877	1.1432935578096468
0.878	1.1411249107601098
0.879	1.138952065897924
0.88	1.1367751338933496
0.881	1.134594225837563
0.882	1.132409453227654
0.883	1.1302209279516546
0.884	1.12802876227359
0.885	1.1258330688185607
0.886	1.1236339605578562
0.887	1.1214315507941
0.888	1.1192259531464284
0.889	1.1170172815357073
0.89	1.1148056501697843
0.891	1.11259117352878
0.892	0.7525255629365506
0.893	0.7513087465490929
0.894	0.7500902152915919
0.895	0.748870010563714
0.896	0.7476481740629102
0.897	0.7464247477781552
0.898	0.7451997739836884
0.899	0.7439732952327471
0.9	0.7427453543512953
0.901	0.7415159944317553
0.9012504626108303	0.7412078686065351
0.902	0.7402852588267339
0.903	0.7390531911427473
0.904	0.7378198352339485
0.905	0.7365852351958533
0.906	0.7353494353590666
0.907	0.7341124802830109
0.908	0.7328744147496595
0.909	0.7316352837572666
0.91	0.73039513251411
0.911	0.7291540064322284
0.912	0.7279119511211708
0.913	0.7266690123817472
0.914	0.7254252361997877
0.915	0.7241806687399075
0.916	0.7229353563392789
0.917	0.7216893455014122
0.918	0.720442682889945
0.919	0.7191954153224387
0.92	0.7179475897641894
0.921	0.7166992533220446
0.922	0.7154504532382318
0.923	0.7142012368842032
0.924	0.7129516517544843
0.925	0.7117017454605444
0.926	0.710451565724674
0.927	0.709201160373879
0.928	0.7079505773337871
0.929	0.7066998646225742
0.93	0.7054490703449008
0.931	0.7041982426858671
0.932	0.7029474299049866
0.933	0.7016966803301737
0.9330329915368074	0.7016554178151877
0.934	0.7004460423517509
0.935	0.6991955644164758
0.936	0.6979452950215838
0.937	0.6966952827088534
0.938	0.6954455760586897
0.939	0.6941962236842291
0.94	0.6929472742254645
0.941	0.6916987763433936
0.942	0.6904507787141876
0.943	0.6892033300233837
0.944	0.6879564789600991
0.945	0.6867102742112701
0.946	0.6854647644559162
0.947	0.6842199983594255
0.948	0.682976024567868
0.949	0.6817328917023338
0.95	0.6804906483532966
0.951	0.6792493430750051
0.952	0.6780090243798971
0.953	0.6767697407330482
0.954	0.675531540546641
0.955	0.6742944721744698
0.956	0.6730585839064663
0.957	0.6718239239632586
0.958	0.6705905404907622
0.959	0.6693584815547935
0.96	0.6681277951357247
0.961	0.6668985291231571
0.962	0.6656707313106348
0.963	0.6644444493903865
0.964	0.6632197309480987
0.965	0.6619966234577248
0.9659363289248455	0.6608528949177599
0.966	0.6607751742763223
0.967	0.6595554306389239
0.968	0.6583374396534489
0.969	0.6571212482956379
0.97	0.6559069034040317
0.971	0.6546944516749746
0.972	0.6534839396576647
0.973	0.6522754137492286
0.974	0.6510689201898385
0.975	0.6498645050578618
0.976	0.6486622142650507
0.977	0.6474620935517624
0.978	0.6462641884822247
0.979	0.6450685444398301
0.98	0.6438752066224736
0.981	0.642684220037925
0.982	0.6414956294992453
0.983	0.6403094796202293
0.984	0.6391258148109027
0.985	0.6379446792730443
0.986	0.6367661169957569
0.987	0.6355901717510734
0.988	0.6344168870896036
0.989	0.6332463063362219
0.99	0.6320784725857935
0.991	0.6309134286989431
0.992	0.6297512172978657
0.993	0.628591880762172
0.994	0.627435461224785
0.995	0.6262820005678675
0.996	0.6251315404188034
0.997	0.6239841221462055
0.998	0.6228397868559818
0.999	0.6216985753874331
1.0	0.6205605283093971
1.0	0.6205605283093971
