-1.0	0.8536353348429648
-1.0	0.8536353348429648
-0.999	0.8562396743582011
-0.998	0.8588460591933338
-0.997	0.8614544198581447
-0.996	0.8640646865642361
-0.995	0.8666767892298882
-0.994	0.8692906574849809
-0.993	0.8719062206759783
-0.992	0.8745234078709638
-0.991	0.8771421478647465
-0.99	0.8797623691840217
-0.989	0.8823840000925874
-0.988	0.8850069685966321
-0.987	0.8876312024500658
-0.986	0.8902566291599291
-0.985	0.8928831759918443
-0.984	0.8955107699755357
-0.983	0.8981393379104078
-0.982	0.9007688063711762
-0.981	0.9033991017135655
-0.98	0.9060301500800579
-0.979	0.9086618774057059
-0.978	0.9112942094239987
-0.977	0.9139270716727853
-0.976	0.9165603895002641
-0.975	0.9191940880710135
-0.974	0.9218280923720984
-0.973	0.9244623272192155
-0.972	0.9270967172629099
-0.971	0.929731186994836
-0.97	0.9323656607540804
-0.969	0.9350000627335404
-0.968	0.9376343169863565
-0.967	0.940268347432397
-0.966	0.9429020778648002
-0.9659363289248455	0.9430697583765677
-0.965	0.9455354319565737
-0.964	0.9481683332672382
-0.963	0.9508007052495341
-0.962	0.9534324712561794
-0.961	0.9560635545466715
-0.96	0.9586938782941549
-0.959	0.9613233655923307
-0.958	0.9639519394624216
-0.957	0.9665795228601874
-0.956	0.969206038682992
-0.955	0.9718314097769164
-0.954	0.9744555589439278
-0.953	0.9770784089490936
-0.952	0.979699882527846
-0.951	0.9823199023932924
-0.95	0.9849383912435753
-0.949	0.987555271769286
-0.948	0.9901704666609089
-0.947	0.9927838986163303
-0.946	0.9953954903483796
-0.945	0.9980051645924242
-0.944	1.0006128441140045
-0.943	1.0032184517165137
-0.942	1.005821910248922
-0.941	1.0084231426135448
-0.94	1.0110220717738505
-0.939	1.013618620762313
-0.938	1.0162127126883023
-0.937	1.0188042707460194
-0.936	1.0213932182224705
-0.935	1.023979478505472
-0.934	1.0265629750917127
-0.9330329915368074	1.0290585378725081
-0.933	1.029143631594833
-0.932	1.0317213717535565
-0.931	1.0342961194398534
-0.93	1.0368677986671342
-0.929	1.0394363335984933
-0.928	1.042001648554969
-0.927	1.044563668023852
-0.926	1.047122316667021
-0.925	1.0496775193293122
-0.924	1.0522292010469136
-0.923	1.0547772870558088
-0.922	1.0573217028002273
-0.921	1.0598623739411426
-0.92	1.0623992263647897
-0.919	1.0649321861912149
-0.918	1.0674611797828513
-0.917	1.0699861337531167
-0.916	1.0725069749750502
-0.915	1.075023630589953
-0.914	1.0775360280160733
-0.913	1.0800440949573025
-0.912	1.0825477594118964
-0.911	1.08504694968122
-0.91	1.0875415943785116
-0.909	1.0900316224376643
-0.908	1.092516963122032
-0.907	1.0949975460332442
-0.906	1.0974733011200548
-0.905	1.0999441586871848
-0.904	1.1024100494041955
-0.903	1.1048709043143783
-0.902	1.1073266548436445
-0.9012504626108303	1.1091639438969336
-0.901	1.1097772328094395
-0.9	1.1122225704296667
-0.899	1.1146626003316158
-0.898	1.1170972555609118
-0.897	1.1195264695904603
-0.896	1.1219501763294162
-0.895	1.1243683101321391
-0.894	1.1267808058071769
-0.893	1.1291875986262414
-0.892	1.1315886243331867
-0.891	1.1339838191530003
-0.89	1.1363731198007885
-0.889	1.1387564634907654
-0.888	1.1411337879452452
-0.887	1.1435050314036292
-0.886	1.1458701326313918
-0.885	1.1482290309290668
-0.884	1.150581666141227
-0.883	1.152927978665462
-0.882	1.1552679094613456
-0.881	1.1576014000594013
-0.88	1.1599283925700563
-0.879	1.16224882969259
-0.878	1.1645626547240673
-0.877	1.1668698115682699
-0.876	1.1691702447446073
-0.875	1.1714638993970123
-0.874	1.1737507213028378
-0.873	1.1760306568817214
-0.872	1.178303653204441
-0.871	1.1805696580017586
-0.8705505632961241	1.1815857927366478
-0.87	1.182828619673232
-0.869	1.185080487296022
-0.868	1.1873252106336691
-0.867	1.1895627401448519
-0.866	1.1917930269921226
-0.865	1.1940160230506214
-0.864	1.1962316809167635
-0.863	1.1984399539168973
-0.862	1.2006407961159422
-0.861	1.202834162325996
-0.86	1.205020008114906
-0.859	1.2071982898148281
-0.858	1.2093689645307288
-0.857	1.2115319901488815
-0.856	1.2136873253453075
-0.855	1.2158349295941981
-0.854	1.2179747631762907
-0.853	1.2201067871872116
-0.852	1.2222309635457889
-0.851	1.2243472550023071
-0.85	1.2264556251467469
-0.849	1.2285560384169592
-0.848	1.230648460106817
-0.847	1.2327328563743103
-0.846	1.2348091942496051
-0.845	1.236877441643051
-0.844	1.2389375673531489
-0.843	1.240989541074461
-0.842	1.2430333334054864
-0.841	1.2450689158564716
-0.8408964152537145	1.245279300780573
-0.84	1.2470962608571807
-0.839	1.249115341764609
-0.838	1.2511261328706482
-0.837	1.2531286094096887
-0.836	1.2551227475661753
-0.835	1.2571085244821047
-0.834	1.2590859182644594
-0.833	1.2610549079925943
-0.832	1.2630154737255548
-0.831	1.2649675965093354
-0.83	1.2669112583840842
-0.829	1.268846442391231
-0.828	1.2707731325805693
-0.827	1.2726913140172544
-0.826	1.2746009727887546
-0.825	1.2765020960117195
-0.824	1.2783946718387937
-0.823	1.2802786894653484
-0.822	1.282154139136151
-0.821	1.2840210121519686
-0.82	1.2858793008760907
-0.819	1.2877289987407747
-0.818	1.2895701002536368
-0.817	1.291402601003945
-0.816	1.2932264976688512
-0.815	1.2950417880195433
-0.814	1.296848470927313
-0.813	1.298646546369551
-0.8122523963562355	1.2999851718407993
-0.812	1.3004360154356662
-0.811	1.3022168803329084
-0.81	1.3039891443921252
-0.809	1.305752812073428
-0.808	1.3075078889717762
-0.807	1.3092543818224796
-0.806	1.3109922985066027
-0.805	1.3127216480563026
-0.804	1.3144424406600583
-0.803	1.3161546876678292
-0.802	1.3178584015961115
-0.801	1.319553596132907
-0.8	1.3212402861426131
-0.799	1.3229184876707965
-0.798	1.3245882179488964
-0.797	1.3262494953988229
-0.796	1.3279023396374616
-0.795	1.3295467714810834
-0.794	1.3311828129496577
-0.793	1.332810487271073
-0.792	1.334429818885249
-0.791	1.3360408334481548
-0.79	1.3376435578357344
-0.789	1.3392380201477188
-0.788	1.340824249711346
-0.787	1.342402277084971
-0.786	1.3439721340615831
-0.785	1.3455338536722075
-0.7845840978967507	1.346180988273803
-0.784	1.3470874701892144
-0.783	1.3486330191295086
-0.782	1.350170537257629
-0.781	1.3517000625887212
-0.78	1.3532216343914276
-0.779	1.3547352931906438
-0.778	1.3562410807701863
-0.777	1.3577390401753346
-0.776	1.3592292157152734
-0.775	1.360711652965422
-0.774	1.3621863987696403
-0.773	1.3636535012423427
-0.772	1.365113009770481
-0.771	1.366564975015423
-0.77	1.3680094489147079
-0.769	1.3694464846837018
-0.768	1.3708761368171167
-0.767	1.372298461090431
-0.766	1.3737135145611856
-0.765	1.3751213555701574
-0.764	1.3765220437424275
-0.763	1.3779156399883161
-0.762	1.3793022065042058
-0.761	1.3806818067732523
-0.76	1.3820545055659534
-0.759	1.383420368940619
-0.758	1.3847794642437077
-0.7578582832551991	1.3849715272157006
-0.757	1.3861318601100447
-0.756	1.387477626462916
-0.755	1.3888168345140417
-0.754	1.390149556763422
-0.753	1.3914758669990637
-0.752	1.3927958402965794
-0.751	1.3941095530186618
-0.75	1.3954170828144354
-0.749	1.3967185086186786
-0.748	1.3980139106509217
-0.747	1.399303370414422
-0.746	1.4005869706949992
-0.745	1.401864795559763
-0.744	1.4031369303556955
-0.743	1.404403461708117
-0.742	1.4056644775190135
-0.741	1.406920066965245
-0.74	1.408170320496618
-0.739	1.4094153298338348
-0.738	1.4106551879663038
-0.737	1.411889989149831
-0.736	1.4131198289041738
-0.735	1.4143448040104636
-0.734	1.4155650125085035
-0.733	1.4167805536939282
-0.7320428479728127	1.4179397326047958
-0.732	1.4179915281152413
-0.731	1.4191980375707092
-0.73	1.4204001851051364
-0.729	1.421598075006495
-0.728	1.4227918128024375
-0.727	1.4239815052566611
-0.726	1.425167260365156
-0.725	1.4263491873523015
-0.724	1.4275273966668558
-0.723	1.4287019999777824
-0.722	1.4298731101699658
-0.721	1.4310408413397895
-0.72	1.4322053087905708
-0.719	1.4333666290278761
-0.718	1.4345249197546914
-0.717	1.4356802998664664
-0.716	1.436832889446024
-0.715	1.437982809758331
-0.714	1.4391301832451413
-0.713	1.4402751335195034
-0.712	1.4414177853601347
-0.711	1.4425582647056578
-0.71	1.4436966986487068
-0.709	1.4448332154299086
-0.708	1.4459679444317082
-0.7071067811865476	1.4469801005085237
-0.707	1.447101016172083
-0.706	1.448232562298112
-0.705	1.449362715579413
-0.704	1.4504916099014467
-0.703	1.4516193802586914
-0.702	1.4527461627476772
-0.701	1.4538720945598937
-0.7	1.4549973139745593
-0.699	1.456121960351263
-0.698	1.4572461741224672
-0.697	1.458370096785886
-0.696	1.4594938708967193
-0.695	1.4606176400597708
-0.694	1.4617415489214138
-0.693	1.4628657431614478
-0.692	1.4639903694847984
-0.691	1.465115575613112
-0.69	1.4662415102761959
-0.689	1.4673683232033403
-0.688	1.4684961651145103
-0.687	1.4696251877113975
-0.686	1.4707555436683526
-0.685	1.4718873866231772
-0.684	1.4730208711677981
-0.6830201283771977	1.47413328272172
-0.683	1.4741561528387972
-0.682	1.4752933881078278
-0.681	1.4764327343718897
-0.68	1.4775743499434826
-0.679	1.4787183940406274
-0.678	1.4798650267767643
-0.677	1.481014409150519
-0.676	1.4821667030353434
-0.675	1.4833220711690267
-0.674	1.4844806771430894
-0.673	1.485642685392039
-0.672	1.4868082611825053
-0.671	1.4879775706022573
-0.67	1.489150780549079
-0.669	1.4903280587195427
-0.668	1.4915095735976345
-0.667	1.492695494443279
-0.666	1.4938859912807212
-0.665	1.4950812348868014
-0.664	1.4962813967790976
-0.663	1.497486649203955
-0.662	1.4986971651243801
-0.661	1.499913118207838
-0.66	1.5011346828139025
-0.6597539553864471	1.5014361224769188
-0.659	1.5023620339818078
-0.658	1.503595347417868
-0.657	1.5048347994827864
-0.656	1.506080567178842
-0.655	1.5073328281369613
-0.654	1.5085917606036723
-0.653	1.5098575434279407
-0.652	1.5111303560478961
-0.651	1.512410378477434
-0.65	1.5136977912927116
-0.649	1.5149927756185286
-0.648	1.5162955131145885
-0.647	1.5176061859616576
-0.646	1.518924976847602
-0.645	1.520252068953319
-0.644	1.5215876459385598
-0.643	1.5229318919276347
-0.642	1.5242849914950176
-0.641	1.5256471296508394
-0.64	1.527018491826263
-0.639	1.5283992638587776
-0.638	1.5297896319773512
-0.6372803136596311	1.530796303815912
-0.637	1.5311897827875096
-0.636	1.5325999032562876
-0.635	1.5340201806970923
-0.634	1.535450802754455
-0.633	1.5368919573886717
-0.632	1.5383438328603665
-0.631	1.5398066177149288
-0.63	1.5412805007668593
-0.629	1.5427656710840258
-0.628	1.5442623179718042
-0.627	1.545770630957131
-0.626	1.5472907997724588
-0.625	1.548823014339613
-0.624	1.5503674647535532
-0.623	1.5519243412660397
-0.622	1.5534938342692124
-0.621	1.555076134279067
-0.62	1.5566714319188437
-0.619	1.5582799179023312
-0.618	1.5599017830170667
-0.617	1.561537218107463
-0.616	1.5631864140578322
-0.6155722066724582	1.5638961788332255
-0.615	1.5648495617753326
-0.614	1.5665268521728264
-0.613	1.5682184761516482
-0.612	1.569924624584291
-0.611	1.5716454882970146
-0.61	1.573381258052361
-0.609	1.5751321245315932
-0.608	1.5768982783170609
-0.607	1.578679909874468
-0.606	1.580477209535083
-0.605	1.5822903674778546
-0.604	1.5841195737114624
-0.603	1.5859650180562819
-0.602	1.587826890126289
-0.601	1.5897053793108709
-0.6	1.5916006747565876
-0.599	1.5935129653488447
-0.598	1.5954424396935054
-0.597	1.5973892860984253
-0.596	1.5993536925549272
-0.595	1.6013358467192103
-0.5946035575013605	1.6021266109432042
-0.594	1.603335935893679
-0.593	1.60535414700823
-0.592	1.6073906666014504
-0.591	1.6094456808017792
-0.59	1.6115193753085841
-0.589	1.6136119353731966
-0.588	1.6157235457798758
-0.587	1.6178543908267262
-0.586	1.620004654306544
-0.585	1.6221745194876265
-0.584	1.6243641690945099
-0.583	1.6265737852886673
-0.582	1.6288035496491493
-0.581	1.6310536431531775
-0.58	1.6333242461566826
-0.579	1.6356155383748034
-0.578	1.637927698862336
-0.577	1.6402609059941347
-0.576	1.642615337445475
-0.575	1.6449911701723683
-0.5743491774985174	1.6465489959312736
-0.574	1.6473885803918433
-0.573	1.6498077435621763
-0.572	1.6522488343630943
-0.571	1.654712026675936
-0.57	1.657197493563776
-0.569	1.6597054072515185
-0.568	1.662235939105953
-0.567	1.6647892596157854
-0.566	1.6673655383716328
-0.565	1.6699649440459932
-0.564	1.6725876443731837
-0.563	1.6752338061292649
-0.562	1.6779035951119214
-0.561	1.6805971761203427
-0.56	1.683314712935055
-0.559	1.686056368297769
-0.558	1.6888223038911698
-0.557	1.691612680318725
-0.556	1.6944276570844528
-0.555	1.6972673925726909
-0.5547847360339224	1.6978819389783886
-0.554	1.700132044027845
-0.553	1.7030217675341335
-0.552	1.7059367179953184
-0.551	1.7088770491144265
-0.55	1.7118429133734783
-0.549	1.7148344620131903
-0.548	1.7178518450126987
-0.547	1.720895211069264
-0.546	1.7239647075779876
-0.545	1.7270604806115226
-0.544	1.7301826748997964
-0.543	1.7333314338097325
-0.542	1.7365068993249857
-0.541	1.7397092120256779
-0.54	1.7429385110681586
-0.539	1.7461949341647598
-0.538	1.7494786175635828
-0.537	1.7527896960282918
-0.536	1.756128302817924
-0.5358867312681466	1.7565082040817945
-0.535	1.759494569666725
-0.534	1.7628886267640007
-0.533	1.766310602734002
-0.532	1.7697606246158173
-0.531	1.7732388178433043
-0.53	1.5268655226274084
-0.529	1.526100546894552
-0.528	1.5253069547919564
-0.527	1.5244860359405685
-0.526	1.5236390931186474
-0.525	1.5227674416572003
-0.524	1.5218724088295772
-0.523	1.520955333235559
-0.522	1.5200175641802947
-0.521	1.519060461048468
-0.52	1.5180853926740208
-0.519	1.517093736705831
-0.518	1.516086878969689
-0.5176324619206888	1.515713276159336
-0.517	1.5150662128269596
-0.516	1.51403313853029
-0.515	1.5129890625767415
-0.514	1.5119353970587293
-0.513	1.5108735590131293
-0.512	1.5098049697689608
-0.511	1.5087310542939838
-0.51	1.5076532405406413
-0.509	1.5065729587916856
-0.508	1.505491641005896
-0.507	1.5044107201642603
-0.506	1.5033316296170085
-0.505	1.5022558024318742
-0.504	1.5011846707439709
-0.503	1.5001196651076671
-0.502	1.499062213850822
-0.501	1.498013742431797
-0.5	1.4969756727995744
-0.5	1.4969756727995744
-0.499	1.4959494227574017
-0.498	1.4949364053303078
-0.497	1.493938028136876
-0.496	1.4929556927656402
-0.495	1.4919907941564714
-0.494	1.4910447199873234
-0.493	1.4901188500666878
-0.492	1.4892145557321372
-0.491	1.4883331992552893
-0.49	1.4874761332535615
-0.489	1.4866447001090528
-0.488	1.4858402313949046
-0.487	1.4850640473094758
-0.486	1.4843174561186683
-0.485	1.4836017536067363
-0.484	1.4829182225359088
-0.483	1.4822681321151312
-0.48296816446242286	1.482247999384536
-0.482	1.481652737478266
-0.481	1.4810732791720462
-0.48	1.480530982654089
-0.479	1.480027057801281
-0.478	1.4795626984288166
-0.477	1.4791390818201815
-0.476	1.4787573682683648
-0.475	1.478418700628586
-0.474	1.4781242038827722
-0.473	1.4778749847160972
-0.472	1.4776721311057988
-0.471	1.4775167119225376
-0.47	1.4774097765445433
-0.469	1.4773523544847815
-0.468	1.47734545503136
-0.467	1.4773900669014033
-0.4665164957684037	1.4774303991140718
-0.466	1.47748715790861
-0.465	1.4776376746446866
-0.464	1.47784254217487
-0.463	1.4781026637477097
-0.462	1.4784189205193081
-0.461	1.4787921712921805
-0.46	1.479223252268904
-0.459	1.4797129768207093
-0.458	1.4802621352711653
-0.457	1.4808714946950963
-0.456	1.4815417987328554
-0.455	1.4822737674200865
-0.454	1.4830680970330847
-0.453	1.4839254599498446
-0.452	1.484846504526925
-0.451	1.485831854992174
-0.45062523130541515	1.4862178224764564
-0.45	1.486882111353434
-0.449	1.4879978493232537
-0.448	1.4891796202597072
-0.447	1.490427951123327
-0.446	1.4917433444502373
-0.445	1.493126278341472
-0.444	1.494577206468536
-0.443	1.496096558095203
-0.442	1.4976847381155576
-0.441	1.4993421271082739
-0.44	1.5010690814071188
-0.439	1.5028659331876477
-0.438	1.5047329905700595
-0.437	1.506670537738176
-0.436	1.5086788350744733
-0.435275281648062	1.5101786368605006
-0.435	1.510758119311118
-0.434	1.512908603696926
-0.433	1.5151304781801678
-0.432	1.5174239096071165
-0.431	1.5197890419362545
-0.43	1.5222259964680105
-0.429	1.5247348720899148
-0.428	1.527315745537049
-0.427	1.5299686716676322
-0.426	1.5326936837536143
-0.425	1.5354907937861075
-0.424	1.5383599927954947
-0.423	1.5413012511860278
-0.422	1.5443145190847434
-0.421	1.5473997267044974
-0.42044820762685725	1.5491328888070552
-0.42	1.5505567847209019
-0.419	1.5537855846629711
-0.418	1.5570859993172417
-0.417	1.5604578831451361
-0.416	1.5639010727133393
-0.415	1.5674153871369307
-0.414	1.5710006285350149
-0.413	1.5746565824985936
-0.412	1.5783830185703955
-0.411	1.58217969073639
-0.41	1.5860463379286824
-0.409	1.589982684539505
-0.408	1.5939884409459872
-0.407	1.598063304045397
-0.4061261981781178	1.6016802545905893
-0.406	1.6022069578005196
-0.405	1.6064190737948594
-0.404	1.6106993117973092
-0.403	1.6150473203359532
-0.402	1.6194627372806478
-0.401	1.6239451904340148
-0.4	1.6284942981304853
-0.399	1.6331096698430165
-0.398	1.637790906797102
-0.397	1.6425376025916882
-0.396	1.6473493438265938
-0.395	1.6522257107360507
-0.394	1.6571662778279321
-0.393	1.6621706145282786
-0.3922920489483753	1.6657517560998099
-0.392	1.6672382858306927
-0.391	1.672368852950178
-0.39	1.677561873980987
-0.389	1.6828169045580568
-0.388	1.6881334985215775
-0.387	1.6935112085842516
-0.386	1.6989495870007996
-0.385	1.7044481862392469
-0.384	1.7100065596535412
-0.383	1.7156242621570357
-0.382	1.721300850896359
-0.381	1.7270358859252204
-0.38	1.7328289308776554
-0.379	1.7386795536402488
-0.37892914162759955	1.739096292507941
-0.378	1.7445873270228467
-0.377	1.7505518294272702
-0.376	1.756572645513557
-0.375	1.7626493668632255
-0.374	1.768781592639081
-0.373	1.7749689302410732
-0.372	1.7812109959576952
-0.371	1.7875074156124506
-0.37	1.79385782520487
-0.369	1.80026187154559
-0.368	1.8067192128850045
-0.367	1.8132295195349653
-0.3660214239864063	1.8196513200636149
-0.366	1.8197924744830605
-0.365	1.8264077739989524
-0.364	1.8330751282322864
-0.363	1.839794261801676
-0.362	1.8465649143742597
-0.361	1.8533868412353378
-0.36	1.8602598138476065
-0.359	1.8671836203994807
-0.358	1.8741580663420347
-0.357	1.881182974914064
-0.356	1.8882581876547833
-0.355	1.8953835649036979
-0.354	1.9025589862871533
-0.3535533905932738	1.9057797357272153
-0.353	1.9097843511910964
-0.352	1.91705957921959
-0.351	1.9243846106386042
-0.35	1.931759406804634
-0.349	1.9391839505776867
-0.348	1.9466582467181925
-0.347	1.9541823222673957
-0.346	1.9617562269107902
-0.345	1.9693800333241713
-0.344	1.9770538375018774
-0.343	1.9847777590668136
-0.342	1.9925519415618425
-0.3415100641885989	1.9963791863999498
-0.341	2.0003765527221398
-0.34	2.0082517847281345
-0.339	2.016177854438638
-0.338	2.0241550036037923
-0.337	2.032183499057474
-0.336	2.0402636328887915
-0.335	2.0483957225923373
-0.334	2.056580111196851
-0.333	2.064817167371976
-0.332	2.073107285512787
-0.331	2.0814508858017837
-0.33	2.0898484142480758
-0.32987697769322355	2.090885245628934
-0.329	2.098300342703453
-0.328	2.1068071688550853
-0.327	2.1153694161946053
-0.326	2.123987633963311
-0.325	2.1326623970732648
-0.324	2.141394306004092
-0.323	2.150183986675237
-0.322	2.1590320902935196
-0.321	2.1679392931758072
-0.32	2.176906296546631
-0.319	2.1859338263106145
-0.31864015682981556	2.1891972735981384
-0.318	2.1950226327995783
-0.317	2.204173490494204
-0.316	2.213387197720151
-0.315	2.2226645763185653
-0.314	2.232006471290868
-0.313	2.2414137504178306
-0.312	2.2508873038528474
-0.311	2.2604280436894095
-0.31	2.270036903502791
-0.309	2.2797148378659347
-0.308	2.2894628218395954
-0.307786103336229	2.2915570721853844
-0.307	2.2992818504367727
-0.306	2.3091729380615162
-0.305	2.3191371179221743
-0.304	2.329175441419205
-0.303	2.3392889775076626
-0.302	2.3494788120345
-0.301	2.3597460470508547
-0.3	2.3700918000994817
-0.299	2.380517203477554
-0.298	2.3910234034750104
-0.29730177875068026	2.398407574988558
-0.297	2.401611559588717
-0.296	2.412282843712689
-0.295	2.423038439304624
-0.294	2.433879540529069
-0.293	2.4448073513775097
-0.292	2.4558230847657136
-0.291	2.4669279616086963
-0.29	2.4781232098736417
-0.289	2.4894100636111993
-0.288	2.5007897619655495
-0.2871745887492588	2.5102535201908704
-0.287	2.512263548163652
-0.286	2.523832668484137
-0.285	2.5354983712062973
-0.284	2.547261905539657
-0.283	2.5591245205346236
-0.282	2.5710874639747416
-0.281	2.583151981251076
-0.28	2.595319314219294
-0.279	2.6075907000400127
-0.278	2.6199673700029913
-0.2773923680169612	2.6275397739182567
-0.277	2.632450548335804
-0.276	2.645041450997594
-0.275	2.6577412844585626
-0.274	2.670551244465853
-0.273	2.6834725147965126
-0.272	2.6965062659982055
-0.271	2.709653654118417
-0.27	2.7229158194228438
-0.269	2.736293885103728
-0.268	2.749788955978893
-0.2679433656340733	2.750556764020287
-0.267	2.7634021171822347
-0.266	2.777134432846474
-0.265	3.323121028959597
-0.264	3.3226427050887506
-0.263	3.3220919360660806
-0.262	3.321482598283545
-0.261	3.320828163505615
-0.26	3.3201416652031406
-0.259	3.319435666232902
-0.25881623096034434	3.3193047677739305
-0.258	3.3187222279574047
-0.257	3.318012880896033
-0.256	3.3173185969950465
-0.255	3.3166497635999237
-0.254	3.3160161592093917
-0.253	3.3154269310860656
-0.252	3.3148905747939352
-0.251	3.314414915728106
-0.25	3.3140070926971172
-0.25	3.3140070926971172
-0.249	3.3136735436128797
-0.248	3.3134199933378774
-0.247	3.313251443733641
-0.246	3.3131721659487874
-0.245	3.3131856949790226
-0.244	3.3132948265255133
-0.243	3.313501616171966
-0.242	3.3138073808945236
-0.24148408223121143	3.3140040539432616
-0.241	3.3142127029124206
-0.24	3.3147174358809597
-0.239	3.3153207134221274
-0.238	3.316020959981763
-0.237	3.316815903995882
-0.236	3.317702593342441
-0.235	3.318677413048508
-0.234	3.3197361052166117
-0.23325824788420185	3.320572714564817
-0.233	3.320873791127837
-0.232	3.322084995473187
-0.231	3.3233636726587434
-0.23	3.3247032351242787
-0.229	3.326096583609301
-0.228	3.327536139294888
-0.227	3.3290138777442846
-0.226	3.3305213645600382
-0.22531261565270758	3.331570278326761
-0.225	3.332049792670323
-0.224	3.3335900211524345
-0.223	3.3351326154966423
-0.222	3.336667889209406
-0.221	3.3381859466506745
-0.22	3.339676726996248
-0.219	3.3411300492124787
-0.218	3.3425356579273378
-0.217637640824031	3.3430312171133094
-0.217	3.3438832700787726
-0.216	3.34516262221858
-0.215	3.346363518347534
-0.214	3.3474758781553713
-0.213	3.3484897855374514
-0.212	3.3493955372583
-0.211	3.35018369163116
-0.21022410381342863	3.350708364593746
-0.21	3.3508451170817235
-0.209	3.3513710404637087
-0.208	3.351753094993729
-0.207	3.351983367672998
-0.206	3.3520544460638644
-0.205	3.351959464289923
-0.204	3.3516921481295565
-0.2030630990890589	3.351280315295376
-0.203	3.3512468590741267
-0.202	3.3506186372238296
-0.201	3.349803242896166
-0.2	3.348797196824453
-0.199	3.3475978188263156
-0.198	3.346203264825146
-0.197	3.3446125621106675
-0.19614602447418766	3.343098788001503
-0.196	3.34282564272833
-0.195	3.340843374890949
-0.194	3.3386675923101263
-0.193	3.3363011213492473
-0.192	3.3337478059043613
-0.191	3.331012529924076
-0.19	3.3281012374845282
-0.18946457081379978	3.32647248922329
-0.189	3.3250209503407273
-0.188	3.321779782880936
-0.187	3.3183869544163174
-0.186	3.314852798743882
-0.185	3.3111887709265826
-0.184	3.307407451240535
-0.18301071199320315	3.3035646590684937
-0.183	3.3035225462454822
-0.182	3.2995488869409404
-0.181	3.295502423976839
-0.18	3.291400219894006
-0.179	3.2872604383764035
-0.178	3.283102330503649
-0.177	3.2789462179990516
-0.1767766952966369	3.278020554093207
-0.176	3.274813473475132
-0.175	3.2707264976853283
-0.174	3.2667086937973306
-0.173	3.2627844387102836
-0.172	3.2589790514447863
-0.171	3.255318758641347
-0.17075503209429946	3.254447303480312
-0.17	3.2518306572095943
-0.169	3.248542674177168
-0.168	3.2454835237937334
-0.167	3.2426826619520144
-0.166	3.240170237994084
-0.165	3.237977043977462
-0.16493848884661177	3.2378532612055504
-0.164	3.2361344614816074
-0.163	3.2346744060414747
-0.162	3.2336292693006574
-0.161	3.2330318589822986
-0.16	3.2329153367815615
-0.15932007841490778	3.2331278059001396
-0.159	3.2333131542888176
-0.158	3.234258987057863
-0.157	3.235786666938532
-0.156	3.2379301127978306
-0.155	3.240723259758343
-0.154	3.24419998708698
-0.1538930516681145	3.2446136852376584
-0.153	3.24839404487133
-0.152	3.253338979624732
-0.151	3.2590680589648575
-0.15	3.2656141955139977
-0.149	3.273009870172368
-0.14865088937534013	3.275797752748521
-0.148	3.2812870549186206
-0.147	3.290477135294345
-0.146	3.300610832731662
-0.145	3.311718126884966
-0.144	3.3238281781296948
-0.1435872943746294	3.329125042979875
-0.143	3.336969250392335
-0.142	3.3511686344770153
-0.141	3.3664525720548455
-0.14	3.382846180482621
-0.139	3.4003733786176706
-0.1386961840084806	3.40592642009414
-0.138	3.419056813795446
-0.137	3.4389177901359944
-0.136	3.4599761983445108
-0.135	3.4822504471701317
-0.134	3.5057573966854925
-0.13397168281703664	3.5064411488442646
-0.133	3.5305122935477806
-0.132	5.3964657331756865
-0.131	5.340764371692567
-0.13	5.282916437293709
-0.12940811548017217	5.247733116976311
-0.129	5.2230865526120835
-0.128	5.161433537743599
-0.127	5.098109998000542
-0.126	5.033262058190834
-0.125	4.967029242979904
-0.125	4.967029242979904
-0.124	4.899544500998928
-0.123	4.8309343685353525
-0.122	4.761319266902615
-0.121	4.69081392595751
-0.12074204111560571	4.672495493986932
-0.12	4.619527924734744
-0.119	4.547566338816132
-0.118	4.475030482860236
-0.117	4.4020187356983245
-0.11662912394210095	4.374838848123826
-0.116	4.328627434562564
-0.115	4.254951824357119
-0.114	4.181087047414788
-0.113	4.107129158899741
-0.11265630782635375	4.081706510930884
-0.112	4.033176152917381
-0.111	3.959328984469035
-0.11	3.8856925726334035
-0.109	3.812376770757809
-0.1088188204120155	3.799136649934128
-0.108	3.7394972899875865
-0.107	3.6671765631376667
-0.106	3.595544536701169
-0.10511205190671431	3.5326275746181923
-0.105	3.524739379679926
-0.104	3.4549080988948035
-0.103	3.3862070514734235
-0.102	3.3188023463029257
-0.10153154954452945	3.2877219234297073
-0.101	3.2528701273607346
-0.1	3.188596732981941
-0.099	3.1261787262747105
-0.09807301223709386	3.070155081628961
-0.098	3.065822793042829
-0.097	3.0077455047067123
-0.096	2.952172944821802
-0.095	2.899340198869436
-0.09473228540689986	2.885692070390717
-0.094	2.8494907080341196
-0.093	2.802875488679507
-0.092	2.7597522201906566
-0.09150535599660158	2.7397931313252646
-0.091	2.7203842047624343
-0.09	2.6850392035835005
-0.089	2.653988154694725
-0.08838834764831845	2.6372291239245933
-0.088	2.6275037785927715
-0.087	2.6058590784078373
-0.086	2.5893257422131577
-0.08537751604714973	2.581733954604969
-0.085	2.5781724557271697
-0.084	2.5726631343511874
-0.083	2.5730550841498716
-0.08246924442330592	2.575746035340806
-0.082	2.5795971020313444
-0.081	2.592527526020873
-0.08	2.612072247147008
-0.07966003920745386	2.6202612303087816
-0.079	2.6384426950716824
-0.078	2.6718338101937684
-0.077	2.7124220155353074
-0.07694652583405726	2.714798259965183
-0.076	2.7603632022756526
-0.075	2.8157907433240865
-0.07432544468767006	2.857463802676826
-0.074	2.878813549807253
-0.073	2.9495141857838747
-0.072	3.0279470568740643
-0.0717936471873147	3.0450971166657848
-0.071	3.1141366887912145
-0.07	3.2080761119774963
-0.06934809200424033	3.2734712069718976
-0.069	3.30972536865493
-0.068	3.4190101585984416
-0.067	3.5358206398007614
-0.0669858414085183	3.5375278809532738
-0.066	5.664543071704621
-0.065	5.392857762137182
-0.06470405774008609	5.31180273550676
-0.064	5.118457470568079
-0.063	4.844166127890692
-0.0625	4.707882224757105
-0.062	4.572581025315294
-0.061	4.306061011364439
-0.06037102055780286	4.141981848699899
-0.06	4.046726516714119
-0.059	3.7964703283761034
-0.05831456197105048	3.6310581459011355
-0.058	3.556977636150987
-0.057	3.3297535653767003
-0.05632815391317687	3.184668397639244
-0.056	3.116156195990034
-0.055	2.917432948352396
-0.05440941020600775	2.807533535513601
-0.054	2.734758185834546
-0.053	2.5692699337242124
-0.052556025953357156	2.501602319826759
-0.052	2.4221037320804086
-0.051	2.294421814071462
-0.050765774772264724	2.26746100367814
-0.05	2.1874360186281994
-0.04903650611854693	2.1051248517816052
-0.049	2.1024230956804604
-0.048	2.0407313345960936
-0.04736614270344993	2.0143452874242014
-0.047	2.0037777349116284
-0.046	1.9930352387146384
-0.04575267799830079	1.994595034960579
-0.045	2.0100098539410567
-0.04419417382415922	2.0448811662959345
-0.044	2.056207816720905
-0.043	2.133093268690162
-0.042688758023574865	2.1635043144881125
-0.042	2.2420372614167414
-0.04123462221165296	2.3478457204018377
-0.041	2.384259242835139
-0.04	2.5607625255178936
-0.03983001960372693	2.594230043335332
-0.039	2.772265576291305
-0.03847326291702863	2.8978844388845584
-0.038	3.019131290193878
-0.03716272234383503	3.2529941810875993
-0.037	3.30129670467547
-0.036	3.6182058548424303
-0.03589682359365735	3.6528416737825053
-0.035	3.9687486479893463
-0.034674046002120165	4.090008077649684
-0.034	4.351208725385291
-0.03349292070425915	4.556613797411178
-0.033	5.393068339730091
-0.03235202887004304	4.882757008098676
-0.032	4.612942416294651
-0.03125	4.062242540605801
-0.031	3.8873518443640904
-0.03018551027890143	3.353093578561213
-0.03	3.2396901348335083
-0.02915728098552524	2.767089460371311
-0.029	2.686985160225814
-0.028164076956588437	2.3065417398403545
-0.028	2.241084630055741
-0.027204705103003875	1.9683366189168627
-0.027	1.9103408270762932
-0.026278012976678578	1.7469105340061766
-0.026	1.7014215428174053
-0.025382887386132362	1.6361045384421848
-0.025	1.6208838251077928
-0.024518253059273465	1.6300648216776283
-0.024	1.6762002914551248
-0.023683071351724965	1.72345014302311
-0.023	1.8760129313882015
-0.022876338999150394	1.9112150474184015
-0.02209708691207961	2.188198713513784
-0.022	2.2294971802852155
-0.021344379011787432	2.5486908804901276
-0.021	2.7448428540856002
-0.02061731110582648	2.9860858499248617
-0.02	3.426992097992978
-0.019915009801863465	3.492682454644481
-0.019236631458514314	4.0596462292355975
-0.019	4.274908814216545
-0.018581361171917516	4.677120698037236
-0.018	5.27877441277432
-0.017948411796828673	5.334456796267328
-0.017337023001060083	6.020521106184573
-0.017	6.417590298155645
-0.016746460352129577	6.724042587336836
-0.01617601443502152	4.631818360884342
-0.016	4.312507921647342
-0.015625	3.681977754010762
-0.015092755139450714	2.9178573022329144
-0.015	2.8016523188323936
-0.01457864049276262	2.3406810652511494
-0.014082038478294218	1.9432696867430725
-0.014	1.8932308025366844
-0.013602352551501938	1.714828689599334
-0.013139006488339289	1.6439372157996326
-0.013	1.652108182051183
-0.012691443693066181	1.7199841446361293
-0.012259126529636732	1.9334708807055396
-0.012	2.129724033093961
-0.011841535675862483	2.2756239283942974
-0.011438169499575197	2.737699781131922
-0.011048543456039806	3.310267558603478
-0.011	3.3903997680107434
-0.010672189505893716	3.98265209657443
-0.01030865555291324	4.742629181159138
-0.01	5.470467865947748
-0.009957504900931733	5.576393333161951
-0.009618315729257157	6.468769072702812
-0.009290680585958758	7.403607488199338
-0.009	8.284160698720623
-0.008974205898414337	8.364297838822965
-0.008668511500530041	9.334324648041521
-0.008373230176064788	10.297810027745765
-0.00808800721751076	4.921829241288164
-0.008	4.586420688679689
-0.0078125	3.9411488468691602
-0.007546377569725352	3.198446774446631
-0.00728932024638131	2.6858793387816564
-0.007041019239147109	2.3910863356911722
-0.007	2.3619002468023877
-0.006801176275750973	2.3010217135032476
-0.0065695032441696445	2.403609254427875
-0.006345721846533087	2.68786932556053
-0.006129563264818366	3.1431746853559304
-0.006	3.504192397446531
-0.005920767837931241	3.7581855417925656
-0.005719084749787602	4.5198592328358265
-0.005524271728019903	5.412772924427117
-0.005336094752946855	6.41886267859313
-0.00515432777645662	7.517579534192025
-0.005	8.53979186449059
-0.004978752450465866	8.686394858379243
-0.004809157864628582	9.901550207727597
-0.004645340292979379	11.138935607831963
-0.004487102949207166	12.37498767185432
-0.004334255750265021	13.587518440508266
-0.004186615088032394	14.75641110353075
-0.004044003608755383	6.260059462097743
-0.004	5.883285405615076
-0.00390625	5.161752581350989
-0.003773188784862676	4.3426493060863285
-0.003644660123190655	3.7992102287785556
-0.0035205096195735546	3.5233210401147206
-0.0034005881378754866	3.5048280724857226
-0.0032847516220848223	3.732246496475951
-0.0031728609232665435	4.19237459143526
-0.003064781632409183	4.869461346612203
-0.003	5.386793018211775
-0.0029603839189656206	5.7444123601633486
-0.002859542374893801	6.79433795404553
-0.0027621358640099515	7.992581681379934
-0.0026680473764734273	9.309235111842069
-0.00257716388822831	10.71205322066494
-0.002489376225232933	12.167633588021722
-0.002404578932314291	13.6427065302218
-0.0023226701464896895	15.105393854820823
-0.002243551474603583	16.526321739891713
-0.0021671278751325103	17.87950939611295
-0.002093307544016197	19.14299239315649
-0.0020220018043776915	7.230442890505258
-0.002	6.771722700378413
-0.001953125	5.904550600070193
-0.001886594392431338	4.950198902169582
-0.0018223300615953274	4.358941388756335
-0.0017602548097867773	4.1146196987568295
-0.0017002940689377433	4.197004352271249
-0.0016423758110424111	4.583242935664276
-0.0015864304616332718	5.247965166133475
-0.0015323908162045916	6.162818903143674
-0.0014801919594828103	7.296018895222841
-0.0014297711874469005	8.612261899792436
-0.0013810679320049757	10.073151156180279
-0.0013340236882367136	11.638109585955863
-0.001288581944114155	13.265655438311175
-0.0012446881126164666	14.91486406280198
-0.0012022894661571455	16.546834691273673
-0.0011613350732448448	18.126007575655006
-0.0011217757373017914	19.6212204520031
-0.0010835639375662552	21.00644210211768
-0.0010466537720080985	22.26116603133806
-0.0010110009021888457	6.8802819832351245
-0.001	6.40203809645518
-0.0009765625	5.524608344531913
-0.000943297196215669	4.6217393049152244
-0.0009111650307976637	4.142632559308247
-0.0008801274048933886	4.053621701695844
-0.0008501470344688716	4.320204878514494
-0.0008211879055212056	4.9079912251928315
-0.0007932152308166359	5.78209918963582
-0.0007661954081022958	6.906063713841848
-0.0007400959797414052	8.240966270720866
-0.0007148855937234502	9.745161707624957
-0.0006905339660024879	11.374698366985932
-0.0006670118441183568	13.084336482953507
-0.0006442909720570775	14.82896402653428
-0.0006223440563082333	16.565174941695595
-0.0006011447330785727	18.25279200823857
-0.0005806675366224224	19.856164676907383
-0.0005608878686508957	21.345133197588755
-0.0005417819687831276	22.695610715227193
-0.0005233268860040493	23.88978611705911
-0.0005055004510944229	6.110529648078459
-0.00048828125	4.878727721205999
-0.0004716485981078345	4.120133012844405
-0.00045558251539883185	3.7923648727645456
-0.0004400637024466943	3.8531568929469326
-0.0004250735172344358	4.2628373254742025
-0.0004105939527606028	4.984001948065719
-0.00039660761540831794	5.979912146962266
-0.0003830977040511479	7.212748594161158
-0.0003700479898707026	8.642405096495303
-0.0003574427968617251	10.226117577187933
-0.00034526698300124393	11.918933633296241
-0.0003335059220591784	13.674846856112735
-0.00032214548602853873	15.448334762367518
-0.00031117202815411665	17.196027591832582
-0.00030057236653928637	18.878272553150946
-0.0002903337683112112	20.460421425064947
-0.00028044393432544786	21.91374030494091
-0.0002708909843915638	23.21590579662756
-0.00026166344300202464	24.351104470406806
-0.00025275022554721143	5.547041798394121
-0.000244140625	4.432569813840772
-0.00023582429905391725	3.7828277099377488
-0.00022779125769941593	3.5514031985162107
-0.00022003185122334716	3.6945324043295984
-0.0002125367586172179	4.172528174025965
-0.0002052969763803014	4.948663776433518
-0.00019830380770415897	5.987070545228429
-0.00019154885202557394	7.250737451796206
-0.0001850239949353513	8.700227660255367
-0.00017872139843086256	10.29333634040711
-0.00017263349150062197	11.98563676461288
-0.0001667529610295892	13.731697489068377
-0.00016107274301426937	15.486684719919811
-0.00015558601407705832	17.20806604957268
-0.00015028618326964319	18.85717890448512
-0.0001451668841556056	20.400496459429924
-0.00014022196716272393	21.810497620698932
-0.0001354454921957819	23.066113828190026
-0.00013083172150101232	24.15277710774226
-0.00012637511277360572	5.2224044335458215
-0.0001220703125	4.178210205382843
-0.00011791214952695862	3.5867368592857614
-0.00011389562884970796	3.400846403110509
-0.00011001592561167358	3.577100139512246
-0.00010626837930860896	4.076657560211517
-0.0001026484881901507	4.863820428911283
-9.915190385207948e-5	5.9037524044091745
-9.577442601278697e-5	7.160415120091069
-9.251199746767564e-5	8.595288479610788
-8.936069921543128e-5	10.167061282132503
-8.631674575031098e-5	11.83221314432884
-8.33764805147946e-5	13.546255864236182
-8.053637150713468e-5	15.265342673536868
-7.779300703852916e-5	16.947962050167984
-7.514309163482159e-5	18.55648342609071
-7.25834420778028e-5	20.05839295507578
-7.011098358136196e-5	21.427131307694943
-6.772274609789095e-5	22.64251068688493
-6.541586075050616e-5	23.690738617952817
-6.318755638680286e-5	4.977830026414431
-6.103515625e-5	3.9881113764572715
-5.895607476347931e-5	3.4369322120995736
-5.694781442485398e-5	3.2781204628458442
-5.500796280583679e-5	3.46954774839695
-5.313418965430448e-5	3.973755395685768
-5.132424409507535e-5	4.756366173399662
-4.957595192603974e-5	5.783766182210596
-4.7887213006393486e-5	7.021054781830796
-4.625599873383782e-5	8.430797429617973
-4.468034960771564e-5	9.972746483338302
-4.315837287515549e-5	11.604440299713962
-4.16882402573973e-5	13.282445896862189
-4.026818575356734e-5	14.963955672784238
-3.889650351926458e-5	16.608459381604167
-3.7571545817410796e-5	18.179263897334025
-3.62917210389014e-5	19.644703609674142
-3.505549179068098e-5	20.978956955127465
-3.3861373048945474e-5	22.16244846236429
-3.270793037525308e-5	23.181864777671944
-3.159377819340143e-5	4.812717136763579
-3.0517578125e-5	3.8571906740076374
-2.9478037381739656e-5	3.3283262443177253
-2.8473907212426957e-5	3.181002481299447
-2.750398140291843e-5	3.37423253500184
-2.656709482715224e-5	3.871676554529991
-2.5662122047537674e-5	4.640023484444312
-2.478797596301987e-5	5.646687488303556
-2.3943606503196716e-5	6.857786512565351
-2.312799936691894e-5	8.23691847364903
-2.234017480385782e-5	9.74489072353019
-2.1579186437577746e-5	11.340311281768217
-2.084412012869865e-5	12.980810044943135
-2.0134092876783644e-5	14.62460573719055
-1.9448251759632314e-5	16.232145538396683
-1.8785772908705398e-5	17.7675949052844
-1.81458605194507e-5	19.20002403717251
-1.752774589534049e-5	20.50420854343494
-1.6930686524472717e-5	21.661024322540893
-1.635396518762656e-5	22.6574646279743
-1.5796889096700715e-5	4.726783597180068
-1.52587890625e-5	3.779618213848136
-1.4739018690869828e-5	3.249314206469553
-1.4236953606213478e-5	3.0913314778630103
-1.3751990701459215e-5	3.2652114737506075
-1.328354741357612e-5	3.7351550531388145
-1.2831061023768837e-5	4.468485131789352
-1.2393987981509936e-5	5.433409603264366
-1.1971803251598358e-5	6.597035390842673
-1.156399968345947e-5	7.924143893147355
-1.117008740192891e-5	9.376886781280199
-1.0789593218788873e-5	10.915319218086125
-1.0422060064349325e-5	12.498549583489138
-1.0067046438391822e-5	14.086232241382836
-9.724125879816157e-6	15.64013932017827
-9.392886454352699e-6	17.125595445833547
-9.07293025972535e-6	18.512625465105817
-8.763872947670246e-6	19.7767337157202
-8.465343262236358e-6	20.899293805148535
-8.17698259381328e-6	21.867574431822685
-7.898444548350357e-6	4.60299652139293
-7.62939453125e-6	3.6766412544404763
-7.369509345434914e-6	3.1544130741922456
-7.118476803106739e-6	2.9931389884615167
-6.875995350729607e-6	3.1535479617131563
-6.64177370678806e-6	3.6008957132497055
-6.4155305118844185e-6	4.303513628340568
-6.196993990754968e-6	5.230655841980057
-5.985901625799179e-6	6.350571220086396
-5.781999841729735e-6	7.629300963454163
-5.585043700964455e-6	9.030361846838476
-5.3947966093944364e-6	10.51523972334943
-5.211030032174663e-6	12.044482898965184
-5.033523219195911e-6	13.579132685836651
-4.8620629399080785e-6	15.08223633282866
-4.6964432271763496e-6	16.520232995191158
-4.536465129862675e-6	17.86406673179852
-4.381936473835123e-6	19.089946486026314
-4.232671631118179e-6	20.17973137192516
-4.08849129690664e-6	21.120964750518105
-3.949222274175179e-6	4.478496512613814
-3.814697265625e-6	3.574117108903355
-3.684754672717457e-6	3.061161097403814
-3.5592384015533696e-6	2.8978972556472877
-3.4379976753648036e-6	3.046298165891122
-3.32088685339403e-6	3.472708570230492
-3.2077652559422093e-6	4.146479583467325
-3.098496995377484e-6	5.037900977791678
-2.9929508128995895e-6	6.11633377044409
-2.8909999208648673e-6	7.349033897831343
-2.7925218504822275e-6	8.700827580547502
-2.6973983046972182e-6	10.134570077600841
-2.6055150160873313e-6	11.612187488924189
-2.5167616095979554e-6	13.09604930015096
-2.4310314699540393e-6	14.550425822698298
-2.3482216135881748e-6	15.942827772730388
-2.2682325649313374e-6	17.24508590948406
-2.1909682369175614e-6	18.43409216918551
-2.1163358155590896e-6	19.492180125167437
-2.04424564845332e-6	20.4071663950114
-1.9746111370875893e-6	4.3559058138926705
-1.9073486328125e-6	3.473521176354198
-1.8423773363587285e-6	2.970231424276398
-1.7796192007766848e-6	2.8057033633496165
-1.7189988376824018e-6	2.943121593477228
-1.660443426697015e-6	3.3498932837762987
-1.6038826279711046e-6	3.996361462937595
-1.549248497688742e-6	4.853818263715931
-1.4964754064497947e-6	5.892696167138175
-1.4454999604324336e-6	7.081417887896711
-1.3962609252411138e-6	8.386065608753348
-1.3486991523486091e-6	9.770807726330558
-1.3027575080436657e-6	11.198892228195078
-1.2583808047989777e-6	12.633964279508609
-1.2155157349770196e-6	14.041470761180635
-1.1741108067940874e-6	15.389955365463134
-1.1341162824656687e-6	16.652106016411825
-1.0954841184587807e-6	17.80547755423822
-1.0581679077795448e-6	18.83286712087401
-1.02212282422666e-6	19.722362144148082
-9.873055685437947e-7	4.236178340079235
-9.5367431640625e-7	3.3754770117708386
-9.211886681793642e-7	2.8819546420931337
-8.898096003883424e-7	2.7166218634184713
-8.594994188412009e-7	2.8438330767662716
-8.302217133485075e-7	3.2320222986043294
-8.019413139855523e-7	3.852490266242309
-7.74624248844371e-7	4.677494714138247
-7.482377032248974e-7	5.67849817607475
-7.227499802162168e-7	6.825043779931007
-6.981304626205569e-7	8.084419495971893
-6.743495761743046e-7	9.422054969151278
-6.513787540218328e-7	10.802469002089573
-6.291904023994889e-7	12.19053470349973
-6.077578674885098e-7	13.552833297418191
-5.870554033970437e-7	14.858906353227976
-5.670581412328344e-7	16.082271961770196
-5.477420592293904e-7	17.201129307562663
-5.290839538897724e-7	18.19872875832665
-5.1106141211333e-7	19.0634257633616
-4.936527842718973e-7	4.1195472513406415
-4.76837158203125e-7	3.280124381837114
-4.605943340896821e-7	2.7963614229496585
-4.449048001941712e-7	2.630562115141339
-4.2974970942060045e-7	2.7482096879271825
-4.1511085667425373e-7	3.1187297495559467
-4.0097065699277616e-7	3.7143469182059548
-3.873121244221855e-7	4.508248792448856
-3.741188516124487e-7	5.472888461525991
-3.613749901081084e-7	6.578885892296782
-3.4906523131027844e-7	7.794688143816878
-3.371747880871523e-7	9.086938093471964
-3.256893770109164e-7	10.421378241200625
-3.1459520119974443e-7	11.764065645084342
-3.038789337442549e-7	13.082676933817023
-2.9352770169852185e-7	14.347719118196768
-2.835290706164172e-7	15.533515399379407
-2.738710296146952e-7	16.61889193745939
-2.645419769448862e-7	17.58754245115039
-2.55530706056665e-7	18.428087437541855
-2.4682639213594866e-7	4.005972793920291
-2.384185791015625e-7	3.187409973431836
-2.3029716704484106e-7	2.7133612689240865
-2.224524000970856e-7	2.547377294482855
-2.1487485471030023e-7	2.6560320824844483
-2.0755542833712687e-7	3.009709700834742
-2.0048532849638808e-7	3.5815267090853116
-1.9365606221109274e-7	4.345566879601363
-1.8705942580622434e-7	5.275236761056805
-1.806874950540542e-7	6.342192367383474
-1.7453261565513922e-7	7.515996217535166
-1.6858739404357614e-7	8.764459598843708
-1.628446885054582e-7	10.054504718073586
-1.5729760059987222e-7	11.353331468710653
-1.5193946687212745e-7	12.629675430339676
-1.4676385084926092e-7	13.854978605172356
-1.417645353082086e-7	15.004345680056087
-1.369355148073476e-7	16.057213290445645
-1.322709884724431e-7	16.997708964854674
-1.277653530283325e-7	17.81471512982708
-1.2341319606797433e-7	3.895354888895397
-1.1920928955078125e-7	3.0972398108675567
-1.1514858352242053e-7	2.6328454191712436
-1.112262000485428e-7	2.4669265876959594
-1.0743742735515011e-7	2.5671127625774846
-1.0377771416856343e-7	2.9047154143411995
-1.0024266424819404e-7	3.45371298826135
-9.682803110554637e-8	4.1890536897671735
-9.352971290311217e-8	5.085062576175826
-9.03437475270271e-8	6.114393275214798
-8.726630782756961e-8	7.2476826438471464
-8.429369702178807e-8	8.453868098005056
-8.14223442527291e-8	9.70101000365091
-7.864880029993611e-8	10.957412194462426
-7.596973343606373e-8	12.192834639456363
-7.338192542463046e-8	13.379625378487331
-7.08822676541043e-8	14.49364802526498
-6.84677574036738e-8	15.514933824261318
-6.613549423622155e-8	16.428034800351845
-6.388267651416625e-8	17.222092058754406
-6.170659803398717e-8	3.7875934809990386
-5.960464477539063e-8	3.0095223558995987
-5.7574291761210265e-8	2.554713937723665
-5.56131000242714e-8	2.389087454670877
-5.371871367757506e-8	2.4812944385910183
-5.188885708428172e-8	2.803544402542622
-5.012133212409702e-8	3.330649208126542
-4.8414015552773186e-8	4.038391404549086
-4.6764856451556086e-8	4.901981409049486
-4.517187376351355e-8	5.895033986826539
-4.3633153913784805e-8	6.989221266810044
-4.2146848510894035e-8	8.154566575430561
-4.071117212636455e-8	9.360228857122017
-3.9324400149968054e-8	10.575578763808064
-3.7984866718031864e-8	11.771367594048687
-3.669096271231523e-8	12.920821649468289
-3.544113382705215e-8	14.00054174188945
-3.42338787018369e-8	14.9911383423149
-3.3067747118110775e-8	15.877578818964832
-3.1941338257083125e-8	16.649259580184093
-3.085329901699358e-8	3.6826000534758134
-2.9802322387695312e-8	2.9241762062925343
-2.8787145880605133e-8	2.47887872271291
-2.78065500121357e-8	2.313753327837739
-2.685935683878753e-8	2.3984419107689794
-2.594442854214086e-8	2.7060240293024367
-2.506066606204851e-8	3.2121178057455166
-2.4207007776386593e-8	3.89331143774687
-2.3382428225778043e-8	4.725669085940846
-2.2585936881756776e-8	5.683731841640077
-2.1816576956892402e-8	6.740169784998759
-2.1073424255447017e-8	7.866053680863583
-2.0355586063182276e-8	9.031603130078633
-1.9662200074984027e-8	10.207219970698594
-1.8992433359015932e-8	11.364615027308828
-1.8345481356157615e-8	12.477866067972688
-1.7720566913526073e-8	13.52429005969658
-1.711693935091845e-8	14.485061711280498
-1.6533873559055387e-8	15.34555470323717
-1.5970669128541563e-8	16.095417254701065
-1.542664950849679e-8	3.5802968897062084
-1.4901161193847656e-8	2.841129101545476
-1.4393572940302566e-8	2.4052612555283672
-1.390327500606785e-8	2.240829337108426
-1.3429678419393764e-8	2.3184351518295103
-1.297221427107043e-8	2.612001430656222
-1.2530333031024255e-8	3.0979265178870454
-1.2103503888193296e-8	3.7535767732969285
-1.1691214112889021e-8	4.555839827658116
-1.1292968440878388e-8	5.4801497534733326
-1.0908288478446201e-8	6.500138800756356
-1.0536712127723509e-8	7.587888240531004
-1.0177793031591138e-8	8.714641869547421
-9.831100037492013e-9	9.851798390984667
-9.496216679507966e-9	10.971997455755616
-9.172740678078808e-9	12.05014236259348
-8.860283456763037e-9	13.064245789883493
-8.558469675459224e-9	13.99603203699057
-8.266936779527694e-9	14.83127216783635
-7.985334564270781e-9	15.559862612285224
-7.713324754248396e-9	3.4806142543609337
-7.450580596923828e-9	2.7603155921177978
-7.196786470151283e-9	2.3337900256889053
-6.951637503033925e-9	2.170228919679272
-6.714839209696882e-9	2.241164643730871
-6.486107135535215e-9	2.5213372008289983
-6.2651665155121274e-9	2.9879001016019826
-6.051751944096648e-9	3.6189714630136622
-5.845607056444511e-9	4.392233325683092
-5.646484220439194e-9	5.283980729219299
-5.454144239223101e-9	6.268773712697178
-5.268356063861754e-9	7.319668523834066
-5.088896515795569e-9	8.408898027075729
-4.915550018746007e-9	9.508824665288833
-4.748108339753983e-9	10.592987222797484
-4.586370339039404e-9	11.637089377405266
-4.430141728381518e-9	12.61981962182611
-4.279234837729612e-9	13.523437510643316
-4.133468389763847e-9	14.334102655988783
-3.992667282135391e-9	15.041956000720884
-3.856662377124198e-9	3.383487933012187
-3.725290298461914e-9	2.6816750792178192
3.725290298461914e-9	2.7455959407832844
3.856662377124198e-9	2.3808199226693185
3.992667282135391e-9	19.531720089456012
4.133468389763847e-9	19.64585563667096
4.279234837729612e-9	19.600191832252392
4.430141728381518e-9	19.378657498112478
4.586370339039404e-9	18.96899239409877
4.748108339753983e-9	18.364169312473372
4.915550018746007e-9	17.563781761266423
5.088896515795569e-9	16.575254600461918
5.268356063861754e-9	15.414710983026925
5.454144239223101e-9	14.107322774146784
5.646484220439194e-9	12.686992844173998
5.845607056444511e-9	11.195274534341669
6.051751944096648e-9	9.679530303359888
6.2651665155121274e-9	8.190464665768875
6.486107135535215e-9	6.7793219121277
6.714839209696882e-9	5.495189986753574
6.951637503033925e-9	4.382959180250407
7.196786470151283e-9	3.482499751047946
7.450580596923828e-9	2.8294950147369655
7.713324754248396e-9	2.4580501745703858
7.985334564270781e-9	20.19181055246352
8.266936779527694e-9	20.304722714008303
8.558469675459224e-9	20.252281810775155
8.860283456763037e-9	20.018010319004013
9.172740678078808e-9	19.58939390172542
9.496216679507966e-9	18.959346220647774
9.831100037492013e-9	18.12763525004391
1.0177793031591138e-8	17.10212369652224
1.0536712127723509e-8	15.899651748905491
1.0908288478446201e-8	14.546384540337073
1.1292968440878388e-8	13.077469226496154
1.1691214112889021e-8	11.535905922867173
1.2103503888193296e-8	9.9706370194825
1.2530333031024255e-8	8.433996913101979
1.297221427107043e-8	6.978824220894808
1.3429678419393764e-8	5.655693298772022
1.390327500606785e-8	4.510830953813123
1.4393572940302566e-8	3.5852978919556877
1.4901161193847656e-8	2.915879997487789
1.542664950849679e-8	2.537805179985209
1.5970669128541563e-8	20.87367826243087
1.6533873559055387e-8	20.985092604077835
1.711693935091845e-8	20.9254127049457
1.7720566913526073e-8	20.67774779647804
1.8345481356157615e-8	20.229328488560387
1.8992433359015932e-8	19.573015421150835
1.9662200074984027e-8	18.708765072045058
2.0355586063182276e-8	17.644900418191536
2.1073424255447017e-8	16.399009409045114
2.1816576956892402e-8	14.998288739768546
2.2585936881756776e-8	13.47917429991604
2.3382428225778043e-8	11.886161546441436
2.4207007776386593e-8	10.269823015998798
2.506066606204851e-8	8.684172265838898
2.594442854214086e-8	7.183688319211134
2.685935683878753e-8	5.820473389476106
2.78065500121357e-8	4.642127480578801
2.8787145880605133e-8	3.690935144616456
2.9802322387695312e-8	3.0048180281295176
3.085329901699358e-8	2.6201638549505497
3.1941338257083125e-8	21.577955981441022
3.3067747118110775e-8	21.6875797227447
3.42338787018369e-8	21.620175123598862
3.544113382705215e-8	21.358431369342775
3.669096271231523e-8	20.88932336125759
3.7984866718031864e-8	20.205665347821014
3.9324400149968054e-8	19.30761709490671
4.071117212636455e-8	18.20398523612721
4.2146848510894035e-8	16.913137355899675
4.3633153913784805e-8	15.463341295370805
4.517187376351355e-8	13.892367494388253
4.6764856451556086e-8	12.246256691963591
4.8414015552773186e-8	10.577263092099944
5.012133212409702e-8	8.941129865810908
5.188885708428172e-8	7.394023528227255
5.371871367757506e-8	5.989616431837218
5.56131000242714e-8	4.77691916532398
5.7574291761210265e-8	3.799474189821486
5.960464477539063e-8	3.096372842420612
6.170659803398717e-8	2.705200685597849
6.388267651416625e-8	22.305237617806352
6.613549423622155e-8	22.4127602442391
6.84677574036738e-8	22.337122416389303
7.08822676541043e-8	22.060586580573098
7.338192542463046e-8	21.56987157218474
7.596973343606373e-8	20.85775238160489
7.864880029993611e-8	19.924607558815325
8.14223442527291e-8	18.779751688913
8.429369702178807e-8	17.442364943053846
8.726630782756961e-8	15.941827093768003
9.03437475270271e-8	14.317290213528562
9.352971290311217e-8	12.61639152564477
9.682803110554637e-8	10.893119609957383
1.0024266424819404e-7	9.204998758639563
1.0377771416856343e-7	7.609930946917265
1.0743742735515011e-7	6.1632016529042675
1.112262000485428e-7	4.915269997643226
1.1514858352242053e-7	3.9109708981186064
1.1920928955078125e-7	3.190599811294134
1.2341319606797433e-7	2.79297876997391
1.277653530283325e-7	23.056025496985832
1.322709884724431e-7	23.161121094796986
1.369355148073476e-7	23.076721874455256
1.417645353082086e-7	22.78465695708968
1.4676385084926092e-7	22.27138901881044
1.5193946687212745e-7	21.529661357366408
1.5729760059987222e-7	20.560087404283657
1.628446885054582e-7	19.372514750454393
1.6858739404357614e-7	17.986969997985415
1.7453261565513922e-7	16.43398662245567
1.806874950540542e-7	14.7541464401898
1.8705942580622434e-7	12.996735373431754
1.9365606221109274e-7	11.217530021585207
2.0048532849638808e-7	9.47588810929361
2.0755542833712687e-7	7.831495673536102
2.1487485471030023e-7	6.341294750609525
2.224524000970856e-7	5.057231209260035
2.3029716704484106e-7	4.025467091516932
2.384185791015625e-7	3.287536427965276
2.4682639213594866e-7	2.8835363239567346
2.55530706056665e-7	23.830629608324998
2.645419769448862e-7	23.932962633116944
2.738710296146952e-7	23.83926176901754
2.835290706164172e-7	23.53091630346777
2.9352770169852185e-7	22.99413282462676
3.038789337442549e-7	22.221630758851706
3.1459520119974443e-7	21.214274861593324
3.256893770109164e-7	19.982471208986002
3.371747880871523e-7	18.547127166747195
3.4906523131027844e-7	16.939972212010368
3.613749901081084e-7	15.203066549123834
3.741188516124487e-7	13.387397514781679
3.873121244221855e-7	11.550583798518444
4.0097065699277616e-7	9.753869178071957
4.1511085667425373e-7	8.058772502421387
4.2974970942060045e-7	6.523935744297919
4.449048001941712e-7	5.202829436397798
4.605943340896821e-7	4.142976827629652
4.76837158203125e-7	3.3871840540553766
4.936527842718973e-7	2.9768605933505445
5.1106141211333e-7	24.628976167656518
5.290839538897724e-7	24.728213928620562
5.477420592293904e-7	24.624675099680058
5.670581412328344e-7	24.299302616876787
5.870554033970437e-7	23.73804698805264
6.077578674885098e-7	22.933611462707358
6.291904023994889e-7	21.887128367049662
6.513787540218328e-7	20.609587475341392
6.743495761743046e-7	19.122810913943866
6.981304626205569e-7	17.45976606090489
7.227499802162168e-7	15.664039697172404
7.482377032248974e-7	13.788372781767551
7.74624248844371e-7	11.892279600266878
8.019413139855523e-7	10.038941958742527
8.302217133485075e-7	8.291759488457078
8.594994188412009e-7	6.71111646644049
8.898096003883424e-7	5.352044617891795
9.211886681793642e-7	4.263460516808128
9.5367431640625e-7	3.4894731628721964
9.873055685437947e-7	3.07283789739272
1.02212282422666e-6	25.450249958391893
1.0581679077795448e-6	25.54608797815613
1.0954841184587807e-6	25.432210961749288
1.1341162824656687e-6	25.08910876260959
1.1741108067940874e-6	24.502475272109972
1.2155157349770196e-6	23.665004352795098
1.2583808047989777e-6	22.57811087212348
1.3027575080436657e-6	21.25339188128194
1.3486991523486091e-6	19.713616313925414
1.3962609252411138e-6	17.99302914902232
1.4454999604324336e-6	16.136789569800502
1.4964754064497947e-6	14.199441927036885
1.549248497688742e-6	12.242447160692741
1.6038826279711046e-6	10.33097463656291
1.660443426697015e-6	8.530350220522678
1.7189988376824018e-6	6.902740065165028
1.7796192007766848e-6	5.504770185279283
1.8423773363587285e-6	4.386778025425607
1.9073486328125e-6	3.594199885872654
1.9746111370875893e-6	3.1711618101870878
2.04424564845332e-6	26.29225241525347
2.1163358155590896e-6	26.38446337531568
2.1909682369175614e-6	26.259845674616255
2.2682325649313374e-6	25.898428711994416
2.3482216135881748e-6	25.28564773841762
2.4310314699540393e-6	24.414191616192284
2.5167616095979554e-6	23.285769389887868
2.6055150160873313e-6	21.91260474949326
2.6973983046972182e-6	20.318440504381517
2.7925218504822275e-6	18.538833383908283
2.8909999208648673e-6	16.620554914793104
2.9929508128995895e-6	14.619996641460324
3.098496995377484e-6	12.600611372585867
3.2077652559422093e-6	10.629599932287881
3.32088685339403e-6	8.77425433505682
3.4379976753648036e-6	7.098556332227378
3.5592384015533696e-6	5.66075241712926
3.684754672717457e-6	4.51261938342227
3.814697265625e-6	3.700932693453618
3.949222274175179e-6	3.271196499671676
4.08849129690664e-6	27.150400621102484
4.232671631118179e-6	27.2389215144853
4.381936473835123e-6	27.103367377623254
4.536465129862675e-6	26.72329834344301
4.6964432271763496e-6	26.08388582537258
4.8620629399080785e-6	25.1778130413633
5.033523219195911e-6	24.00708794957837
5.211030032174663e-6	22.584571602044406
5.3947966093944364e-6	20.93499765898171
5.585043700964455e-6	19.095257636227057
5.781999841729735e-6	17.11376376203286
5.985901625799179e-6	15.048787119334294
6.196993990754968e-6	12.96580680147575
6.4155305118844185e-6	10.934089173235819
6.64177370678806e-6	9.02292342016556
6.875995350729607e-6	7.298132032155052
7.118476803106739e-6	5.819598565379412
7.369509345434914e-6	4.640544887704152
7.62939453125e-6	3.8090787037236358
7.898444548350357e-6	3.3720615078633656
8.17698259381328e-6	28.01684637623135
8.465343262236358e-6	28.1019037180074
8.763872947670246e-6	27.955579481557187
9.07293025972535e-6	27.556953143275315
9.392886454352699e-6	26.890921602210444
9.724125879816157e-6	25.950153251157005
1.0067046438391822e-5	24.73694816493458
1.0422060064349325e-5	23.264801283786714
1.0789593218788873e-5	21.559437878262834
1.117008740192891e-5	19.659090018716963
1.156399968345947e-5	17.613821925485812
1.1971803251598358e-5	15.483801147185027
1.2393987981509936e-5	13.336555198028215
1.2831061023768837e-5	11.243442218205692
1.328354741357612e-5	9.275776953713448
1.3751990701459215e-5	7.501250205851139
1.4236953606213478e-5	5.981405050467537
1.4739018690869828e-5	4.770919648489938
1.52587890625e-5	3.9192252282969555
1.5796889096700715e-5	3.4744997203883625
1.635396518762656e-5	28.88625956142636
1.6930686524472717e-5	28.96829580725475
1.752774589534049e-5	28.81163274464528
1.81458605194507e-5	28.394855342254818
1.8785772908705398e-5	27.70257073548423
1.9448251759632314e-5	26.727416489978538
2.0134092876783644e-5	25.47196890857
2.084412012869865e-5	23.950342085970792
2.1579186437577746e-5	22.189240438977695
2.234017480385782e-5	20.228227408539304
2.312799936691894e-5	18.11901393701904
2.3943606503196716e-5	15.923662549594846
2.478797596301987e-5	13.71175003842622
2.5662122047537674e-5	11.55672606650328
2.656709482715224e-5	9.531923143225663
2.750398140291843e-5	7.706874363572849
2.8473907212426957e-5	6.14472154749855
2.9478037381739656e-5	4.901479282586743
3.0517578125e-5	4.02768928432064
3.159377819340143e-5	3.572494764910005
3.270793037525308e-5	29.51852496860132
3.3861373048945474e-5	29.58426196867323
3.505549179068098e-5	29.405652388947825
3.62917210389014e-5	28.961309092698386
3.7571545817410796e-5	28.23607613938947
3.889650351926458e-5	27.223060625868772
4.026818575356734e-5	25.92555262527495
4.16882402573973e-5	24.35861998524647
4.315837287515549e-5	22.55013777765688
4.468034960771564e-5	20.541014086576652
4.625599873383782e-5	18.384417605120678
4.7887213006393486e-5	16.143908391153133
4.957595192603974e-5	13.890524277185357
5.132424409507535e-5	11.69907326717603
5.313418965430448e-5	9.644102358577008
5.500796280583679e-5	7.796213265260529
5.694781442485398e-5	6.219516587569442
5.895607476347931e-5	4.970988162752846
6.103515625e-5	4.102243340593128
6.318755638680286e-5	3.6637174649883177
6.541586075050616e-5	30.07312783122801
6.772274609789095e-5	30.112514567197156
7.011098358136196e-5	29.902365403674295
7.25834420778028e-5	29.421652056659607
7.514309163482159e-5	28.655810055252093
7.779300703852916e-5	27.598777303221635
8.053637150713468e-5	26.254904042251017
8.33764805147946e-5	24.64051810689745
8.631674575031098e-5	22.78490436526974
8.936069921543128e-5	20.730462093464002
9.251199746767564e-5	18.531851610828753
9.577442601278697e-5	16.254041579796347
9.915190385207948e-5	13.969323349423568
0.0001026484881901507	11.753558914798713
0.00010626837930860896	9.682148680049947
0.00011001592561167358	7.82640043551093
0.00011389562884970796	6.2510915438268855
0.00011791214952695862	5.013971472823085
0.0001220703125	4.167680292052753
0.00012637511277360572	3.7640031288802493
0.00013083172150101232	30.458468150976092
0.0001354454921957819	30.45471101565742
0.00014022196716272393	30.1973883389633
0.0001451668841556056	29.666416432113518
0.00015028618326964319	28.84843682315
0.00015558601407705832	27.738830855222766
0.00016107274301426937	26.343581983162043
0.0001667529610295892	24.680769266429017
0.00017263349150062197	22.78145429109602
0.00017872139843086256	20.689733413840944
0.0001850239949353513	18.461780212256336
0.00019154885202557394	16.16380824608858
0.00019830380770415897	13.869042781499918
0.0002052969763803014	11.653990650849888
0.0002125367586172179	9.594512227109659
0.00022003185122334716	7.7623828962606
0.00022779125769941593	6.223121623055081
0.00023582429905391725	5.035789632637218
0.000244140625	4.255152332538609
0.00025275022554721143	3.935998499971086
0.00026166344300202464	31.117041520827197
0.0002708909843915638	31.04345477341144
0.00028044393432544786	30.709781408299747
0.0002903337683112112	30.09746955040216
0.00030057236653928637	29.195112391842883
0.00031117202815411665	28.00042507022957
0.00032214548602853873	26.52203271184206
0.0003335059220591784	24.780853168145633
0.00034526698300124393	22.81084264134934
0.0003574427968617251	20.65888949529901
0.0003700479898707026	18.38370259647385
0.0003830977040511479	16.0536528352348
0.00039660761540831794	13.743688808432756
0.0004105939527606028	11.531645684207117
0.0004250735172344358	9.49446904418588
0.0004400637024466943	7.705034262983243
0.00045558251539883185	6.230293002858859
0.0004716485981078345	5.13135059880669
0.00048828125	4.4657060737952845
0.0005055004510944229	4.291229418886384
0.0005233268860040493	31.224809493873746
0.0005417819687831276	31.022854806161725
0.0005608878686508957	30.55895846573149
0.0005806675366224224	29.818200921128486
0.0006011447330785727	28.79330248078344
0.0006223440563082333	27.486453767798903
0.0006442909720570775	25.91090122714402
0.0006670118441183568	24.09208122296498
0.0006905339660024879	22.068091938750865
0.0007148855937234502	19.88932112449632
0.0007400959797414052	17.617118800517837
0.0007661954081022958	15.321521075510207
0.0007932152308166359	13.0781885526139
0.0008211879055212056	10.964901248692394
0.0008501470344688716	9.058116503446735
0.0008801274048933886	7.430196640177072
0.0009111650307976637	6.1478886068880545
0.000943297196215669	5.2724285113772185
0.0009765625	4.861207267141366
0.001	4.876229625150285
0.0010110009021888457	4.970266889572703
0.0010466537720080985	29.900333208131084
0.0010835639375662552	29.47703665180114
0.0011217757373017914	28.804425855901467
0.0011613350732448448	27.87507410894877
0.0012022894661571455	26.689573405782568
0.0012446881126164666	25.257987681328352
0.001288581944114155	23.600983316903008
0.0013340236882367136	21.750461429230572
0.0013810679320049757	19.749528840246086
0.0014297711874469005	17.65168743859304
0.0014801919594828103	15.519199015628502
0.0015323908162045916	13.420692431292746
0.0015864304616332718	11.42821069098567
0.0016423758110424111	9.614024432669048
0.0017002940689377433	8.047631579779116
0.0017602548097867773	6.793379320850316
0.0018223300615953274	5.909043744690764
0.001886594392431338	5.4454571858884835
0.001953125	5.446884724248749
0.002	5.735730672492929
0.0020220018043776915	5.9513638504006074
0.002093307544016197	28.190640213680496
0.0021671278751325103	27.48059897989647
0.002243551474603583	26.544572465250575
0.0023226701464896895	25.385069113761478
0.002404578932314291	24.01271492598361
0.002489376225232933	22.447143381335234
0.00257716388822831	20.71747635454407
0.0026680473764734273	18.86226312884834
0.0027621358640099515	16.928772914575323
0.002859542374893801	14.971589261727088
0.0029603839189656206	13.050531700855815
0.003	12.336408314514797
0.003064781632409183	11.22802441099217
0.0031728609232665435	9.56613037514199
0.0032847516220848223	8.123552439441267
0.0034005881378754866	6.952945841770368
0.0035205096195735546	6.098866507999035
0.003644660123190655	5.596578952983101
0.003773188784862676	5.471763405677473
0.00390625	5.740907660168699
0.004	6.156525699771378
0.004044003608755383	6.411876966181063
0.004186615088032394	24.619637959587777
0.004334255750265021	23.643786513770866
0.004487102949207166	22.490424145853147
0.004645340292979379	21.172003604502187
0.004809157864628582	19.707935121417886
0.004978752450465866	18.12472757827375
0.005	17.923527690473353
0.00515432777645662	16.455698023239727
0.005336094752946855	14.740184655891571
0.005524271728019903	13.022239607048018
0.005719084749787602	11.348835504347447
0.005920767837931241	9.767689810332229
0.006	9.195519825423931
0.006129563264818366	8.32488494239591
0.006345721846533087	7.062527832607732
0.0065695032441696445	6.016734447638263
0.006801176275750973	5.216226517723065
0.007	4.752577575552368
0.007041019239147109	4.681774711779277
0.00728932024638131	4.426604431320183
0.007546377569725352	4.457693104612349
0.0078125	4.777634846139728
0.008	5.163118621535207
0.00808800721751076	5.386444409746772
0.008373230176064788	19.678075595552226
0.008668511500530041	18.58040782550961
0.008974205898414337	17.367049632344184
0.009	17.261897206464482
0.009290680585958758	16.055757221067303
0.009618315729257157	14.669030051120568
0.009957504900931733	13.233692292950368
0.01	13.05542216961108
0.01030865555291324	11.780142162968973
0.010672189505893716	10.34127598611172
0.011	9.1238773344326
0.011048543456039806	8.951135248013381
0.011438169499575197	7.643372362297384
0.011841535675862483	6.449678303184535
0.012	6.028190378489713
0.012259126529636732	5.398353941016023
0.012691443693066181	4.5132261586013005
0.013	4.007361238314464
0.013139006488339289	3.813098070398868
0.013602352551501938	3.311869157791531
0.014	3.053716788051005
0.014082038478294218	3.019357818874673
0.01457864049276262	2.942702527670668
0.015	3.0456616067550484
0.015092755139450714	3.088013105978427
0.015625	3.461707831425396
0.016	3.8526526771373497
0.01617601443502152	4.070743855623226
0.016746460352129577	14.567130818658427
0.017	14.117180331324073
0.017337023001060083	13.510528721435145
0.017948411796828673	12.395908222863884
0.018	12.301541232230981
0.018581361171917516	11.24126364593057
0.019	10.487294064336487
0.019236631458514314	10.067085700210326
0.019915009801863465	8.895746458795273
0.02	8.75315218900944
0.02061731110582648	7.750706739545978
0.021	7.16187343112172
0.021344379011787432	6.65559330951319
0.022	5.758332014652424
0.02209708691207961	5.63322154696564
0.022876338999150394	4.704664721489841
0.023	4.5698943040417435
0.023683071351724965	3.8884881445724857
0.024	3.6086368563887996
0.024518253059273465	3.200268352790875
0.025	2.874757002061686
0.025382887386132362	2.6524972524382067
0.026	2.3604664762970944
0.026278012976678578	2.254922728225289
0.027	2.053710905895846
0.027204705103003875	2.0152968827284914
0.028	1.9411907263780943
0.028164076956588437	1.9403912114768276
0.029	2.0103369787114076
0.02915728098552524	2.037001473578093
0.03	2.2500876429324026
0.03018551027890143	2.3125204981119465
0.031	2.6504946859016134
0.03125	2.7745360775038956
0.032	3.2013551808926737
0.03235202887004304	3.42886518874902
0.033	3.8901930135204457
0.03349292070425915	10.177521472941923
0.034	9.791615709160594
0.034674046002120165	9.280684516469249
0.035	9.035127794234187
0.03589682359365735	8.367347482745707
0.036	8.291429693195044
0.037	7.567896179740544
0.03716272234383503	7.45252491015692
0.038	6.871025871082407
0.03847326291702863	6.552156176962959
0.039	6.206393566742757
0.03983001960372693	5.682568703600059
0.04	5.578634022584696
0.041	4.991454823447911
0.04123462221165296	4.859888735391867
0.042	4.447675081502579
0.042688758023574865	4.099451577185396
0.043	3.9492859653560464
0.044	3.497528569379957
0.04419417382415922	3.415275046014757
0.045	3.0929843634507317
0.04575267799830079	2.8196650168695276
0.046	2.7356734090961536
0.047	2.425155668784342
0.04736614270344993	2.323016311272325
0.048	2.1606310441134395
0.049	1.9410342252303403
0.04903650611854693	1.9338520302137923
0.05	1.7651209854764567
0.050765774772264724	1.6591069305474166
0.051	1.6315431799268543
0.052	1.5389103740611219
0.052556025953357156	1.5046047466699912
0.053	1.4858367123697755
0.054	1.470972313213559
0.05440941020600775	1.4756079018956059
0.055	1.4930191267416095
0.056	1.5507318020396552
0.05632815391317687	1.577238120875141
0.057	1.6429046661936433
0.058	1.7683464125667374
0.05831456197105048	1.8144920622434209
0.059	1.925844521164022
0.06	2.1141217845699294
0.06037102055780286	2.191529978472809
0.061	2.3317875833030013
0.062	2.577286739562905
0.0625	2.70993031653677
0.063	2.848848873506119
0.064	3.1444411870866653
0.06470405774008609	3.3657203888480685
0.065	3.46172750375167
0.066	3.798036196066673
0.0669858414085183	6.731936602147262
0.067	6.727758967603433
0.068	6.43496339807185
0.069	6.147086645603411
0.06934809200424033	6.0481520703301275
0.07	5.864768603057071
0.071	5.5886019170163515
0.0717936471873147	5.374163991810134
0.072	5.319131305359455
0.073	5.056853254503533
0.074	4.802216079791295
0.07432544468767006	4.721062043909476
0.075	4.555620329598698
0.076	4.317419511197112
0.07694652583405726	4.099968610002936
0.077	4.087921114217005
0.078	3.8673879057415066
0.079	3.6560394696111276
0.07966003920745386	3.521661245673203
0.08	3.4540539614438726
0.081	3.261570050161781
0.082	3.0786890164550256
0.08246924442330592	2.996203413406059
0.083	2.905476978593482
0.084	2.7419672162949698
0.085	2.588162563958108
0.08537751604714973	2.5326179924050445
0.086	2.444037845442346
0.087	2.3095423237023485
0.088	2.1846021399316795
0.08838834764831845	2.138638178404498
0.089	2.069122718413294
0.09	1.9629911149832078
0.091	1.8660782888601097
0.09150535599660158	1.8205644375336913
0.092	1.7782412795492264
0.093	1.699325272565845
0.094	1.6291655398159632
0.09473228540689986	1.5832428002450902
0.095	1.5675892425932154
0.096	1.5144170872789158
0.097	1.4694648259437098
0.098	1.4325445961249814
0.09807301223709386	1.4301584545496142
0.099	1.4034660960755554
0.1	1.382037593730457
0.101	1.3680667695053796
0.10153154954452945	1.363610164042423
0.102	1.3613613948110688
0.103	1.3617298498318664
0.104	1.3689814856660778
0.105	1.3829268373537948
0.10511205190671431	1.384898216809992
0.106	1.4033776956197532
0.107	1.4301470463309465
0.108	1.4630488877090873
0.1088188204120155	1.4944264557975742
0.109	1.5018979362455716
0.11	1.5465092330413495
0.111	1.5966976629369618
0.112	1.6522773993105933
0.11265630782635375	1.6915951248085463
0.113	1.7130612878065108
0.114	1.7788601825154886
0.115	1.8494822482658162
0.116	1.9247322427017877
0.11662912394210095	1.974356099689776
0.117	2.004410791729785
0.118	2.0883136717042574
0.119	2.1762311114109956
0.12	2.2679471264876034
0.12074204111560571	2.3383279706870757
0.121	2.3632388984053363
0.122	2.4618762095271087
0.123	2.5636209450585863
0.124	2.6682266719277252
0.125	2.775438303768569
0.125	2.775438303768569
0.126	2.8849918602531313
0.127	2.9966143280170567
0.128	3.1100236293668932
0.129	3.224928703846202
0.12940811548017217	3.272184169149295
0.13	3.3410297065819354
0.131	3.458018326139297
0.132	3.575578223391266
0.133	4.411960007054047
0.13397168281703664	4.316917653754263
0.134	4.314168517788116
0.135	4.217848509251137
0.136	4.123041220339874
0.137	4.0297853287189325
0.138	3.9381169587032145
0.1386961840084806	3.875254145042848
0.139	3.8480696933276284
0.14	3.7596745904802864
0.141	3.6729602029694277
0.142	3.5879526023886292
0.143	3.504675406639952
0.1435872943746294	3.456582347182855
0.144	3.423149810969961
0.145	3.3433946223696394
0.146	3.2654262971855648
0.147	3.1892589817867103
0.148	3.1149045561286366
0.14865088937534013	3.067486744034054
0.149	3.0423726800547435
0.15	2.9716708421725757
0.151	2.902804411142089
0.152	2.8357766892119187
0.153	2.7705889678394566
0.1538930516681145	2.7139278126133295
0.154	2.707240585230639
0.155	2.6457289856357913
0.156	2.586049780238777
0.157	2.5281968094779756
0.158	2.4721622066390823
0.159	2.4179364625617845
0.15932007841490778	2.400960350947387
0.16	2.36550849130442
0.161	2.3148656966133654
0.162	2.265994039046608
0.163	2.2188781036039744
0.164	2.173501167719798
0.16493848884661177	2.1324812697488205
0.165	2.1298452694772276
0.166	2.087891275907085
0.167	2.047618951237981
0.168	2.0090070249684477
0.169	1.9720332596359347
0.17	1.9366745181618032
0.17075503209429946	1.9110330167444765
0.171	1.9029068306558212
0.172	1.8707054605680926
0.173	1.840044970080903
0.174	1.8108992846375296
0.175	1.7832417565097183
0.176	1.7570452273101373
0.1767766952966369	1.7376889433250207
0.177	1.7322820893608437
0.178	1.7089243458334462
0.179	1.6869436695813171
0.18	1.6663114605888645
0.181	1.6469989019675124
0.182	1.6289770144325986
0.183	1.6122167091999533
0.18301071199320315	1.6120438966086998
0.184	1.5966888392454415
0.185	1.5823642488751233
0.186	1.569213821558118
0.187	1.5572085259785169
0.188	1.546319460266921
0.189	1.5365178943763413
0.18946457081379978	1.5323263595411816
0.19	1.5277753105712404
0.191	1.5200634420024957
0.192	1.513354309344959
0.193	1.5076202554780853
0.194	1.502833978193846
0.195	1.4989685609197614
0.196	1.4959975014484492
0.19614602447418766	1.4956369226394184
0.197	1.4938947386685448
0.198	1.492634677295213
0.199	1.4921922106017995
0.2	1.492542741157322
0.201	1.493662199577693
0.202	1.495527061301561
0.203	1.4981143614046537
0.2030630990890589	1.498301328851605
0.204	1.5014017074694002
0.205	1.505367290529414
0.206	1.5099898941111796
0.207	1.5152489013979629
0.208	1.5211243005435602
0.209	1.5275966881660663
0.21	1.5346472710543042
0.21022410381342863	1.536304779632742
0.211	1.54225786612197
0.212	1.5504108986469227
0.213	1.5590893988353154
0.214	1.5682769967524974
0.215	1.5779579156648178
0.216	1.5881169638385222
0.217	1.5987395248440366
0.217637640824031	1.6057484358500629
0.218	1.6098115464158904
0.219	1.6213195279204695
0.22	1.6332505064856704
0.221	1.645592041848318
0.222	1.658332199976955
0.223	1.6714595355292887
0.224	1.6849630732051804
0.225	1.6988322880576057
0.22531261565270758	1.7032414404901939
0.226	1.713057084825457
0.227	1.7276277763534618
0.228	1.7425350611657762
0.229	1.757770000261039
0.23	1.7733239931977967
0.231	1.789188753540261
0.232	1.8053562837352757
0.233	1.8218188494922438
0.23325824788420185	1.8261172847972396
0.234	1.8385689537384902
0.235	1.8555993102231623
0.236	1.8729028168432975
0.237	1.8904725287660877
0.238	1.9083016314216488
0.239	1.9263834134407585
0.24	1.9447112396120687
0.241	1.963278523933156
0.24148408223121143	1.9723506794732848
0.242	1.9820787028295836
0.243	2.001105208615715
0.244	2.020351443270529
0.245	2.039810752601003
0.246	2.0594764008648063
0.247	2.079341545923071
0.248	2.0993992149929035
0.249	2.119642281068007
0.25	2.140063440074331
0.25	2.140063440074331
0.251	2.160655188826115
0.252	2.1814098038459218
0.253	2.202319321110338
0.254	2.2233755167809983
0.255	2.2445698889783534
0.256	2.2658936406532315
0.257	2.287337663608766
0.258	2.3088925237225486
0.25881623096034434	2.32656163437728
0.259	2.330548447416119
0.26	2.3522953094159407
0.261	2.3741226218469063
0.262	2.3960195246962903
0.263	2.4179747776826637
0.264	2.4399767535608996
0.265	2.4620134328908083
0.266	2.7437660056878346
0.267	2.713966306521382
0.2679433656340733	2.686096378948912
0.268	2.684430726833532
0.269	2.6551604655202943
0.27	2.6261566297345165
0.271	2.5974202360924266
0.272	2.5689522119096693
0.273	2.5407533964657394
0.274	2.5128245422957223
0.275	2.485166316508177
0.276	2.4577793021281127
0.277	2.4306639994638877
0.2773923680169612	2.4200991367203173
0.278	2.4038208274969297
0.279	2.3772501252931533
0.28	2.3509521534349545
0.281	2.3249270954726415
0.282	2.2991750593942144
0.283	2.2736960791123195
0.284	2.248490115967327
0.285	2.223557060245351
0.286	2.1988967327101485
0.287	2.17450888614776
0.2871745887492588	2.170278959046122
0.288	2.1503932069228213
0.289	2.126549316545407
0.29	2.102976773247362
0.291	2.0796750735670058
0.292	2.0566436539411592
0.293	2.033881892303403
0.294	2.011389109687533
0.295	1.9891645718351596
0.296	1.9672074908064006
0.297	1.9455170265926593
0.29730177875068026	1.939023542595881
0.298	1.9240922887304701
0.299	1.9029323379153904
0.3	1.8820361876149723
0.301	1.8614028056798233
0.302	1.8410311159517883
0.303	1.8209199998683123
0.304	1.8010682980620398
0.305	1.7814748119547257
0.306	1.7621383053445616
0.307	1.7430575059860185
0.307786103336229	1.7282366895540244
0.308	1.7242311071613239
0.309	1.7056577692427315
0.31	1.6873361212447187
0.311	1.6692647623653039
0.312	1.6514422635156643
0.313	1.6338671688372632
0.314	1.616537997205717
0.315	1.5994532437206406
0.316	1.5826113811807445
0.317	1.5660108615434412
0.318	1.5496501173682935
0.31864015682981556	1.5393018205077238
0.319	1.5335275632435916
0.32	1.5176415971954145
0.321	1.5019906020785316
0.322	1.4865729469485103
0.323	1.4713869884144353
0.324	1.4564310719716513
0.325	1.4417035333139667
0.326	1.4272026996247638
0.327	1.4129268908465054
0.328	1.3988744209281199
0.329	1.3850435990497847
0.32987697769322355	1.3730953633217307
0.33	1.371432730824645
0.331	1.3580401194770189
0.332	1.3448640669966652
0.333	1.3319028752687119
0.334	1.3191548471788572
0.335	1.3066182876934775
0.336	1.2942915049143033
0.337	1.282172811107334
0.338	1.2702605237056868
0.339	1.258552966286092
0.34	1.247048469518781
0.341	1.2357453720905043
0.3415100641885989	1.2300570959306123
0.342	1.2246420216004672
0.343	1.2137367754289674
0.344	1.203028001578553
0.345	1.1925140794875244
0.346	1.1821934008156434
0.347	1.1720643702019005
0.348	1.1621254059942476
0.349	1.152374940951181
0.35	1.14281142291512
0.351	1.133433315457511
0.352	1.1242390984956125
0.353	1.1152272688809548
0.3535533905932738	1.1103180558945807
0.354	1.1063963409594546
0.355	1.0977448471032032
0.356	1.0892713382139554
0.357	1.080974384198369
0.358	1.0728525744150466
0.359	1.0649045180934735
0.36	1.0571288447249323
0.361	1.0495242044255066
0.362	1.0420892682713099
0.363	1.0348227286060656
0.364	1.0277232993212002
0.365	1.0207897161086246
0.366	1.0140207366863745
0.3660214239864063	1.0138775101383406
0.367	1.0074151409973229
0.368	1.0009717313811657
0.369	0.9946893327199113
0.37	0.9885667925571117
0.371	0.9826029811910858
0.372	0.9767967917423981
0.373	0.9711471401958722
0.374	0.9656529654174255
0.375	0.96031322914602
0.376	0.9551269159610531
0.377	0.9500930332254957
0.378	0.945210611005121
0.37892914162759955	0.9408090623388649
0.379	0.9404787019641648
0.38	0.9358963812377681
0.381	0.9314627462815682
0.382	0.9271769166988133
0.383	0.9230380340453761
0.384	0.9190452616130642
0.385	0.9151977841916263
0.386	0.9114948078098556
0.387	0.9079355594562157
0.388	0.9045192867794078
0.389	0.901245257769309
0.39	0.8981127604187257
0.391	0.8951211023664
0.392	0.8922696105217289
0.3922920489483753	0.8914631858152768
0.393	0.8895576306716453
0.394	0.8869845270701329
0.395	0.8845496820108399
0.396	0.8822524953832666
0.397	0.8800923842130068
0.398	0.8780687821865331
0.399	0.8761811391610043
0.4	0.8744289206595999
0.401	0.8728116073528722
0.402	0.8713286945266185
0.403	0.8699796915367785
0.404	0.8687641212518661
0.405	0.8676815194834426
0.406	0.8667314344051452
0.4061261981781178	0.8666209300223551
0.407	0.865913425960791
0.408	0.8652270652620653
0.409	0.8646719339763222
0.41	0.864247623705013
0.411	0.8639537353532654
0.412	0.8637898784911385
0.413	0.8637556707070773
0.414	0.8638507369540879
0.415	0.8640747088891638
0.416	0.8644272242064852
0.417	0.8649079259649145
0.418	0.8655164619103165
0.419	0.8662524837932258
0.42	0.8671156466823804
0.42044820762685725	0.8675436956010769
0.421	0.8681056082746522
0.422	0.8692220282018854
0.423	0.8704645673351677
0.424	0.871832887087052
0.425	0.8733266487122409
0.426	0.8749455126072482
0.427	0.8766891376095516
0.428	0.8785571802967413
0.429	0.8805492942861703
0.43	0.8826651295356106
0.431	0.8849043316454147
0.432	0.8872665411626796
0.433	0.8897513928878965
0.434	0.8923585151845934
0.435	0.8950875292924363
0.435275281648062	0.8958601212991959
0.436	0.8979380486442784
0.437	0.9009096781876346
0.438	0.9040020137110526
0.439	0.9072146411758394
0.44	0.9105471360536187
0.441	0.9139990626701652
0.442	0.9175699735559725
0.443	0.9212594088040001
0.444	0.9250668954350416
0.445	0.928991946771141
0.446	0.9330340618175024
0.447	0.9371927246533
0.448	0.941467403831808
0.449	0.9458575517902749
0.45	0.9503626042699235
0.45062523130541515	0.9532374261570895
0.451	0.9549819797464881
0.452	0.9597150788716811
0.453	0.9645612839259587
0.454	0.9695199582829712
0.455	0.9745904458860688
0.456	0.9797720707372124
0.457	0.9850641363986528
0.458	0.9904659255077215
0.459	0.995976699305067
0.46	1.0015956971766682
0.461	1.007322136209951
0.462	1.0131552107643087
0.463	1.0190940920563454
0.464	1.025137927760128
0.465	1.031285841622741
0.466	1.0375369330954072
0.4665164957684037	1.0408057000731237
0.467	1.0438902769804719
0.468	1.0503449230944806
0.469	1.05689989594762
0.47	1.0635541944397584
0.471	1.0703067915733164
0.472	1.0771566341831929
0.473	1.0841026426839577
0.474	1.0911437108345186
0.475	1.0982787055204488
0.476	1.1055064665541654
0.477	1.112825806493125
0.478	1.1202355104762127
0.479	1.1277343360784586
0.48	1.1353210131842448
0.481	1.142994243879122
0.482	1.1507527023603583
0.48296816446242286	1.1583440913083027
0.483	1.1585950348663443
0.484	1.1665198596249386
0.485	1.174525766820852
0.486	1.1826113185821585
0.487	1.1907750489859812
0.488	1.1990154640834365
0.489	1.2073310419438543
0.49	1.2157202327183445
0.491	1.2241814587227033
0.492	1.2327131145396952
0.493	1.2413135671407018
0.494	1.249981156026739
0.495	1.2587141933888133
0.496	1.2675109642875961
0.497	1.2763697268523728
0.498	1.2852887124992087
0.499	1.294266126168276
0.5	1.30330014658027
0.5	1.30330014658027
0.501	1.3123889265118118
0.502	1.3215305930897612
0.503	1.3307232481043272
0.504	1.3399649683408439
0.505	1.3492538059301005
0.506	1.3585877887170745
0.507	1.3679649206479223
0.508	1.3773831821750537
0.509	1.3868405306801321
0.51	1.3963349009148118
0.511	1.4058642054590056
0.512	1.4154263351964957
0.513	1.4250191598076618
0.514	1.4346405282791004
0.515	1.4442882694299062
0.516	1.4539601924543537
0.517	1.4636540874807416
0.5176324619206888	1.469795440991061
0.518	1.4733677261461158
0.519	1.4830988621866075
0.52	1.4928452320430858
0.521	1.5026045554818452
0.522	1.5123745362300014
0.523	1.522152862625304
0.524	1.5319372082800202
0.525	1.5417252327585669
0.526	1.551514582268548
0.527	1.5613028903648392
0.528	1.5710877786663702
0.529	1.5808668575852272
0.53	1.5906377270677028
0.531	2.0641124036360585
0.532	2.0597166142038312
0.533	2.0553661640111702
0.534	2.0510608676222075
0.535	2.0468005364600046
0.5358867312681466	2.0430602273283744
0.536	2.0425849788421404
0.537	2.0384140000164432
0.538	2.0342874021968425
0.539	2.030204984599377
0.54	2.0261665434783103
0.541	2.022171872162375
0.542	2.018220761091143
0.543	2.014312997851499
0.544	2.010448367214231
0.545	2.0066266511707194
0.546	2.0028476289697346
0.547	1.9991110771543215
0.548	1.9954167695987879
0.549	1.9917644775457675
0.55	1.9881539696433748
0.551	1.984585011982437
0.552	1.9810573681337988
0.553	1.9775707991856954
0.554	1.9741250637812005
0.5547847360339224	1.971449507317874
0.555	1.970719918155726
0.556	1.9673551161745795
0.557	1.9640304093705891
0.558	1.9607455469817545
0.559	1.957500275988964
0.56	1.9542943411537388
0.561	1.9511274850560214
0.562	1.9479994481319898
0.563	1.9449099687119065
0.564	1.941858783057989
0.565	1.9388456254022985
0.566	1.9358702279846474
0.567	1.9329323210905205
0.568	1.9300316330890026
0.569	1.9271678904707026
0.57	1.924340817885694
0.571	1.9215501381814422
0.572	1.9187955724407166
0.573	1.9160768400195127
0.574	1.913393658584934
0.5743491774985174	1.9124650737493298
0.575	1.9107457441530746
0.576	1.9081328111268698
0.577	1.905554572333922
0.578	1.9030107390642927
0.579	1.9005010211082674
0.58	1.8980251267940778
0.581	1.8955827630255833
0.582	1.8931736353199078
0.583	1.8907974478450336
0.584	1.888453903457325
0.585	1.8861427037390206
0.586	1.8838635490356503
0.587	1.8816161384933923
0.588	1.8794001700963623
0.589	1.8772153407038434
0.59	1.8750613460874255
0.591	1.872937880968086
0.592	1.8708446390531752
0.593	1.8687813130733286
0.594	1.866747594819288
0.5946035575013605	1.8655343268879263
0.595	1.864743175178637
0.596	1.862767744172432
0.597	1.8608209909917555
0.598	1.8589026040341519
0.599	1.8570122709399701
0.6	1.8551496786285988
0.601	1.85331451333459
0.602	1.8515064606436755
0.603	1.8497252055286597
0.604	1.8479704323852062
0.605	1.8462418250674912
0.606	1.844539066923741
0.607	1.8428618408316406
0.608	1.8412098292336063
0.609	1.8395827141719334
0.61	1.8379801773238076
0.611	1.8364019000361713
0.612	1.834847563360453
0.613	1.8333168480871553
0.614	1.8318094347802891
0.615	1.830325003811663
0.6155722066724582	1.8294858169475003
0.616	1.8288632353950198
0.617	1.827423809620022
0.618	1.8260064064860653
0.619	1.8246107059359533
0.62	1.8232363878893927
0.621	1.8218831322763294
0.622	1.8205506190701186
0.623	1.819238528320523
0.624	1.8179465401865373
0.625	1.8166743349690404
0.626	1.8154215931432665
0.627	1.8141879953911009
0.628	1.8129732226331916
0.629	1.8117769560608756
0.63	1.8105988771679207
0.631	1.80943866778208
0.632	1.808296010096449
0.633	1.807170586700637
0.634	1.8060620806117398
0.635	1.804970175305113
0.636	1.8038945547449539
0.637	1.8028349034146698
0.6372803136596311	1.8025406912916044
0.638	1.8017909063470563
0.639	1.8007622491542552
0.64	1.799748618057522
0.641	1.79874969991677
0.642	1.797765182259908
0.643	1.7967947533119706
0.644	1.795838102024025
0.645	1.7948949181018614
0.646	1.7939648920344757
0.647	1.7930477151223183
0.648	1.7921430795053326
0.649	1.7912506781907565
0.65	1.7903702050807146
0.651	1.7895013549995737
0.652	1.7886438237210691
0.653	1.7877973079952056
0.654	1.786961505574924
0.655	1.7861361152425344
0.656	1.7853208368359217
0.657	1.7845153712745003
0.658	1.7837194205849503
0.659	1.7829326879266945
0.6597539553864471	1.7823454420670781
0.66	1.7821548776171559
0.661	1.7813856951567584
0.662	1.7806248472536905
0.663	1.7798720418484255
0.664	1.7791269881379945
0.665	1.778389396600016
0.666	1.777658979016471
0.667	1.77693544849724
0.668	1.77621851950338
0.669	1.7755079078701557
0.67	1.7748033308298155
0.671	1.7741045070341206
0.672	1.7734111565766097
0.673	1.7727230010146209
0.674	1.772039763391043
0.675	1.7713611682558261
0.676	1.770686941687219
0.677	1.7700168113127583
0.678	1.7693505063299955
0.679	1.7686877575269582
0.68	1.7680282973023544
0.681	1.7673718596855237
0.682	1.766718180356103
0.683	1.7660669966634506
0.6830201283771977	1.766053913207563
0.684	1.7654180476458006
0.685	1.764771074049139
0.686	1.7641258183458404
0.687	1.7634820247530119
0.688	1.7628394392505873
0.689	1.7621978095991473
0.69	1.7615568853574775
0.691	1.760916417899855
0.692	1.760276160433058
0.693	1.7596358680131272
0.694	1.758995297561836
0.695	1.758354207882908
0.696	1.7577123596779514
0.697	1.75706951556213
0.698	1.7564254400795656
0.699	1.7557798997184575
0.7	1.7551326629259516
0.701	1.7544835001227148
0.702	1.7538321837172552
0.703	1.753178488119959
0.704	1.7525221897568641
0.705	1.7518630670831614
0.706	1.751200900596411
0.707	1.7505354728495037
0.7071067811865476	1.7504642160147212
0.708	1.7498665684633405
0.709	1.7491939741392435
0.71	1.7485174786710838
0.711	1.7478368729571607
0.712	1.7471519500117851
0.713	1.7464625049765998
0.714	1.745768335131633
0.715	1.7450692399060708
0.716	1.7443650208887673
0.717	1.7436554818384726
0.718	1.7429404286938
0.719	1.7422196695829173
0.72	1.7414930148329621
0.721	1.7407602769792025
0.722	1.7400212707739071
0.723	1.7392758131949642
0.724	1.7385237234542155
0.725	1.7377648230055323
0.726	1.7369989355526183
0.727	1.736225887056546
0.728	1.7354455057430183
0.729	1.7346576221093775
0.73	1.7338620689313278
0.731	1.7330586812694135
0.732	1.7322472964752098
0.7320428479728127	1.7322123491620705
0.733	1.7314277541972654
0.734	1.7305998963867715
0.735	1.7297635673029672
0.736	1.7289186135182866
0.737	1.7280648839232382
0.738	1.727202229731022
0.739	1.726330504481892
0.74	1.72544956404725
0.741	1.7245592666334797
0.742	1.7236594727855312
0.743	1.7227500453902387
0.744	1.7218308496793768
0.745	1.7209017532324735
0.746	1.7199626259793563
0.747	1.7190133402024455
0.748	1.718053770538794
0.749	1.7170837939818797
0.75	1.7161032898831374
0.751	1.715112139953235
0.752	1.714110228263119
0.753	1.7130974412447904
0.754	1.7120736676918382
0.755	1.711038798759738
0.756	1.7099927279658782
0.757	1.7089353511893728
0.7578582832551991	1.7080187288829551
0.758	1.7078665666705974
0.759	1.7067862750105096
0.76	1.7056943791697177
0.761	1.7045907844672947
0.762	1.7034753985793774
0.763	1.7023481315375097
0.764	1.7012088957267564
0.765	1.7000576058835724
0.766	1.6988941790934484
0.767	1.6977185347883217
0.768	1.6965305947437392
0.769	1.6953302830758106
0.77	1.6941175262379198
0.771	1.6928922530172084
0.772	1.6916543945308382
0.773	1.6904038842220195
0.774	1.6891406578558257
0.775	1.6878646535147737
0.776	1.6865758115941891
0.777	1.6852740747973536
0.778	1.6839593881304291
0.779	1.682631698897164
0.78	1.6812909566933902
0.781	1.6799371134012986
0.782	1.6785701231835028
0.783	1.6771899424769032
0.784	1.6757965299863185
0.7845840978967507	1.6749765035580904
0.785	1.6743898466779341
0.786	1.6729698557725274
0.787	1.6715365227384897
0.788	1.6700898152846613
0.789	1.6686297033529318
0.79	1.667156159110677
0.791	1.6656691569429738
0.792	1.664168673444623
0.793	1.6626546874119825
0.794	1.6611271798345992
0.795	1.6595861338866549
0.796	1.6580315349182204
0.797	1.6564633704463194
0.798	1.6548816301458065
0.799	1.6532863058400604
0.8	1.6516773914914953
0.801	1.6500548831918884
0.802	1.6484187791525264
0.803	1.6467690796941807
0.804	1.6451057872368968
0.805	1.6434289062896166
0.806	1.6417384434396258
0.807	1.6400344073418316
0.808	1.6383168087078643
0.809	1.6365856602950284
0.81	1.634840976895065
0.811	1.6330827753227748
0.812	1.6313110744044614
0.8122523963562355	1.6308617724019547
0.813	1.6295258949662226
0.814	1.6277272598220862
0.815	1.6259151937619871
0.816	1.6240897235395833
0.817	1.622250877859934
0.818	1.6203986873670215
0.819	1.6185331846311135
0.82	1.616654404136
0.821	1.6147623822660728
0.822	1.6128571572932573
0.823	1.6109387693638255
0.824	1.609007260485042
0.825	1.6070626745116983
0.826	1.6051050571324978
0.827	1.6031344558563152
0.828	1.6011509199983216
0.829	1.5991545006659822
0.83	1.59714525074493
0.831	1.595123224884711
0.832	1.5930884794844065
0.833	1.591041072678144
0.834	1.5889810643204751
0.835	1.5869085159716476
0.836	1.5848234908827639
0.837	1.5827260539808137
0.838	1.5806162718536159
0.839	1.5784942127346349
0.84	1.5763599464877032
0.8408964152537145	1.5744364403831197
0.841	1.5742135445916294
0.842	1.572055080124713
0.843	1.5698846277491558
0.844	1.5677022636953657
0.845	1.5655080657461857
0.846	1.563302113221008
0.847	1.5610844869598082
0.848	1.5588552693070845
0.849	1.5566145440957113
0.85	1.5543623966307063
0.851	1.5520989136729182
0.852	1.5498241834226185
0.853	1.5475382955030346
0.854	1.545241340943791
0.855	1.5429334121642764
0.856	1.5406146029569447
0.857	1.538285008470537
0.858	1.5359447251932363
0.859	1.5335938509357583
0.86	1.5312324848143741
0.861	1.5288607272338715
0.862	1.5264786798704542
0.863	1.5240864456545782
0.864	1.5216841287537402
0.865	1.5192718345552083
0.866	1.5168496696486924
0.867	1.5144177418089664
0.868	1.5119761599784582
0.869	1.509525034249765
0.87	1.507064475848145
0.8705505632961241	1.5057057971697103
0.871	1.5045945971139612
0.872	1.5021155114850784
0.873	1.499627333479231
0.874	1.4971301786763447
0.875	1.4946241637008375
0.876	1.4921094062038665
0.877	1.4895860248455686
0.878	1.4870541392772538
0.879	1.4845138701235812
0.88	1.4819653389647078
0.881	1.4794086683184202
0.882	1.47684398162223
0.883	1.4742714032154718
0.884	1.4716910583213674
0.885	1.4691030730290826
0.886	1.4665075742757723
0.887	1.4639046898286139
0.888	1.461294548266824
0.889	1.4586772789636815
0.89	1.4560530120685367
0.891	1.453421878488815
0.892	1.4507840098720302
0.893	1.4481395385877875
0.894	1.4454885977097947
0.895	1.4428313209978723
0.896	1.440167842879979
0.897	1.4374982984342402
0.898	1.4348228233709792
0.899	1.4321415540147744
0.9	1.4294546272865176
0.901	1.4267621806854984
0.9012504626108303	1.4260869752904806
0.902	1.4240643522714929
0.903	1.421361280646885
0.904	1.4186531049387985
0.905	1.4159399647812574
0.906	1.4132220002973683
0.907	1.410499352081526
0.908	1.4077721611816552
0.909	1.4050405690814707
0.91	1.402304717682783
0.911	1.3995647492878163
0.912	1.396820806581586
0.913	1.3940730326142925
0.914	1.39132157078376
0.915	1.388566564817923
0.916	1.385808158757336
0.917	1.3830464969377463
0.918	1.3802817239726963
0.919	1.3775139847361768
0.92	1.3747434243453358
0.921	1.3719701881432227
0.922	1.369194421681592
0.923	1.3664162707037621
0.924	1.363635881127517
0.925	1.3608533990280787
0.926	1.3580689706211233
0.927	1.3552827422458642
0.928	1.3524948603481886
0.929	1.3497054714638645
0.93	1.3469147222018023
0.931	1.3441227592273837
0.932	1.341329729245861
0.933	1.3385357789858148
0.9330329915368074	1.3384435882858559
0.934	1.335741055182689
0.935	1.3329457045623918
0.936	1.3301498738249689
0.937	1.3273537096283483
0.938	1.3245573585721646
0.939	1.3217609671816468
0.94	1.3189646818916005
0.941	1.3161686490304543
0.942	1.3133730148043905
0.943	1.3105779252815561
0.944	1.3077835263763573
0.945	1.3049899638338336
0.946	1.3021973832141216
0.947	1.299405929877
0.948	1.2966157489665249
0.949	1.2938269853957467
0.95	1.2910397838315282
0.951	1.2882542886794373
0.952	1.2854706440687458
0.953	1.2826889938375134
0.954	1.2799094815177603
0.955	1.2771322503207543
0.956	1.2743574431223679
0.957	1.2715852024485446
0.958	1.2688156704608762
0.959	1.2660489889422482
0.96	1.2632852992826176
0.961	1.260524742464869
0.962	1.2577674590507837
0.963	1.2550135891671053
0.964	1.2522632724917155
0.965	1.2495166482399116
0.9659363289248455	1.2469483748719266
0.966	1.2467738551507856
0.967	1.2440350314737147
0.968	1.2413003149549626
0.969	1.2385698428243774
0.97	1.2358437517822105
0.971	1.2331221779860384
0.972	1.2304052570377926
0.973	1.2276931239709172
0.974	1.2249859132376135
0.975	1.2222837586962212
0.976	1.2195867935986955
0.977	1.216895150578212
0.978	1.214208961636877
0.979	1.2115283581335585
0.98	1.208853470771835
0.981	1.2061844295880533
0.982	1.2035213639395201
0.983	1.2008644024927897
0.984	1.1982136732120923
0.985	1.1955693033478654
0.986	1.192931419425418
0.987	1.1903001472337074
0.988	1.1876756118142378
0.989	1.1850579374500867
0.99	1.1824472476550465
0.991	1.179843665162892
0.992	1.1772473119167723
0.993	1.1746583090587253
0.994	1.1720767769193132
0.995	1.1695028350073888
0.996	1.166936601999985
0.997	1.1643781957323212
0.998	1.161827733187951
0.999	1.1592853304890234
1.0	1.1567511028866722
1.0	1.1567511028866722
