-1.0	0.3982897668012309
-1.0	0.3982897668012309
-0.999	0.39889412546891573
-0.998	0.39949903897939576
-0.997	0.40010450633465333
-0.996	0.4007105265303033
-0.995	0.40131709855558934
-0.994	0.40192422139337297
-0.993	0.40253189402012923
-0.992	0.40314011540593575
-0.991	0.4037488845144678
-0.99	0.4043582003029907
-0.989	0.40496806172235034
-0.988	0.4055784677169676
-0.987	0.4061894172248315
-0.986	0.406800909177491
-0.985	0.40741294250004817
-0.984	0.40802551611115073
-0.983	0.4086386289229859
-0.982	0.4092522798412731
-0.981	0.4098664677652574
-0.98	0.41048119158770136
-0.979	0.4110964501948793
-0.978	0.4117122424665718
-0.977	0.41232856727605743
-0.976	0.4129454234901053
-0.975	0.41356280996897166
-0.974	0.41418072556639157
-0.973	0.41479916912957127
-0.972	0.41541813949918477
-0.971	0.41603763550936623
-0.97	0.416657655987703
-0.969	0.4172781997552303
-0.968	0.4178992656264257
-0.967	0.41852085240920234
-0.966	0.41914295890490405
-0.965	0.41976558390829793
-0.964	0.42038872620757034
-0.963	0.4210123845843191
-0.962	0.42163655781355075
-0.961	0.42226124466367215
-0.96	0.42288644389648683
-0.959	0.42351215426718924
-0.958	0.424138374524359
-0.957	0.4247651034099548
-0.956	0.42539233965931156
-0.955	0.4260200820011328
-0.954	0.42664832915748807
-0.953	0.4272770798438059
-0.952	0.42790633276886814
-0.951	0.4285360866348091
-0.95	0.4291663401371062
-0.949	0.4297970919645789
-0.948	0.43042834079938075
-0.947	0.4310600853169972
-0.9465508226401592	0.43134401162735414
-0.946	0.431692324186241
-0.945	0.43232505606924637
-0.944	0.4329582796214659
-0.943	0.4335919934916649
-0.942	0.4342261963219195
-0.941	0.4348608867476109
-0.94	0.43549606339742125
-0.939	0.4361317248933298
-0.938	0.43676786985060884
-0.937	0.4374044968778216
-0.936	0.43804160457681574
-0.935	0.4386791915427221
-0.934	0.4393172563639498
-0.933	0.4399557976221814
-0.932	0.44059481389237337
-0.931	0.4412343037427489
-0.93	0.44187426573479593
-0.929	0.442514698423265
-0.928	0.4431556003561645
-0.927	0.4437969700747583
-0.926	0.4444388061135624
-0.925	0.4450811070003426
-0.924	0.4457238712561118
-0.923	0.4463670973951251
-0.922	0.4470107839248809
-0.921	0.44765492934611495
-0.92	0.44829953215279955
-0.919	0.4489445908321399
-0.918	0.4495901038645741
-0.917	0.4502360697237667
-0.916	0.450882486876611
-0.915	0.45152935378322406
-0.914	0.45217666889694574
-0.913	0.452824430664337
-0.912	0.45347263752517536
-0.911	0.4541212879124587
-0.91	0.4547703802523973
-0.909	0.4554199129644152
-0.908	0.45606988446114965
-0.907	0.4567202931484476
-0.906	0.4573711374253648
-0.905	0.45802241568416513
-0.904	0.45867412631031906
-0.903	0.4593262676825024
-0.902	0.4599788381725943
-0.901	0.46063183614567815
-0.9	0.4612852599600394
-0.899	0.4619391079671657
-0.898	0.4625933785117429
-0.897	0.4632480699316613
-0.896	0.4639031805580066
-0.8959584598407621	0.46393040300173777
-0.895	0.4645587087150659
-0.894	0.4652146527203243
-0.893	0.46587101088446486
-0.892	0.46652778151136964
-0.891	0.46718496289811795
-0.89	0.4678425533349869
-0.889	0.46850055110545175
-0.888	0.4691589544861858
-0.887	0.46981776174706075
-0.886	0.4704769711511461
-0.885	0.4711365809547103
-0.884	0.4717965894072215
-0.883	0.4724569947513474
-0.882	0.47311779522295627
-0.881	0.4737789890511165
-0.88	0.4744405744581003
-0.879	0.475102549659381
-0.878	0.47576491286363676
-0.877	0.2786212816712836
-0.876	0.2795089382615667
-0.875	0.280399345588819
-0.874	0.2812925109065179
-0.873	0.28218844146548294
-0.872	0.2830871445136363
-0.871	0.28398862729575436
-0.87	0.28489289705321974
-0.869	0.2857999610237737
-0.868	0.286709826441265
-0.867	0.28762250053539656
-0.866	0.2885379905314726
-0.865	0.2894563036501421
-0.864	0.2903774471071416
-0.863	0.29130142811303444
-0.862	0.2922282538729532
-0.861	0.29315793158633385
-0.86	0.29409046844665265
-0.859	0.2950258716411605
-0.858	0.2959641483506167
-0.857	0.2969053057490164
-0.856	0.29784935100332177
-0.855	0.2987962912731884
-0.854	0.2997461337106932
-0.853	0.3006988854600554
-0.852	0.3016545536573606
-0.851	0.3026131454302809
-0.85	0.3035746678977951
-0.849	0.3045391281699035
-0.8480702172136836	0.30543850857066696
-0.848	0.30550653334734595
-0.847	0.30647689052131516
-0.846	0.30745020677316875
-0.845	0.3084264891741395
-0.844	0.30940574478504623
-0.843	0.3103879806559994
-0.842	0.31137320382610684
-0.841	0.3123614213231792
-0.84	0.31335264016343134
-0.839	0.31434686735118333
-0.838	0.31534410987856076
-0.837	0.3163443747251898
-0.836	0.3173476688578959
-0.835	0.31835399923039603
-0.834	0.31936337278299276
-0.833	0.32037579644226427
-0.832	0.3213912771207539
-0.831	0.3224098217166592
-0.83	0.32343143711351696
-0.829	0.324456130179888
-0.828	0.32548390776903996
-0.827	0.3265147767186304
-0.826	0.3275487438503833
-0.825	0.3285858159697719
-0.824	0.32962599986569074
-0.823	0.33066930231013336
-0.822	0.3317157300578677
-0.821	0.33276528984610276
-0.82	0.33381798839416293
-0.819	0.3348738324031568
-0.818	0.33593282855564255
-0.817	0.3369949835152969
-0.816	0.3380603039265741
-0.815	0.33912879641437416
-0.814	0.3402004675837013
-0.813	0.34127532401932437
-0.812	0.34235337228543283
-0.811	0.3434346189252983
-0.81	0.3445190704609243
-0.809	0.34560673339270265
-0.808	0.3466976141990667
-0.807	0.34779171933613917
-0.806	0.3488890552373838
-0.805	0.349989628313252
-0.804	0.3510934449508285
-0.803	0.3522005115134795
-0.8027415617602307	0.3524871491080652
-0.802	0.35331083434049065
-0.801	0.3544244197467147
-0.8	0.355541274022207
-0.799	0.35666140343186903
-0.798	0.35778481421508446
-0.797	0.3589115125853537
-0.796	0.3600415047299314
-0.795	0.3611747968094592
-0.794	0.3623113949575967
-0.793	0.3634513052806548
-0.792	0.3645945338572231
-0.791	0.3657410867377985
-0.79	0.36689096994441184
-0.789	0.3680441894702542
-0.788	0.36920075127930047
-0.787	0.37036066130593104
-0.786	0.3715239254545562
-0.785	0.3726905495992334
-0.784	0.3738605395832872
-0.783	0.3750339012189276
-0.782	0.3762106402868662
-0.781	0.37739076253593007
-0.78	0.3785742736826781
-0.779	0.3797611794110112
-0.778	0.3809514853717843
-0.777	0.3821451971824185
-0.776	0.38334232042650906
-0.775	0.3845428606534304
-0.774	0.38574682337794775
-0.773	0.38695421407981995
-0.772	0.38816503820340337
-0.771	0.38937930115725466
-0.77	0.3905970083137368
-0.769	0.39181816500861655
-0.768	0.39304277654066494
-0.767	0.3942708481712556
-0.766	0.3955023851239626
-0.765	0.3967373925841605
-0.764	0.39797587569861353
-0.763	0.399217839575077
-0.762	0.4004632892818845
-0.761	0.4017122298475452
-0.76	0.4029646662603331
-0.7598356856515925	0.403170794276918
-0.759	0.40422060346787675
-0.758	0.4054800463767522
-0.757	0.40674299985206747
-0.756	0.4080094687170524
-0.755	0.40927945775264474
-0.754	0.41055297169707666
-0.753	0.4118300152454592
-0.752	0.41311059304936454
-0.751	0.41439470971641135
-0.75	0.4156823698098469
-0.749	0.4169735778481264
-0.748	0.41826833830449567
-0.747	0.4195666556065689
-0.746	0.4208685341359111
-0.745	0.4221739782276102
-0.744	0.42348299216985946
-0.743	0.424795580203533
-0.742	0.42611174652176065
-0.741	0.42743149526950286
-0.74	0.4287548305431267
-0.739	0.4300817563899772
-0.738	0.431412276807952
-0.737	0.43274639574507456
-0.736	0.43408411709906275
-0.735	0.4354254447169028
-0.734	0.4367703823944185
-0.733	0.43811893387584083
-0.732	0.43947110285337865
-0.731	0.4408268929667846
-0.73	0.4421863078029266
-0.729	0.44354935089535286
-0.728	0.44491602572386074
-0.727	0.4462863357140617
-0.726	0.4476602842369499
-0.725	0.4490378746084636
-0.724	0.45041911008905566
-0.723	0.4518039938832546
-0.722	0.4531925291392293
-0.721	0.4545847189483562
-0.72	0.4559805663447785
-0.7192230933248643	0.45706753604085726
-0.719	0.45738007430497163
-0.718	0.4587832457473076
-0.717	0.46019008353161484
-0.716	0.4616005904587422
-0.715	0.46301476927012014
-0.714	0.46443262264732454
-0.713	0.4658541532116352
-0.712	0.4672793635236007
-0.711	0.4687082560825942
-0.71	0.47014083332638185
-0.709	0.471577097630678
-0.708	0.4730170513087063
-0.707	0.47446069661076345
-0.706	0.4759080357237779
-0.705	0.47735907077086726
-0.704	0.47881380381090466
-0.703	0.48027223683807346
-0.702	0.48173437178143136
-0.701	0.483200210504469
-0.7	0.48466975480466845
-0.699	0.4861430064130692
-0.698	0.4876199669938216
-0.697	0.4891006381437522
-0.696	0.49058502139192334
-0.695	0.4920731181991911
-0.694	0.49356492995777096
-0.693	0.4950604579907954
-0.692	0.4965597035518754
-0.691	0.4980626678246636
-0.69	0.49956935192241414
-0.689	0.5010797568875471
-0.688	0.5025938836912068
-0.687	0.5041117332328295
-0.686	0.5056333063397003
-0.685	0.507158603766521
-0.684	0.5086876261949737
-0.683	0.5102203742332815
-0.682	0.5117568484157753
-0.681	0.513297049202457
-0.6807812106484503	0.513634525637921
-0.68	0.5148409769785683
-0.679	0.5163886320541514
-0.678	0.5179400146636202
-0.677	0.5194951249653237
-0.676	0.5210539630411144
-0.675	0.522616528895917
-0.674	0.5241828224572964
-0.673	0.5257528435750276
-0.672	0.5273265920206635
-0.671	0.5289040674871073
-0.67	0.5304852695881836
-0.669	0.53207019785821
-0.668	0.5336588517515682
-0.667	0.5352512306422812
-0.666	0.5368473338235833
-0.665	0.5384471605074989
-0.664	0.5400507098244154
-0.663	0.5416579808226613
-0.662	0.5432689724680836
-0.661	0.5448836836436279
-0.66	0.5465021131489135
-0.659	0.5481242596998221
-0.658	0.5497501219280675
-0.657	0.5513796983807896
-0.656	0.5530129875201302
-0.655	0.5546499877228215
-0.654	0.5562906972797705
-0.653	0.5579351143956448
-0.652	0.5595832371884631
-0.651	0.561235063689181
-0.65	0.5628905918412844
-0.649	0.5645498195003781
-0.648	0.5662127444337809
-0.647	0.5678793643201187
-0.646	0.5695496767489212
-0.645	0.5712236792202108
-0.6443940149772543	0.5722398941348597
-0.644	0.5729013691441152
-0.643	0.5745827438404532
-0.642	0.5762678005383409
-0.641	0.5779565363757948
-0.64	0.5796489483993329
-0.639	0.5813450335635806
-0.638	0.5830447887308782
-0.637	0.5847482106708887
-0.636	0.5864552960602052
-0.635	0.588166041481964
-0.634	0.5898804434254594
-0.633	0.5915984982857536
-0.632	0.5933202023632962
-0.631	0.5950455518635396
-0.63	0.596774542896561
-0.629	0.5985071714766822
-0.628	0.6002434335220925
-0.627	0.601983324854474
-0.626	0.6037268411986263
-0.625	0.6054739781820977
-0.624	0.6072247313348145
-0.623	0.6089790960887127
-0.622	0.61073706777737
-0.621	0.6124986416356476
-0.62	0.614263812799322
-0.619	0.6160325763047295
-0.618	0.6178049270884043
-0.617	0.6195808599867272
-0.616	0.6213603697355675
-0.615	0.6231434509699334
-0.614	0.624930098223622
-0.613	0.6267203059288731
-0.612	0.6285140684160215
-0.611	0.6303113799131554
-0.61	0.6321122345457759
-0.6099516849811152	0.6321993324972006
-0.609	0.6339166263364572
-0.608	0.6357245492045122
-0.607	0.6375359969656584
-0.606	0.6393509633316824
-0.605	0.6411694419101174
-0.604	0.6429914262039118
-0.603	0.644816909611105
-0.602	0.6466458854245078
-0.601	0.6484783468313804
-0.6	0.6503142869131173
-0.599	0.6521536986449342
-0.598	0.6539965748955521
-0.597	0.6558429084268911
-0.596	0.6576926918937616
-0.595	0.6595459178435659
-0.594	0.6614025787159887
-0.593	0.6632626668427047
-0.592	0.6651261744470822
-0.591	0.6669930936438849
-0.59	0.6688634164389883
-0.589	0.6707371347290861
-0.588	0.6726142403014125
-0.587	0.6744947248334533
-0.586	0.6763785798926698
-0.585	0.6782657969362242
-0.584	0.6801563673107062
-0.583	0.6820502822518585
-0.582	0.6839475328843161
-0.581	0.6858481102213362
-0.58	0.6877520051645432
-0.579	0.6896592085036638
-0.578	0.6915697109162775
-0.5773502691896257	0.6928127868425831
-0.577	0.693483502967564
-0.576	0.6954005751100504
-0.575	0.6973209176833699
-0.574	0.6992445209140189
-0.573	0.7011713749151156
-0.572	0.7031014696861672
-0.571	0.7050347951128365
-0.57	0.7069713409667076
-0.569	0.7089110969050691
-0.568	0.7108540524706846
-0.567	0.7128001970915754
-0.566	0.7147495200808055
-0.565	0.7167020106362669
-0.564	0.7186576578404745
-0.563	0.7206164506603562
-0.562	0.722578377947054
-0.561	0.7245434284357248
-0.56	0.7265115907453455
-0.559	0.728482853378521
-0.558	0.730457204721296
-0.557	0.7324346330429736
-0.556	0.7344151264959333
-0.555	0.7363986731154512
-0.554	0.7383852608195324
-0.553	0.7403748774087394
-0.552	0.7423675105660227
-0.551	0.7443631478565685
-0.55	0.7463617767276278
-0.549	0.7483633845083738
-0.548	0.7503679584097441
-0.547	0.7523754855242981
-0.5464913722529576	0.7533976983877678
-0.546	0.7543859528260731
-0.545	0.7563993471704449
-0.544	0.758415655293994
-0.543	0.7604348638143749
-0.542	0.7624569592301877
-0.541	0.7644819279208604
-0.54	0.7665097561465206
-0.539	0.768540430047891
-0.538	0.7705739356461717
-0.537	0.7726102588429369
-0.536	0.7746493854200323
-0.535	0.7766913010394746
-0.534	0.7787359912433621
-0.533	0.7807834414537778
-0.532	0.7828336369727101
-0.531	0.7848865629819689
-0.53	0.7869422045431058
-0.529	0.789000546597345
-0.528	0.791061573965514
-0.527	0.7931252713479771
-0.526	0.795191623324576
-0.525	0.7972606143545756
-0.524	0.7993322287766133
-0.523	0.8014064508086469
-0.522	0.8034832645479192
-0.521	0.8055626539709145
-0.52	0.8076446029333284
-0.519	0.8097290951700361
-0.518	0.8118161142950695
-0.5172818579717865	0.8133164401461905
-0.517	0.8139056438015959
-0.516	0.8159976670619059
-0.515	0.8180921673273949
-0.514	0.8201891277285656
-0.513	0.8222885312750202
-0.512	0.8243903608554637
-0.511	0.8264945992377151
-0.51	0.8286012290687129
-0.509	0.8307102328745413
-0.508	0.8328215930604397
-0.507	0.8349352919108395
-0.506	0.611266571598376
-0.505	0.6144012090668911
-0.504	0.6175487906400385
-0.503	0.6207093425070687
-0.502	0.6238828905788715
-0.501	0.6270694604829882
-0.5	0.63026907755858
-0.499	0.6334817668513616
-0.498	0.6367075531084931
-0.497	0.6399464607734358
-0.496	0.6431985139807765
-0.495	0.6464637365509962
-0.494	0.6497421519852292
-0.493	0.6530337834599559
-0.492	0.6563386538216796
-0.491	0.659656785581558
-0.49	0.6629882009099973
-0.4896335682000246	0.6642122673144422
-0.489	0.6663329216312149
-0.488	0.6696909692177615
-0.487	0.6730623647850101
-0.486	0.6764471290856104
-0.485	0.6798452825039034
-0.484	0.6832568450503046
-0.483	0.6866818363556577
-0.482	0.6901202756655384
-0.481	0.6935721818345463
-0.48	0.6970375733205403
-0.479	0.7005164681788579
-0.478	0.7040088840564955
-0.477	0.7075148381862535
-0.476	0.7110343473808504
-0.475	0.7145674280270119
-0.474	0.7181140960795185
-0.473	0.7216743670552249
-0.472	0.7252482560270581
-0.471	0.7288357776179683
-0.47	0.7324369459948669
-0.469	0.7360517748625247
-0.468	0.7396802774574419
-0.467	0.7433224665416956
-0.466	0.7469783543967574
-0.465	0.7506479528172758
-0.464	0.7543312731048448
-0.4634630567719698	0.756314672773595
-0.463	0.7580283260617343
-0.462	0.7617391219846018
-0.461	0.7654636706581772
-0.46	0.7692019813489206
-0.459	0.7729540627986584
-0.458	0.7767199232181948
-0.457	0.7804995702808989
-0.456	0.7842930111162738
-0.455	0.788100252303495
-0.454	0.7919212998649418
-0.453	0.7957561592596876
-0.452	0.7996048353769943
-0.451	0.8034673325297659
-0.45	0.8073436544479973
-0.449	0.8112338042721974
-0.448	0.8151377845468011
-0.447	0.819055597213558
-0.446	0.8229872436049082
-0.445	0.8269327244373473
-0.444	0.8308920398047669
-0.443	0.8348651891717915
-0.442	0.8388521713670956
-0.441	0.8428529845767114
-0.44	0.8468676263373245
-0.439	0.8508960935295603
-0.4386913376508308	0.8521423213931922
-0.438	0.8549383823712549
-0.437	0.8589944884107255
-0.436	0.8630644065200271
-0.435	0.867148130888201
-0.434	0.8712456550145188
-0.433	0.8753569717017233
-0.432	0.8794820730492562
-0.431	0.8836209504464904
-0.43	0.8877735945659566
-0.429	0.8919399953565649
-0.428	0.896120142036829
-0.427	0.900314023088083
-0.426	0.9045216262477118
-0.425	0.9087429385023668
-0.424	0.9129779460811996
-0.423	0.9172266344490849
-0.422	0.9214889882998579
-0.421	0.9257649915495533
-0.42	0.9300546273296513
-0.419	0.9343578779803292
-0.418	0.9386747250437215
-0.417	0.9430051492571934
-0.416	0.9473491305466204
-0.41524364653850576	0.950643707884908
-0.415	0.95170664801968
-0.414	0.9560776799591566
-0.413	0.9604622038162615
-0.412	0.9648601962039632
-0.411	0.9692716328903386
-0.41	0.973696488791938
-0.409	0.9781347379671647
-0.408	0.9825863536096863
-0.407	0.9870513080418438
-0.406	0.9915295727081078
-0.405	0.9960211181685396
-0.404	1.0005259140922789
-0.403	1.0050439292510616
-0.402	1.0095751315127552
-0.401	1.014119487834934
-0.4	1.0186769642584639
-0.399	1.0232475259011355
-0.398	1.0278311369513171
-0.397	1.0324277606616397
-0.396	1.0370373593427162
-0.395	1.0416598943569038
-0.394	1.0462953261120813
-0.3930492152271221	1.0507145473460426
-0.393	1.0509436140554824
-0.392	1.055604716667563
-0.391	1.060278591455896
-0.39	1.0649651949491226
-0.389	1.069664482690929
-0.388	1.074376409234087
-0.387	1.0791009281345145
-0.386	1.083837991945398
-0.385	1.08858755221136
-0.384	1.093349559462666
-0.383	1.098123963209491
-0.382	1.102910711936226
-0.381	1.1077097530958533
-0.38	1.112521033104349
-0.379	1.1173444973351678
-0.378	1.1221800901137644
-0.377	1.127027754712181
-0.376	1.1318874333436881
-0.375	1.1367590671574925
-0.374	1.1416425962334953
-0.373	1.1465379595771261
-0.3720410580113015	1.1512433869472518
-0.372	1.1514450951142232
-0.371	1.1563639396860033
-0.37	1.161294429044071
-0.369	1.1662364978455158
-0.368	1.1711900796480679
-0.367	1.1761551069053322
-0.366	1.1811315109620817
-0.365	1.186119222049641
-0.364	1.1911181692813306
-0.363	1.1961282806479925
-0.362	1.2011494830135891
-0.361	1.2061817021108936
-0.36	1.2112248625372415
-0.359	1.2162788877503736
-0.358	1.2213437000643637
-0.357	1.2264192206456268
-0.356	1.2315053695090121
-0.355	1.2366020655139796
-0.354	1.2417092263608753
-0.353	1.2468267685872845
-0.3521557695165126	1.2511551729815948
-0.352	1.2519546075644807
-0.351	1.257092657493964
-0.35	1.2622408314041036
-0.349	1.2673990411468528
-0.348	1.272567197394582
-0.347	1.2777452096370001
-0.346	1.2829329861781673
-0.345	1.2881304341336286
-0.344	1.2933374594276175
-0.343	1.2985539667903978
-0.342	1.303779859755675
-0.341	1.3090150406581404
-0.34	1.3142594106311036
-0.339	1.3195128696042449
-0.338	1.3247753163014646
-0.337	1.3300466482388544
-0.336	1.3353267617227698
-0.335	1.3406155518480227
-0.334	1.3459129124961875
-0.3333333333333333	1.349449194709213
-0.333	1.3512187363340156
-0.332	1.3565329148119736
-0.331	1.3618553381628955
-0.33	1.3671858954007554
-0.329	1.3725244743195613
-0.328	1.3778709614923637
-0.327	1.383225242270396
-0.326	1.3885872007823292
-0.325	1.3939567199336607
-0.324	1.3993336814062187
-0.323	1.4047179656578088
-0.322	1.410109451921964
-0.321	1.4155080182078494
-0.32	1.4209135413002882
-0.319	1.4263258967599106
-0.318	1.431744958923446
-0.317	1.4371706009041454
-0.316	1.442602694592337
-0.31551694088005316	1.4452289897098909
-0.315	1.448041110656119
-0.314	1.453485718542192
-0.313	1.4589363864768166
-0.312	1.4643929814669294
-0.311	1.4698553693013818
-0.31	1.475323414552328
-0.309	1.4807969805767498
-0.308	1.4862759295181307
-0.307	1.4917601223082662
-0.306	1.4972494186692198
-0.305	1.5027436771154314
-0.304	1.508242754955961
-0.303	1.5137465082968815
-0.302	1.5192547920438328
-0.301	1.5247674599047047
-0.3	1.530284364392481
-0.299	1.535805356828229
-0.2986528199469207	1.537723063884872
-0.298	1.5413302873442516
-0.297	1.546859004887362
-0.296	1.5523913572223471
-0.295	1.5579271909355639
-0.294	1.5634663514386862
-0.293	1.5690086829726173
-0.292	1.0244649118042946
-0.291	1.033141994978936
-0.29	1.041896988734377
-0.289	1.0507304445288765
-0.288	1.0596429101182814
-0.287	1.068634929321317
-0.286	1.0777070417814973
-0.285	1.0868597827257078
-0.284	1.0960936827195042
-0.283	1.1054092674191416
-0.28269007240456123	1.1083130869706757
-0.282	1.114807057320406
-0.281	1.124287567504287
-0.28	1.1338513073795211
-0.279	1.1434987804220764
-0.278	1.153230483911645
-0.277	1.1630469086651494
-0.276	1.1729485387673748
-0.275	1.1829358512987678
-0.274	1.1930093160604425
-0.273	1.2031693952965052
-0.272	1.2134165434137283
-0.271	1.2237512066986598
-0.27	1.234173823032246
-0.269	1.244684821602034
-0.268	1.2552846226120389
-0.26758052058674353	1.2597575582872682
-0.267	1.2659736369903591
-0.266	1.2767522660946125
-0.265	1.2876209014153024
-0.264	1.298579924277179
-0.263	1.3096297055386998
-0.262	1.3207706052896824
-0.261	1.3320029725472509
-0.26	1.3433271449501667
-0.259	1.354743448451654
-0.258	1.3662521970108157
-0.257	1.3778536922827607
-0.256	1.3895482233075398
-0.255	1.4013360661980094
-0.254	1.4132174838267326
-0.25327856188386416	1.4218474381107977
-0.253	1.4251927255120405
-0.252	1.4372620267033758
-0.251	1.4494256086660244
-0.25	1.461683678165382
-0.249	1.4740364271508628
-0.248	1.4864840324396016
-0.247	1.499026655400042
-0.246	1.5116644416355993
-0.245	1.524397520668487
-0.244	1.5372260056238514
-0.243	1.5501499929143954
-0.242	1.5631695619255677
-0.241	1.5762847747015232
-0.24	1.5894956756319538
-0.23974103110828818	1.5929324904463278
-0.239	1.6028022911399762
-0.238	1.61620462937119
-0.237	1.6297026798840801
-0.236	1.643296413341923
-0.235	1.6569857812063262
-0.234	1.670770715432578
-0.233	1.684651128166958
-0.232	1.6986269114461747
-0.231	1.7126979368990722
-0.23	1.7268640554508072
-0.229	1.7411250970296017
-0.228	1.7554808702763023
-0.227	1.7699311622568508
-0.2269270702161501	1.7709887106945463
-0.226	1.7844757381778862
-0.225	1.7991143411056105
-0.224	1.8138466916880887
-0.223	1.8286724878811829
-0.222	1.843591404678254
-0.221	1.858603093843828
-0.22	1.8737071836513859
-0.219	1.8889032786254523
-0.218	1.904190959288154
-0.217	1.9195697819104296
-0.216	1.9350392782680457
-0.215	1.9505989554026215
-0.2147980049924181	1.9537528346099964
-0.214	1.9662482953877938
-0.213	1.9819867551007373
-0.212	1.9978137659991877
-0.211	2.013728733904145
-0.21	2.0297310387884306
-0.209	2.045820034571281
-0.208	2.0619950489191146
-0.207	2.078255383052691
-0.206	2.0946003115608023
-0.205	2.1110290822206417
-0.204	2.1275409158250853
-0.20331722832703833	2.1388620324781815
-0.203	2.144135006016988
-0.202	2.160810519130683
-0.201	2.1775665940408557
-0.2	2.194402342018958
-0.199	2.2113168465972852
-0.198	2.228309163440933
-0.197	2.245378320227737
-0.196	2.262523316536397
-0.195	2.2797431237428865
-0.194	2.29703668492537
-0.193	2.314402914777698
-0.19245008972987526	2.32398334883443
-0.192	2.3318406995316785
-0.191	2.3493488968882676
-0.19	2.366926335957783
-0.189	2.384571817209313
-0.188	2.4022841124294736
-0.187	2.420061964690569
-0.186	2.437904088328381
-0.185	2.4558091689296595
-0.184	2.473775863329429
-0.183	2.4918027996182865
-0.18216379075098593	2.5069223240884453
-0.182	2.509888577159734
-0.181	2.528031766617722
-0.18	2.5462309099944878
-0.179	2.5644845206787727
-0.178	2.5827910835045707
-0.177	2.6011490548204574
-0.176	2.6195568625696195
-0.175	2.6380129063806663
-0.174	2.6565155576693313
-0.173	2.6750631597510686
-0.1724272859905955	2.685705225749586
-0.172	2.6936540279647523
-0.171	2.712286449807401
-0.17	2.730958685080121
-0.169	2.7496689660452422
-0.168	2.220573978943979
-0.167	2.2536015785333836
-0.166	2.287064321611078
-0.165	2.320963665224456
-0.164	2.3553008864662104
-0.1632111894000082	2.382696102393363
-0.163	2.3900770761001575
-0.162	2.425293132176555
-0.161	2.46094975364443
-0.16	2.497047433968726
-0.159	2.5335864547603
-0.158	2.570566879426986
-0.157	2.607988546854167
-0.156	2.645851065123432
-0.155	2.684153805278217
-0.15448768559065656	2.7039471154790378
-0.154	2.7228958951453284
-0.153	2.7620762132215186
-0.152	2.8016933826344896
-0.151	2.8417457651876625
-0.15	2.882231455498389
-0.149	2.9231482752392526
-0.148	2.9644937674922835
-0.147	3.0062651912260003
-0.14623044588361028	3.0386986778540357
-0.146	3.048459515905229
-0.145	3.091073416243762
-0.144	3.134103267109959
-0.143	3.177545138595401
-0.142	3.2213947912567353
-0.141	3.2656476715408784
-0.14	3.3102989074037508
-0.139	3.3553433041325134
-0.1384145488461686	3.3818948702295706
-0.138	3.4007753403815246
-0.137	3.446589164431883
-0.136	3.492778590684515
-0.135	3.5393370963965975
-0.134	3.5862578186709952
-0.133	3.633533551708224
-0.132	3.681156744330358
-0.13101640507570736	3.728329969141682
-0.131	3.729119497786104
-0.13	3.777413563845955
-0.129	3.826030343196337
-0.128	3.8749608841412075
-0.127	3.9241958816194953
-0.126	3.9737256765463305
-0.125	4.023540255485894
-0.12401368600376717	4.072941927868343
-0.124	4.073629250663231
-0.123	4.1239819403222295
-0.122	4.174587249436442
-0.121	4.225433750779196
-0.12	4.276509666358975
-0.119	4.327802869225724
-0.118	4.37930088565325
-0.11738525650550419	4.41105507999301
-0.117	4.430990897702479
-0.116	4.48285974616992
-0.115	4.534893933925187
-0.114	4.587079629640919
-0.113	4.639402671918025
-0.112	4.691848573808626
-0.1111111111111111	4.738558331138468
-0.111	4.744402527738542
-0.11	4.797049410830661
-0.109	4.849773790629985
-0.108	4.90255993123056
-0.107	4.955391799803981
-0.106	5.008253073528607
-0.10517231362668437	5.052016040740184
-0.105	5.061127146917883
-0.104	5.113997139545879
-0.103	5.166845904167207
-0.102	5.219656035228173
-0.101	5.272409877765279
-0.1	5.325089536686536
-0.09955093998230691	5.348716922972079
-0.099	5.377676886430636
-0.098	5.430153580998153
-0.097	4.674359782867901
-0.096	4.7939042990524126
-0.095	4.91585787324348
-0.09423002413485373	5.011395221843416
-0.094	5.040211451576984
-0.093	5.16695158028935
-0.092	5.296060217280183
-0.091	5.427514548681978
-0.09	5.561286811374682
-0.08919350686224783	5.670839512503113
-0.089	5.697344122400376
-0.088	5.835648316247159
-0.087	5.976155790980452
-0.086	6.118817364204989
-0.085	6.263578139840383
-0.0844261872946214	6.347568296872355
-0.084	6.410377386688624
-0.083	6.559148429761324
-0.082	6.709818555319364
-0.081	6.862308930556418
-0.08	7.01653453883153
-0.07991367703609606	7.029926182059654
-0.079	7.172404131323525
-0.078	7.329820195942527
-0.077	7.488678944289946
-0.076	7.6488703174094335
-0.0756423567387167	7.70646321229426
-0.075	7.810278011016279
-0.074	7.972779520832614
-0.073	8.136246208589958
-0.072	8.300543389190015
-0.0715993349974727	8.3665731759298
-0.071	8.465530439438705
-0.07	8.631060928688052
-0.069	8.796982771635673
-0.068	8.963138403442638
-0.06777240944234611	9.000969726666794
-0.067	9.12936497723785
-0.066	9.295494583981403
-0.065	9.46135449456033
-0.06415002990995841	9.601986128836554
-0.064	9.626767423889211
-0.063	9.791551816685232
-0.062	9.9555221544827
-0.061	10.118489283347255
-0.06072126358366197	10.163709393671144
-0.06	10.280260761644263
-0.059	10.440641227111435
-0.058	10.59943278238138
-0.05747576199686517	10.68197535959059
-0.057	10.756435397997457
-0.056	13.940905110318413
-0.055	14.423448747702361
-0.054403729800002736	14.71269103093236
-0.054	14.909007683687381
-0.053	15.396290107217508
-0.052	15.883924870593981
-0.05149589519688552	16.1294229250822
-0.051	16.370466935179913
-0.05	16.854403801183064
-0.049	17.33416289976444
-0.04874348196120343	17.456360609483806
-0.048	17.808119911580754
-0.047	18.274607961589627
-0.04613818294872287	18.66934321381976
-0.046	18.73192762577448
-0.045	19.17835767163456
-0.044	19.61216644109297
-0.04367213502523579	19.751357224687183
-0.043	20.03162377215848
-0.042	20.435013344486556
-0.04133789533458906	20.69243170846696
-0.041	20.820645324157194
-0.04	21.186869174742537
-0.03912841883516806	21.488983944062944
-0.039	21.532086495271848
-0.038	21.854763741182467
-0.037037037037037035	22.142826582816955
-0.037	22.153444681908393
-0.036	22.426762448501783
-0.03505743787556146	22.660023373537292
-0.035	22.67345102666491
-0.034	22.892356054809966
-0.033183646660768985	23.049738467783083
-0.033	23.08244479323311
-0.032	35.304679735600814
-0.031410008044951226	35.81233621158757
-0.031	36.14251514812693
-0.03	36.86499831467216
-0.02973116895408261	37.03823360568834
-0.029	37.462175935687014
-0.028142062431540465	37.86818092135892
-0.028	37.92558802316028
-0.027	38.24847197712933
-0.02663789234536535	38.329722437483575
-0.026	38.425927419991694
-0.025214118912905578	38.46135949138236
-0.025	38.45503597620283
-0.024	38.33493179042138
-0.023866444999157556	38.30763734173809
-0.023	38.06682037864596
-0.022590803147448702	37.91511964329876
-0.022	37.65394531707106
-0.021383343303319473	37.32936607925338
-0.021	37.101504198794814
-0.020240421194553992	36.59286654799988
-0.02	36.41651713515541
-0.0191585873322884	35.74379493987572
-0.019	35.607652757585655
-0.018134576600000903	36.80721492880427
-0.018	36.49906763743301
-0.01716529839896184	34.596062597215585
-0.017	34.221429329592844
-0.016247827320401143	32.52887200525432
-0.016	31.97613938060877
-0.015379394316240958	30.604161952161302
-0.015	29.774648375048322
-0.01455737834174527	28.8163672100095
-0.014	27.624978869472248
-0.013779298444863012	27.1581725482853
-0.013042806278389354	25.6217521047026
-0.013	25.533495173557764
-0.012345679012345678	24.199353355945803
-0.012	23.506212182428136
-0.011685812625187154	22.883525125043345
-0.011061215553589661	21.66717460500933
-0.011	21.549554255408935
-0.01047000268165041	8.8137663811403
-0.01	8.139801618249203
-0.00991038965136087	8.01846623839958
-0.009380687477180155	7.3469832381246665
-0.009	6.9110074125738
-0.008879297448455118	6.780524369896935
-0.00840470630430186	6.301550027986607
-0.008	5.932965644284344
-0.007955481666385851	5.8944919940137455
-0.007530267715816235	5.546020915993445
-0.007127781101106491	5.2450283315606265
-0.007	5.154702877497776
-0.0067468070648513305	4.982446503732283
-0.006386195777429466	4.750991264251988
-0.0060448588666669675	3.2898293045034595
-0.006	3.288017933532947
-0.00572176613298728	3.2665392224377503
-0.005415942440133714	3.2224077048050423
-0.005126464772080319	3.1613464756512726
-0.005	3.129100348354897
-0.004852459447248423	3.0874770640056237
-0.004593099481621004	3.0047143214235055
-0.004347602092796451	2.9165214159205295
-0.00411522633744856	2.8257960903140074
-0.004	2.7786801054943773
-0.0038952708750623843	2.7348483828483063
-0.003687071851196554	2.6454358196579393
-0.00349000089388347	2.10715178411582
-0.00330346321712029	2.0224900562516352
-0.003126895825726718	1.9622899440984882
-0.003	1.929393435920339
-0.0029597658161517057	1.9205436227049193
-0.00280156876810062	1.8920078408075973
-0.0026518272221286174	1.8723417464781473
-0.0025100892386054115	1.858111662159941
-0.002375927033702164	1.8467178698698234
-0.002248935688283777	1.8362822301041757
-0.002128731925809822	1.8255224371339778
-0.002014952955555656	2.3492235046393164
-0.002	2.351510131367088
-0.0019072553776624268	2.356255627773761
-0.001805314146711238	2.3430532333575247
-0.0017088215906934398	2.3137599796335895
-0.0016174864824161411	2.2723754459437386
-0.0015310331605403347	2.222501634230275
-0.0014492006975988171	2.1672121889186045
-0.0013717421124828531	2.1090125727430027
-0.0012984236250207948	2.049860918811648
-0.0012290239503988513	1.9912244211033638
-0.00116333363129449	1.6941206074724713
-0.0011011544057067633	1.6572172423368055
-0.0010422986085755728	1.637694879515123
-0.001	1.631408212495668
-0.000986588605383902	1.630554949860499
-0.00093385625603354	1.6315021427985936
-0.0008839424073762058	1.6370388001554455
-0.0008366964128684705	1.6444555114806751
-0.0007919756779007212	1.6517603888128847
-0.0007496452294279256	1.6575775740397753
-0.000709577308603274	1.6610357073060273
-0.0006716509851852187	2.2528574409967463
-0.0006357517925541423	2.261382215624628
-0.0006017713822370793	2.2504153952988912
-0.0005696071968978132	2.2240516220346525
-0.0005391621608053804	2.186194518649509
-0.0005103443868467783	2.1403268409704266
-0.0004830668991996057	2.089396759702608
-0.0004572473708276177	2.0357893867881205
-0.0004328078750069312	1.9813544249102466
-0.0004096746501329504	1.927465971022995
-0.0003877778770981633	1.6600973278684419
-0.0003670514685689215	1.6350795756249283
-0.00034743286952519095	1.6262761761665663
-0.00032886286846130035	1.6287367298241253
-0.0003112854186778467	1.6382280730874117
-0.0002946474691254019	1.6513220743689028
-0.00027889880428949045	1.6653825085907814
-0.00026399189263357376	1.6784920762757662
-0.00024988174314264164	1.68934934784856
-0.00023652576953442467	1.6971559996637484
-0.00022388366172840623	2.32967806513244
-0.00021191726418471428	2.3390325755346058
-0.0002005904607456931	2.32827997403961
-0.00018986906563260423	2.301685135056485
-0.00017972072026846013	2.263297493874306
-0.00017011479561559274	2.216718072786214
-0.00016102229973320205	2.1649860759231063
-0.00015241579027587258	2.1105529363046975
-0.00014426929166897707	2.055313654479636
-0.00013655821671098347	2.0006706826029412
-0.00012925929236605444	1.731310684337904
-0.00012235048952297383	1.7095231494530174
-0.00011581095650839697	1.7043169380294572
-0.00010962095615376677	1.7105159841101445
-0.00010376180622594889	1.7237017690245164
-9.821582304180064e-5	1.7403030528616863
-9.296626809649682e-5	1.75758075710857
-8.799729754452457e-5	1.7735505759434418
-8.329391438088055e-5	1.7868742846437138
-7.884192317814156e-5	1.7967409836469235
-7.462788724280207e-5	2.470190439157504
-7.063908806157143e-5	2.4803406919063664
-6.686348691523104e-5	2.4692324532372694
-6.328968854420141e-5	2.441397086095913
-5.990690675615338e-5	2.4011292073040553
-5.670493187186425e-5	2.3522419054891346
-5.367409991106735e-5	2.297948534741447
-5.080526342529086e-5	2.2408369184391277
-4.808976388965902e-5	2.1829039431024913
-4.5519405570327826e-5	2.125624311932553
-4.3086430788684815e-5	1.8425294542694253
-4.0783496507657944e-5	1.821307825188501
-3.860365216946566e-5	1.8175781142035112
-3.654031871792226e-5	1.8258283904140467
-3.4587268741982965e-5	1.8413574178627248
-3.2738607680600214e-5	1.8603688923364663
-3.0988756032165605e-5	1.879954462700699
-2.9332432514841528e-5	1.8980106948037199
-2.776463812696018e-5	1.9131228512094065
-2.628064105938052e-5	1.924438049993304
-2.4875962414267358e-5	2.642969850172914
-2.3546362687190476e-5	2.6539649216265637
-2.228782897174368e-5	2.642269249596403
-2.1096562848067137e-5	2.612735714493346
-1.9968968918717793e-5	2.5699586573216093
-1.890164395728808e-5	2.5180132713095187
-1.789136663702245e-5	2.460330380358253
-1.6935087808430286e-5	2.3996699480738846
-1.6029921296553006e-5	2.3381590061345934
-1.5173135190109274e-5	2.277365922483434
-1.436214359622827e-5	1.9759114721613618
-1.3594498835885981e-5	1.9542291609582483
-1.2867884056488553e-5	1.9512106654291732
-1.218010623930742e-5	1.9609483813489146
-1.1529089580660988e-5	1.9784058272856064
-1.0912869226866738e-5	1.9995178178909108
-1.03295853440552e-5	2.0211717168929555
-9.777477504947175e-6	2.0411180690884705
-9.254879375653394e-6	2.0578457793406075
-8.760213686460173e-6	2.070445982114106
-8.291987471422452e-6	2.837284302698042
-7.848787562396825e-6	2.8491895257027102
-7.429276323914559e-6	2.8367915260074725
-7.032187616022379e-6	2.8053024705670886
-6.6563229729059306e-6	2.759652787311765
-6.300547985762694e-6	2.7042123852876045
-5.963788879007484e-6	2.642657225867518
-5.645029269476762e-6	2.5779417957644695
-5.343307098851002e-6	2.512340592629856
-5.057711730036425e-6	2.4475284573120635
-4.787381198742757e-6	2.1248379718175636
-4.531499611961994e-6	2.1022808371693253
-4.289294685496184e-6	2.0997214693564015
-4.060035413102473e-6	2.1108128259703074
-3.843029860220329e-6	2.130145417171189
-3.6376230756222457e-6	2.1533542558585346
-3.443195114685067e-6	2.1770982707592563
-3.2591591683157254e-6	2.1989640027832693
-3.0849597918844647e-6	2.217331316440322
-2.9200712288200575e-6	2.231227029871147
-2.763995823807484e-6	3.0497756085723564
-2.6162625207989416e-6	3.062666035493392
-2.476425441304853e-6	3.0494919399609555
-2.3440625386741264e-6	3.015857521083566
-2.218774324301977e-6	2.9670602010194584
-2.100182661920898e-6	2.907791876068877
-1.987929626335828e-6	2.8419964347715623
-1.8816764231589208e-6	2.7728410389410016
-1.7811023662836674e-6	2.7027614569633274
-1.6859039100121416e-6	2.6335489987238407
-1.5957937329142524e-6	2.287443828897239
-1.5104998706539979e-6	2.263826395120173
-1.4297648951653947e-6	2.261669861539433
-1.3533451377008244e-6	2.2741485347556
-1.2810099534067765e-6	2.2954464300865243
-1.2125410252074154e-6	2.3208716505797047
-1.1477317048950223e-6	2.346833828124457
-1.086386389438575e-6	2.3707402920696707
-1.0283199306281548e-6	2.3908514937706875
-9.733570762733526e-7	2.4061235084329464
-9.213319412691613e-7	3.28001267411272
-8.720875069329806e-7	3.2939702764309264
-8.254751471016177e-7	3.2799584754423576
-7.813541795580421e-7	3.244005950771274
-7.395914414339923e-7	3.1918074309953086
-7.00060887306966e-7	3.1284033130449154
-6.626432087786093e-7	3.058027384023382
-6.272254743863069e-7	2.984076826968005
6.272254743863069e-7	3.372169413272105
6.626432087786093e-7	3.3946770766004257
7.00060887306966e-7	3.4188462810664557
7.395914414339923e-7	3.442379141901377
7.813541795580421e-7	3.4619311226383993
8.254751471016177e-7	3.4730140334998505
8.720875069329806e-7	3.4700152355750338
9.213319412691613e-7	3.4463957717842866
9.733570762733526e-7	3.4500267957133612
1.0283199306281548e-6	3.395675412467282
1.086386389438575e-6	3.332180913624137
1.1477317048950223e-6	3.2601621577565103
1.2125410252074154e-6	3.1809344369378514
1.2810099534067765e-6	3.09669468012788
1.3533451377008244e-6	3.010708614313406
1.4297648951653947e-6	2.9274776003462395
1.5104998706539979e-6	2.852851480346211
1.5957937329142524e-6	2.7940395779983254
1.6859039100121416e-6	3.104982402600985
1.7811023662836674e-6	3.1193490718374317
1.8816764231589208e-6	3.1372431039481343
1.987929626335828e-6	3.158010587939915
2.100182661920898e-6	3.1803435559371804
2.218774324301977e-6	3.2021092011602383
2.3440625386741264e-6	3.2202005576172588
2.476425441304853e-6	3.230445773286878
2.6162625207989416e-6	3.227625409121007
2.763995823807484e-6	3.2056561564831685
2.9200712288200575e-6	3.212151253625406
3.0849597918844647e-6	3.161476282436843
3.2591591683157254e-6	3.102279361087858
3.443195114685067e-6	3.035133066471386
3.6376230756222457e-6	2.9612573861751543
3.843029860220329e-6	2.8826920575853743
4.060035413102473e-6	2.80247080503494
4.289294685496184e-6	2.724776783365566
4.531499611961994e-6	2.655047962271245
4.787381198742757e-6	2.599987994035218
5.057711730036425e-6	2.8887064724376548
5.343307098851002e-6	2.901853096185057
5.645029269476762e-6	2.918289787597334
5.963788879007484e-6	2.937413171000231
6.300547985762694e-6	2.95801174435482
6.6563229729059306e-6	2.9781067490237105
7.032187616022379e-6	2.994812903201701
7.429276323914559e-6	3.0042535378817052
7.848787562396825e-6	3.0015761310837292
8.291987471422452e-6	2.9811225925870377
8.760213686460173e-6	2.9902633721068765
9.254879375653394e-6	2.942975269658751
9.777477504947175e-6	2.8877398059711954
1.03295853440552e-5	2.825085739858292
1.0912869226866738e-5	2.756143361056508
1.1529089580660988e-5	2.682804774699081
1.218010623930742e-5	2.607886011657149
1.2867884056488553e-5	2.5352717575937045
1.3594498835885981e-5	2.4700136762426723
1.436214359622827e-5	2.4183410560029506
1.5173135190109274e-5	2.685678972331934
1.6029921296553006e-5	2.697597711936335
1.6935087808430286e-5	2.712582141693368
1.789136663702245e-5	2.730077217452551
1.890164395728808e-5	2.74896306986381
1.9968968918717793e-5	2.7674068212990597
2.1096562848067137e-5	2.7827327579512824
2.228782897174368e-5	2.7913429551967637
2.3546362687190476e-5	2.7887311153667
2.4875962414267358e-5	2.7696401622264704
2.628064105938052e-5	2.7816976402614846
2.776463812696018e-5	2.7374741600667565
2.9332432514841528e-5	2.685829981637223
3.0988756032165605e-5	2.6272505655623304
3.2738607680600214e-5	2.5627792404351664
3.4587268741982965e-5	2.4941659926302626
3.654031871792226e-5	2.424017979151434
3.860365216946566e-5	2.355933959460899
4.0783496507657944e-5	2.2945957519354496
4.3086430788684815e-5	2.2457784902891595
4.5519405570327826e-5	2.491393747177877
4.808976388965902e-5	2.5019009882516716
5.080526342529086e-5	2.5152561660504467
5.367409991106735e-5	2.530953430813328
5.670493187186425e-5	2.5479640746143284
5.990690675615338e-5	2.5645988155561676
6.328968854420141e-5	2.578386957084872
6.686348691523104e-5	2.5860021663603354
7.063908806157143e-5	2.5832745075660077
7.462788724280207e-5	2.565335596158596
7.884192317814156e-5	2.5818925872928937
8.329391438088055e-5	2.5402735482071956
8.799729754452457e-5	2.4917011022735633
9.296626809649682e-5	2.436613232009791
9.821582304180064e-5	2.3759624518429088
0.00010376180622594889	2.3113531573927637
0.00010962095615376677	2.2451805196000856
0.00011581095650839697	2.180754489104038
0.00012235048952297383	2.1223841243183497
0.00012925929236605444	2.075387075506123
0.00013655821671098347	2.294337859371506
0.00014426929166897707	2.302718415909447
0.00015241579027587258	2.3137170783567274
0.00016102229973320205	2.326886128755869
0.00017011479561559274	2.341298944407538
0.00017972072026846013	2.355422861525931
0.00018986906563260423	2.3670073280151134
0.0002005904607456931	2.373014659560213
0.00021191726418471428	2.3696298030038965
0.00022388366172840623	2.3523921504374212
0.00023652576953442467	2.3769086852156915
0.00024988174314264164	2.337119973196756
0.00026399189263357376	2.29075625769752
0.00027889880428949045	2.238189534365276
0.0002946474691254019	2.1802576260401834
0.0003112854186778467	2.1183886990857004
0.00032886286846130035	2.0547269947724405
0.00034743286952519095	1.9922448515188784
0.0003670514685689215	1.9348186234913223
0.0003877778770981633	1.8872368949583072
0.0004096746501329504	2.068255968287509
0.0004328078750069312	2.072505670289529
0.0004572473708276177	2.0790768921506837
0.0004830668991996057	2.0876092312183654
0.0005103443868467783	2.097318351558812
0.0005391621608053804	2.1068812482084835
0.0005696071968978132	2.114334780323046
0.0006017713822370793	2.117011856167155
0.0006357517925541423	2.111547753881265
0.0006716509851852187	2.093994946044201
0.000709577308603274	2.1411658801469104
0.0007496452294279256	2.101564915649716
0.0007919756779007212	2.055635998493962
0.0008366964128684705	2.0036484049111496
0.0008839424073762058	1.9462736254661817
0.00093385625603354	1.8846923939808262
0.000986588605383902	1.82070178384757
0.001	1.8048747497211794
0.0010422986085755728	1.756809159489585
0.0011011544057067633	1.69629349550697
0.00116333363129449	1.6432070810297972
0.0012290239503988513	1.746288572915624
0.0012984236250207948	1.7411328722048838
0.0013717421124828531	1.7378314542339806
0.0014492006975988171	1.7361933891492065
0.0015310331605403347	1.7356907359292224
0.0016174864824161411	1.7353617142450157
0.0017088215906934398	1.733723896789696
0.001805314146711238	1.7287174140317445
0.0019072553776624268	1.7177047484828183
0.002	1.7009486021897486
0.002014952955555656	1.6975583775001928
0.002128731925809822	1.815319149683566
0.002248935688283777	1.7738876566133226
0.002375927033702164	1.726347697552133
0.0025100892386054115	1.6728066726989321
0.0026518272221286174	1.613676792347205
0.00280156876810062	1.549754659076301
0.0029597658161517057	1.4822988444327274
0.003	1.4653695034646683
0.003126895825726718	1.4130948717879208
0.00330346321712029	1.3444926682046936
0.00349000089388347	1.2793968447189588
0.003687071851196554	1.2495400888087373
0.0038952708750623843	1.2268143696435558
0.004	1.2162671808336583
0.00411522633744856	1.2053216365404278
0.004347602092796451	1.1852026980188677
0.004593099481621004	1.166405965922153
0.004852459447248423	1.1486180652333913
0.005	1.1391298980892535
0.005126464772080319	1.1311991019793104
0.005415942440133714	1.1131358542696541
0.00572176613298728	1.0930305004155145
0.006	1.0726758783544705
0.0060448588666669675	1.069145484735482
0.006386195777429466	1.5950969033893783
0.0067468070648513305	1.5738551900105768
0.007	1.557977997596985
0.007127781101106491	1.5497244010902234
0.007530267715816235	1.5229682118452954
0.007955481666385851	1.4940666555521056
0.008	1.4910371052677023
0.00840470630430186	1.4637627265330921
0.008879297448455118	1.4331038827909726
0.009	1.425664297049948
0.009380687477180155	1.4034701362537765
0.00991038965136087	1.3765772570296515
0.01	1.372566679725317
0.01047000268165041	1.3544402957560981
0.011	1.3604505386856276
0.011061215553589661	1.360568759744426
0.011685812625187154	1.362776864265342
0.012	1.364499710497049
0.012345679012345678	1.3667789676005015
0.013	1.3718848106876664
0.013042806278389354	1.372242760247316
0.013779298444863012	1.3785122764458861
0.014	1.3803374542222429
0.01455737834174527	1.3845352242044113
0.015	1.3871974436621355
0.015379394316240958	1.3888086793494094
0.016	1.389713929210737
0.016247827320401143	1.3893630663602132
0.017	1.3853465371855027
0.01716529839896184	1.383809264300742
0.018	1.3720340939566273
0.018134576600000903	1.3694758305739811
0.019	1.4795376309446637
0.0191585873322884	1.4785785316954758
0.02	1.4726681315010932
0.020240421194553992	1.4707322980418749
0.021	1.4639268351434929
0.021383343303319473	1.4601091495682716
0.022	1.4534558054114117
0.022590803147448702	1.4465184328229035
0.023	1.4414082345814143
0.023866444999157556	1.4298195428627776
0.024	1.4279456498562668
0.025	1.413235136273694
0.025214118912905578	1.409939408915674
0.026	1.397446642958786
0.02663789234536535	1.386890414358455
0.027	1.3807504249759681
0.028	1.363314657402612
0.028142062431540465	1.3607872588784777
0.029	1.3453032426725595
0.02973116895408261	1.3318606572748877
0.03	1.326873817991348
0.031	1.3081759578135492
0.031410008044951226	1.3004649430477817
0.032	1.2893495578565615
0.033	1.2308590950218778
0.033183646660768985	1.2288588365208482
0.034	1.2197995478197976
0.035	1.208345582850887
0.03505743787556146	1.2076762606187175
0.036	1.1965231150395603
0.037	1.1843566026672057
0.037037037037037035	1.183899689230525
0.038	1.1718691484930306
0.039	1.1590826189165548
0.03912841883516806	1.157419996849784
0.04	1.146017777480289
0.041	1.1326944289313639
0.04133789533458906	1.1281374669580115
0.042	1.1191315700520996
0.043	1.1053475435291515
0.04367213502523579	1.0959674778092539
0.044	1.0913601912554596
0.045	1.077187003643975
0.046	1.0628452617714428
0.04613818294872287	1.0608511869297013
0.047	1.0483521694578344
0.048	1.0337249727151097
0.04874348196120343	1.0227733001608352
0.049	1.0189810643603496
0.05	1.0041380719746669
0.051	0.9892139277927096
0.05149589519688552	0.9817886452729004
0.052	0.9742269195197664
0.053	0.9591957214864089
0.054	0.944139405956715
0.054403729800002736	0.9380580113287978
0.055	0.9290774347980766
0.056	0.9140296320918603
0.057	2.056123642106122
0.05747576199686517	2.05372251542019
0.058	2.051019895437416
0.059	2.0457036876770043
0.06	2.0401838596916626
0.06072126358366197	2.0360813643273423
0.061	2.0344695827346055
0.062	2.028570352286513
0.063	2.0224959812768297
0.064	2.0162565926879217
0.06415002990995841	2.015306902457985
0.065	2.0098626115455254
0.066	2.003324756299678
0.067	1.9966540296009432
0.06777240944234611	1.991417669152874
0.068	1.9898617084774763
0.069	1.982959333918988
0.07	1.9759586998743264
0.071	1.9688718416698325
0.0715993349974727	1.9645881988025766
0.072	1.9617110238561848
0.073	1.95448872749194
0.074	1.9472176368723495
0.075	1.939910625712613
0.0756423567387167	1.9352040258531948
0.076	1.9325807427950465
0.077	1.9252411970901895
0.078	1.917905342362295
0.079	1.910586661270133
0.07991367703609606	1.9039263059604117
0.08	1.9032987489745332
0.081	1.8960552962646788
0.082	1.8888700722156804
0.083	1.881756906390661
0.084	1.87472967060119
0.0844261872946214	1.8717642819783293
0.085	1.8678022602407423
0.086	1.8609885752065802
0.087	1.8543025004264277
0.088	1.847757886007208
0.089	1.8413685270242144
0.08919350686224783	1.8401512303564238
0.09	1.8351481429701408
0.091	1.829110356884716
0.092	1.8232686741868953
0.093	1.8176364612330018
0.094	1.812226923625675
0.09423002413485373	1.8110154742300566
0.095	1.8070530843000405
0.096	1.8021277614151654
0.097	1.7974635460805322
0.098	3.6374146417583115
0.099	3.6426506011132957
0.09955093998230691	3.6455758069663604
0.1	3.6479818337731436
0.101	3.653411363528765
0.102	3.658942020240666
0.103	3.6645764358009005
0.104	3.6703170402765934
0.105	3.676166058239439
0.10517231362668437	3.677185024412097
0.106	3.6821255052855544
0.107	3.6881971847496784
0.108	3.6943826846178256
0.109	3.700683374642113
0.11	3.7071004036614075
0.111	3.7136346971312713
0.1111111111111111	3.714368000875056
0.112	3.7202869548664887
0.113	3.727057648999199
0.114	3.733947022155638
0.115	3.7409550858541367
0.116	3.7480816191269164
0.117	3.7553261673680076
0.11738525650550419	3.758148529217976
0.118	3.7626880414093704
0.119	3.7701663168272033
0.12	3.7777598334800406
0.121	3.78546719528021
0.122	3.793286770199841
0.123	3.801216690512554
0.124	3.8092548532715935
0.12401368600376717	3.8093656038231902
0.125	3.817398921025013
0.126	3.8256463227682853
0.127	3.8339942551345287
0.128	3.8424396838221377
0.129	3.850979345259618
0.13	3.859609748506958
0.131	3.8683271773927554
0.13101640507570736	3.86847089124715
0.132	3.8771276928861065
0.133	3.8860071357018713
0.134	3.894961129137836
0.135	3.903985082141996
0.136	3.9130741926078803
0.137	3.922223450895728
0.138	3.931427643576917
0.1384145488461686	3.9352580671613615
0.139	3.9406813573988986
0.14	3.9499789834677146
0.141	3.959314721644691
0.142	3.9686825851539282
0.143	3.978076405396813
0.144	3.9874898369695484
0.145	3.9969163628795004
0.146	4.006349299955901
0.14623044588361028	4.008523272220657
0.147	4.01578180445021
0.148	4.02520687782118
0.149	4.0346173726995636
0.15	4.044005999026941
0.151	4.0533653303632065
0.152	4.0626878103568025
0.153	4.071965759371698
0.154	4.081191381264888
0.15448768559065656	4.085669227760826
0.155	4.090356770307964
0.156	4.099453918246087
0.157	4.108474721487558
0.158	4.11741098841702
0.159	4.126254446824998
0.16	4.13499675144644
0.161	4.143629491600827
0.162	4.152144198926036
0.163	4.160532355198177
0.1632111894000082	4.162286853362078
0.164	4.168785400229453
0.165	4.176894739835872
0.166	4.184851753866656
0.167	4.192647804286948
0.168	4.200274243305366
0.169	3.86735043525218
0.17	3.8639793980105233
0.171	3.860424298235315
0.172	3.8566856822817774
0.1724272859905955	3.855032406460675
0.173	3.852764130211474
0.174	3.8486602556085456
0.175	3.8443747053847717
0.176	3.839908159573579
0.177	3.8352613311131765
0.178	3.830434965618798
0.179	3.825429841144246
0.18	3.8202467679328165
0.181	3.8148865881577287
0.182	3.8093501756521824
0.18216379075098593	3.8084266276893137
0.183	3.80363843562915
0.184	3.79775230439109
0.185	3.7916927490296573
0.186	3.785460767115566
0.187	3.779057386378801
0.188	3.772483664379244
0.189	3.765740688167942
0.19	3.7588295739391495
0.191	3.751751466673276
0.192	3.744507539770969
0.19245008972987526	3.741193329063929
0.193	3.737098994678449
0.194	3.7295270605042945
0.195	3.7217929936278735
0.196	3.7138980772995334
0.197	3.7058436212328254
0.198	3.697630961188911
0.199	3.689261458553295
0.2	3.680736499905181
0.201	3.672057496579563
0.202	3.6632258842222765
0.203	3.6542431223382543
0.20331722832703833	3.651362194657015
0.204	3.645110693833107
0.205	3.635830104548341
0.206	3.6264028827903494
0.207	3.6168305788534076
0.208	3.607114764536901
0.209	3.5972570326570157
0.21	3.587258996553048
0.211	3.577122289588674
0.212	3.566848564648236
0.213	3.556439493628452
0.214	3.545896766925617
0.2147980049924181	3.5373888751517994
0.215	3.535222092918637
0.216	3.5244171974480647
0.217	3.5134838232913665
0.218	3.5024237296346956
0.219	3.4912386915413567
0.22	3.4799304994172173
0.221	3.468500958473269
0.222	3.4569518881856425
0.223	3.4452851217532157
0.224	3.4335025055531205
0.225	3.421605898594336
0.226	3.409597171969638
0.2269270702161501	3.3983657272684327
0.227	3.397478208306109
0.228	3.3852509012144547
0.229	3.372917154737354
0.23	3.360478882797073
0.231	3.3479380086425854
0.232	3.335296464296397
0.233	3.3225561900013543
0.234	3.309719133667598
0.235	3.296787250319975
0.236	3.2837625015460183
0.237	3.270646854944834
0.238	3.2574422835770367
0.239	3.2441507654159953
0.23974103110828818	3.2342464176502164
0.24	3.2307742828005797
0.241	3.2173148218896532
0.242	3.2037743721184757
0.243	3.190154925657321
0.244	3.176458476872378
0.245	3.162687021789309
0.246	3.148842557559521
0.247	3.134927081929424
0.248	3.1209425927129035
0.249	3.106891087267134
0.25	3.0927745619719467
0.251	3.0785950117129963
0.252	3.0643544293688407
0.253	3.0500548053021714
0.25327856188386416	3.0460612298542853
0.254	3.035698126855327
0.255	3.02128637785034
0.256	3.0068215380935857
0.257	2.992305582885341
0.258	2.977740482534278
0.259	2.9631282018771663
0.26	2.9484706998038885
0.261	2.9337699287879424
0.262	2.9190278344225864
0.263	2.9042463549627553
0.264	2.8894274208729214
0.265	2.8745729543810494
0.266	2.8596848690386976
0.267	2.8447650692875546
0.26758052058674353	2.8360900171700925
0.268	2.8298154500323704
0.269	2.8148378962205385
0.27	2.7998342824283604
0.271	2.784806472454201
0.272	2.769756318918517
0.273	2.7546856628710312
0.274	2.739596333404998
0.275	2.724490147278785
0.276	2.70936890854477
0.277	2.6942344081857255
0.278	2.6790884237587274
0.279	2.663932719046656
0.28	2.6487690437174582
0.281	2.633599132991123
0.282	2.6184247073145186
0.28269007240456123	2.6079515144086303
0.283	2.6032474720441567
0.284	2.588069117136887
0.285	2.572891316848653
0.286	2.5577157294413095
0.287	2.542543996897544
0.288	2.5273777446439936
0.289	2.512218581282573
0.29	2.4970680983300158
0.291	2.4819278699657006
0.292	2.4667994527877792
0.293	2.1210496382010557
0.294	2.116223238643643
0.295	2.1113812549797233
0.296	2.106523846508336
0.297	2.1016511728168896
0.298	2.0967633937731303
0.2986528199469207	2.093564481212065
0.299	2.0918606695171036
0.3	2.0869431604531146
0.301	2.082011027241647
0.302	2.0770644307912933
0.303	2.072103532250641
0.304	2.067128493000169
0.305	2.062139474644111
0.306	2.0571366390023176
0.307	2.0521201481020923
0.308	2.0470901641700348
0.309	2.0420468496238424
0.31	2.0369903670641225
0.311	2.0319208792661883
0.312	2.0268385491718384
0.313	2.0217435398811228
0.314	2.0166360146441105
0.315	2.0115161368526397
0.31551694088005316	2.0088646732644984
0.316	2.0063840700320537
0.317	2.001239977832941
0.318	1.996084024022855
0.319	1.9909163724780328
0.32	1.9857371871751075
0.321	1.9805466321828096
0.322	1.9753448716536552
0.323	1.9701320698156524
0.324	1.9649083909639846
0.325	1.95967399945268
0.326	1.954429059686306
0.327	1.9491737361116321
0.328	1.9439081932093125
0.329	1.9386325954855455
0.33	1.9333471074637478
0.331	1.9280518936762274
0.332	1.9227471186558376
0.333	1.9174329469276563
0.3333333333333333	1.9156594966285814
0.334	1.9121095430006487
0.335	1.9067770713593362
0.336	1.9014356964554737
0.337	1.896085582699719
0.338	1.8907268944533115
0.339	1.8853597960197543
0.34	1.879984451636502
0.341	1.8746010254666516
0.342	1.8692096815906376
0.343	1.8638105839979369
0.344	1.8584038965787835
0.345	1.852989783115881
0.346	1.8475684072761356
0.347	1.8421399326023857
0.348	1.8367045225051555
0.349	1.8312623402544086
0.35	1.8258135489713097
0.351	1.8203583116200146
0.352	1.8148967909994538
0.3521557695165126	1.8140454974948859
0.353	1.8094291497351391
0.354	1.8039555502709848
0.355	1.7984761548611383
0.356	1.7929911255618285
0.357	1.7875006242232323
0.358	1.7820048124813486
0.359	1.7765038517499068
0.36	1.7709979032122747
0.361	1.7654871278133941
0.362	1.7599716862517327
0.363	1.7544517389712664
0.364	1.7489274461534585
0.365	1.743398967709295
0.366	1.737866463271302
0.367	1.732330092185622
0.368	1.7267900135040903
0.369	1.7212463859763436
0.37	1.7156993680419566
0.371	1.7101491178226
0.372	1.7045957931142222
0.3720410580113015	1.7043677212287065
0.373	1.699039551379264
0.374	1.6934805497389014
0.375	1.6879189449653076
0.376	1.6823548934739556
0.377	1.6767885513159453
0.378	1.6712200741703573
0.379	1.665649617336645
0.38	1.66007733572706
0.381	1.654503383859095
0.382	1.6489279158479822
0.383	1.6433510853992082
0.384	1.6377730458010706
0.385	1.6321939499172704
0.386	1.6266139501795425
0.387	1.6210331985803115
0.388	1.615451846665404
0.389	1.6098700455267823
0.39	1.6042879457953276
0.391	1.5987056976336498
0.392	1.5931234507289616
0.393	1.5875413542859635
0.3930492152271221	1.5872666366512391
0.394	1.5819595570197953
0.395	1.5763782071490133
0.396	1.5707974523886254
0.397	1.5652174399431489
0.398	1.5596383164997412
0.399	1.5540602282213454
0.4	1.5484833207399094
0.401	1.5429077391496164
0.402	1.5373336280002095
0.403	1.5317611312903188
0.404	1.5261903924608688
0.405	1.520621554388509
0.406	1.5150547593791157
0.407	1.5094901491613335
0.408	1.5039278648801662
0.409	1.4983680470906244
0.41	1.4928108357514198
0.411	1.4872563702187174
0.412	1.4817047892399398
0.413	1.4761562309476146
0.414	1.470610832853299
0.415	1.465068731841532
0.41524364653850576	1.4637189330907747
0.416	1.4595300641638662
0.417	1.4539949654329407
0.418	1.4484635706166105
0.419	1.442936014032147
0.42	1.437412429340485
0.421	1.4318929495405242
0.422	1.4263777069634949
0.423	1.4208668332673986
0.424	1.4153604594314722
0.425	1.4098587157507534
0.426	1.4043617318306718
0.427	1.3988696365817295
0.428	1.3933825582142263
0.429	1.3879006242330478
0.43	1.3824239614325362
0.431	1.3769526958913896
0.432	1.3714869529676619
0.433	1.3660268572938004
0.434	1.3605725327717655
0.435	1.3551241025681993
0.436	1.349681689109679
0.437	1.344245414078018
0.438	1.3388153984056486
0.4386913376508308	1.3350651466785461
0.439	1.3333917622710556
0.44	1.327974625094296
0.441	1.3225641055325752
0.442	1.3171603214758878
0.443	1.311763390042738
0.444	1.306373427575919
0.445	1.3009905496383682
0.446	1.295614871009087
0.447	1.2902465056791403
0.448	1.2848855668477062
0.449	1.279532166918222
0.45	1.2741864174945796
0.451	1.2688484293774038
0.452	1.2635183125604013
0.453	1.258196176226773
0.454	1.2528821287457124
0.455	1.2475762776689592
0.456	1.2422787297274451
0.457	1.236989590827992
0.458	1.2317089660501004
0.459	1.2264369596427986
0.46	1.2211736750215805
0.461	1.2159192147653923
0.462	1.2106736806137188
0.463	1.2054371734637326
0.4634630567719698	1.203015459022782
0.464	1.2002097933675169
0.465	1.1949916395293596
0.466	1.1897828103031325
0.467	1.1845834031897384
0.468	1.179393514834628
0.469	1.174213241025404
0.47	1.1690426766894901
0.471	1.163881915891882
0.472	1.1587310518329683
0.473	1.1535901768464294
0.474	1.148459382397216
0.475	1.143338759079588
0.476	1.1382283966152538
0.477	1.133128383851563
0.478	1.1280388087597797
0.479	1.122959758433445
0.48	1.1178913190867974
0.481	1.1128335760532777
0.482	1.1077866137841126
0.483	1.1027505158469644
0.484	1.0977253649246632
0.485	1.092711242814016
0.486	1.0877082304246841
0.487	1.082716407778146
0.488	1.0777358540067226
0.489	1.0727666473526971
0.4896335682000246	1.069624223215671
0.49	1.0678088651674835
0.491	1.0628625839109007
0.492	1.057927879150491
0.493	1.053004825560939
0.494	1.0480934969235547
0.495	1.0431939661258256
0.496	1.0383063051610542
0.497	1.0334305851280614
0.498	1.0285668762309699
0.499	1.023715247779058
0.5	1.0188757681866891
0.501	1.0140485049733141
0.502	1.0092335247635458
0.503	1.0044308932873092
0.504	0.9996406753800618
0.505	0.99486293498309
0.506	0.9900977351438744
0.507	1.070661083909062
0.508	1.068276814671036
0.509	1.0658935346798335
0.51	1.063511269892172
0.511	1.0611300461539137
0.512	1.0587498891997276
0.513	1.0563708246527272
0.514	1.0539928780241339
0.515	1.051616074712933
0.516	1.0492404400055477
0.517	1.046865999075507
0.5172818579717865	1.046196963074092
0.518	1.04449277698312
0.519	1.042120798675167
0.52	1.0397500889845834
0.521	1.0373806726301495
0.522	1.035012574216201
0.523	1.0326458182323173
0.524	1.030280429053053
0.525	1.0279164309376332
0.526	1.0255538480296802
0.527	1.0231927043569518
0.528	1.0208330238310472
0.529	1.0184748302471751
0.53	1.0161181472838656
0.531	1.0137629985027408
0.532	1.011409407348258
0.533	1.009057397147459
0.534	1.00670699110975
0.535	1.004358212326661
0.536	1.0020110837716216
0.537	0.9996656282997377
0.538	0.9973218686475792
0.539	0.9949798274329669
0.54	0.992639527154771
0.541	0.9903009901927072
0.542	0.9879642388071426
0.543	0.9856292951389077
0.544	0.9832961812091194
0.545	0.98096491891898
0.546	0.9786355300496324
0.5464913722529576	0.9774916260278034
0.547	0.9763080362619656
0.548	0.9739824590964694
0.549	0.9716588199730651
0.55	0.9693371401909566
0.551	0.967017440928483
0.552	0.964699743242974
0.553	0.9623840680706102
0.554	0.9600704362262932
0.555	0.9577588684035163
0.556	0.9554493851742437
0.557	0.9531420069887895
0.558	0.950836754175709
0.559	0.9485336469416845
0.56	0.946232705371433
0.561	0.9439339494275945
0.562	0.9416373989506561
0.563	0.9393430736588483
0.564	0.9370509931480719
0.565	0.9347611768918195
0.566	0.9324736442410965
0.567	0.9301884144243575
0.568	0.9279055065474447
0.569	0.9256249395935257
0.57	0.923346732423042
0.571	0.9210709037736586
0.572	0.918797472260223
0.573	0.9165264563747229
0.574	0.9142578744862545
0.575	0.9119917448409915
0.576	0.9097280855621596
0.577	0.9074669146500196
0.5773502691896257	0.9066754879088039
0.578	0.9052082499818459
0.579	0.9029521093119236
0.58	0.9006985102715351
0.581	0.898447470368966
0.582	0.8961990069894986
0.583	0.8939531373954318
0.584	0.8917098787260839
0.585	0.8894692479978119
0.586	0.8872312621040358
0.587	0.8849959378152633
0.588	0.882763291779118
0.589	0.880533340520379
0.59	0.8783061004410166
0.591	0.8760815878202363
0.592	0.8738598188145319
0.593	0.8716408094577323
0.594	0.8694245756610639
0.595	0.8672111332132088
0.596	0.8650004977803717
0.597	0.86279268490635
0.598	0.8605877100126099
0.599	0.8583855883983644
0.6	0.8561863352406552
0.601	0.8539899655944412
0.602	0.8517964943926921
0.603	0.8496059364464804
0.604	0.8474183064450834
0.605	0.8452336189560874
0.606	0.8430518884254983
0.607	0.8408731291778477
0.608	0.8386973554163165
0.609	0.8365245812228485
0.6099516849811152	0.8344595830962441
0.61	0.834354820558283
0.611	0.8321880872624774
0.612	0.8300243950544403
0.613	0.8278637575324711
0.614	0.8257061881742987
0.615	0.823551700337225
0.616	0.8214003072582742
0.617	0.8192520220543469
0.618	0.8171068577223729
0.619	0.8149648271394745
0.62	0.8128259430631257
0.621	0.8106902181313239
0.622	0.8085576648627603
0.623	0.8064282956569928
0.624	0.8043021227946281
0.625	0.8021791584375002
0.626	0.8000594146288602
0.627	0.7979429032935622
0.628	0.7958296362382606
0.629	0.7937196251516037
0.63	0.7916128816044371
0.631	0.7895094170500042
0.632	0.7874092428241556
0.633	0.7853123701455629
0.634	0.7832188101159254
0.635	0.7811285737201966
0.636	0.779041671826801
0.637	0.776958115187858
0.638	0.774877914439412
0.639	0.772801080101664
0.64	0.7707276225792034
0.641	0.7686575521612505
0.642	0.7665908790218928
0.643	0.7645276132203318
0.644	0.7624677647011324
0.6443940149772543	0.7616570941848416
0.645	0.7604113432944679
0.646	0.7583583587163826
0.647	0.7563088205690406
0.648	0.7542627383409904
0.649	0.7522201214074282
0.65	0.7501809790304595
0.651	0.7481453203593756
0.652	0.7461131544309236
0.653	0.7440844901695756
0.654	0.7420593363878134
0.655	0.7400377017864097
0.656	0.7380195949547076
0.657	0.7360050243709119
0.658	0.7339939984023762
0.659	0.7319865253058966
0.66	0.7299826132280051
0.661	0.7279822702052708
0.662	0.7259855041645971
0.663	0.7239923229235287
0.664	0.7220027341905539
0.665	0.7200167455654163
0.666	0.718034364539427
0.667	0.716055598495773
0.668	0.7140804547098405
0.669	0.71210894034953
0.67	0.7101410624755802
0.671	0.708176828041887
0.672	0.7062162438958395
0.673	0.7042593167786371
0.674	0.7023060533256338
0.675	0.7003564600666585
0.676	0.6984105434263601
0.677	0.6964683097245473
0.678	0.6945297651765203
0.679	0.6925949158934215
0.68	0.6906637678825764
0.6807812106484503	0.6891577134659724
0.681	0.6887363270478469
0.682	0.6868125991899743
0.683	0.6848925900069318
0.684	0.6829763050942835
0.685	0.6810637499455364
0.686	0.6791549299524986
0.687	0.6772498504056396
0.688	0.6753485164944569
0.689	0.6734509333078302
0.69	0.6715571058343999
0.691	0.6696670389629249
0.692	0.6677807374826595
0.693	0.6658982060837199
0.694	0.6640194493574623
0.695	0.6621444717968574
0.696	0.6602732777968665
0.697	0.658405871654822
0.698	0.6565422575708082
0.699	0.6546824396480418
0.7	0.6528264218932616
0.701	0.6509742082171097
0.702	0.6491258024345214
0.703	0.6472812082651134
0.704	0.6454404293335753
0.705	0.6436034691700627
0.706	0.6417703312105922
0.707	0.6399410187974357
0.708	0.6381155351795162
0.709	0.6362938835128091
0.71	0.6344760668607409
0.711	0.6326620881945901
0.712	0.6308519503938923
0.713	0.6290456562468427
0.714	0.6272432084506999
0.715	0.6254446096121978
0.716	0.6236498622479493
0.717	0.6218589687848577
0.718	0.6200719315605266
0.719	0.6182887528236738
0.7192230933248643	0.6178914641916542
0.72	0.61650943473454
0.721	0.6147339793653074
0.722	0.6129623887005147
0.723	0.6111946646374706
0.724	0.6094308089866738
0.725	0.6076708234722322
0.726	0.6059147097322795
0.727	0.6041624693194
0.728	0.6024141037010461
0.729	0.6006696142599649
0.73	0.5989290022946191
0.731	0.5971922690196119
0.732	0.5954594155661138
0.733	0.5937304429822859
0.734	0.5920053522337128
0.735	0.5902841442038214
0.736	0.5885668196943209
0.737	0.5868533794256201
0.738	0.5851438240372691
0.739	0.5834381540883795
0.74	0.5817363700580664
0.741	0.5800384723458736
0.742	0.5783444612722071
0.743	0.5766543370787721
0.744	0.5749680999290042
0.745	0.5732857499085067
0.746	0.5716072870254825
0.747	0.5699327112111724
0.748	0.568262022320291
0.749	0.5665952201314624
0.75	0.5649323043476593
0.751	0.5632732745966388
0.752	0.5616181304313838
0.753	0.5599668713305348
0.754	0.5583194966988374
0.755	0.556676005867575
0.756	0.5550363980950108
0.757	0.5534006725668289
0.758	0.5517688283965708
0.759	0.5501408646260797
0.7598356856515925	0.548783374293118
0.76	0.5485167802259379
0.761	0.5468965740959111
0.762	0.5452802450653857
0.763	0.5436677918938123
0.764	0.5420592132711468
0.765	0.540454507818292
0.766	0.5388536740875365
0.767	0.5372567105630018
0.768	0.5356636156610798
0.769	0.5340743877308737
0.77	0.5324890250546441
0.771	0.5309075258482481
0.772	0.5293298882615809
0.773	0.5277561103790179
0.774	0.5261861902198578
0.775	0.5246201257387603
0.776	0.5230579148261927
0.777	0.521499555308869
0.778	0.5199450449501892
0.779	0.5183943814506833
0.78	0.5168475624484509
0.781	0.5153045855196019
0.782	0.5137654481786971
0.783	0.5122301478791883
0.784	0.5106986820138579
0.785	0.509171047915263
0.786	0.507647242856164
0.787	0.5061272640499771
0.788	0.5046111086512028
0.789	0.5030987737558704
0.79	0.5015902564019719
0.791	0.5000855535699034
0.792	0.49858466218289804
0.793	0.497087579107467
0.794	0.49559430115383435
0.795	0.4941048250763723
0.796	0.4926191475740363
0.797	0.4911372652908014
0.798	0.4896591748160952
0.799	0.48818487268523486
0.8	0.4867143553798552
0.801	0.4852476193283469
0.802	0.4837846609062844
0.8027415617602307	0.4827022240740749
0.803	0.4823254764368602
0.804	0.480870062191315
0.805	0.47941841438936794
0.806	0.477970529199646
0.807	0.4765264027401133
0.808	0.47508603107850145
0.809	0.4736494102327325
0.81	0.4722165361713501
0.811	0.4707874048139453
0.812	0.46936201203157935
0.813	0.4679403536472119
0.814	0.46652242543612044
0.815	0.46510822312632927
0.816	0.4636977423990269
0.817	0.46229097888898946
0.818	0.46088792818500246
0.819	0.4594885858302791
0.82	0.4580929473228781
0.821	0.4567010081161253
0.822	0.4553127636190281
0.823	0.45392820919669186
0.824	0.4525473401707382
0.825	0.4511701518197147
0.826	0.44979663937951164
0.827	0.4484267980437747
0.828	0.44706062296431415
0.829	0.4456981092515175
0.83	0.4443392519747589
0.831	0.4429840461628064
0.832	0.4416324868042298
0.833	0.4402845688478082
0.834	0.4389402872029352
0.835	0.43759963674002084
0.836	0.43626261229089996
0.837	0.4349292086492271
0.838	0.433599420570885
0.839	0.43227324277438056
0.84	0.4309506699412428
0.841	0.42963169671642365
0.842	0.4283163177086913
0.843	0.42700452749103013
0.844	0.42569632060102813
0.845	0.42439169154127626
0.846	0.4230906347797567
0.847	0.42179314475023594
0.848	0.4204992158526498
0.8480702172136836	0.4204084934302728
0.849	0.41920884245349743
0.85	0.4179220188862244
0.851	0.4166387394516076
0.852	0.41535899841814367
0.853	0.4140827900224296
0.854	0.4128101084695428
0.855	0.41154094793342527
0.856	0.4102753025572617
0.857	0.40901316645385544
0.858	0.4077545337060076
0.859	0.4064993983668915
0.86	0.4052477544604262
0.861	0.4039995959816511
0.862	0.402754916897093
0.863	0.40151371114514073
0.864	0.4002759726364107
0.865	0.3990416952541167
0.866	0.39781087285443073
0.867	0.3965834992668538
0.868	0.3953595682945744
0.869	0.3941390737148317
0.87	0.3929220092792738
0.871	0.39170836871432013
0.872	0.3904981457215165
0.873	0.38929133397788934
0.874	0.3880879271363031
0.875	0.3868879188258106
0.876	0.38569130265200685
0.877	0.3844980721973773
0.878	0.562604640385734
0.879	0.5618032767579597
0.88	0.5610023662517807
0.881	0.5602019112323706
0.882	0.5594019140563725
0.883	0.5586023770718983
0.884	0.557803302618526
0.885	0.5570046930272938
0.886	0.5562065506206981
0.887	0.5554088777126941
0.888	0.5546116766086877
0.889	0.5538149496055361
0.89	0.5530186989915438
0.891	0.5522229270464618
0.892	0.5514276360414831
0.893	0.5506328282392424
0.894	0.549838505893812
0.895	0.5490446712507034
0.8959584598407621	0.5482842724298382
0.896	0.5482513265468603
0.897	0.5474584740106612
0.898	0.5466661158619146
0.899	0.5458742543118611
0.9	0.5450828915631681
0.901	0.5442920298099304
0.902	0.5435016712376691
0.903	0.5427118180233301
0.904	0.5419224723352841
0.905	0.5411336363333225
0.906	0.5403453121686608
0.907	0.5395575019839361
0.908	0.538770207913205
0.909	0.537983432081946
0.91	0.5371971766070579
0.911	0.5364114435968591
0.912	0.5356262351510872
0.913	0.5348415533609007
0.914	0.5340574003088779
0.915	0.5332737780690177
0.916	0.5324906887067379
0.917	0.5317081342788795
0.918	0.5309261168337028
0.919	0.5301446384108918
0.92	0.5293637010415535
0.921	0.528583306748217
0.922	0.5278034575448369
0.923	0.5270241554367948
0.924	0.5262454024208975
0.925	0.5254672004853809
0.926	0.5246895516099082
0.927	0.5239124577655779
0.928	0.5231359209149181
0.929	0.5223599430118918
0.93	0.5215845260018984
0.931	0.5208096718217745
0.932	0.5200353823997981
0.933	0.5192616596556877
0.934	0.5184885055006082
0.935	0.5177159218371696
0.936	0.5169439105594311
0.937	0.5161724735529031
0.938	0.5154016126945518
0.939	0.5146313298527992
0.94	0.5138616268875269
0.941	0.5130925056500788
0.942	0.5123239679832668
0.943	0.5115560157213681
0.944	0.5107886506901342
0.945	0.5100218747067917
0.946	0.509255689580046
0.9465508226401592	0.5088339104829809
0.947	0.5084900971100832
0.948	0.5077250990885772
0.949	0.5069606972986915
0.95	0.5061968935150818
0.951	0.5054336895039014
0.952	0.5046710870228055
0.953	0.5039090878209556
0.954	0.5031476936390195
0.955	0.5023869062091828
0.956	0.5016267272551477
0.957	0.5008671584921387
0.958	0.5001082016269096
0.959	0.49934985835774465
0.96	0.4985921303744649
0.961	0.4978350193584347
0.962	0.497078526982564
0.963	0.4963226549113147
0.964	0.49556740480070627
0.965	0.49481277829831966
0.966	0.4940587770433026
0.967	0.4933054026663791
0.968	0.4925526567898472
0.969	0.4918005410275925
0.97	0.49104905698508955
0.971	0.4902982062594082
0.972	0.48954799043921965
0.973	0.4887984111048032
0.974	0.48804946982805203
0.975	0.48730116817247837
0.976	0.4865535076932209
0.977	0.4858064899370509
0.978	0.485060116442378
0.979	0.4843143887392587
0.98	0.48356930834939865
0.981	0.4828248767861651
0.982	0.48208109555458956
0.983	0.4813379661513751
0.984	0.4805954900649059
0.985	0.4798536687752522
0.986	0.4791125037541764
0.987	0.4783719964651431
0.988	0.47763214836332435
0.989	0.4768929608956073
0.99	0.4761544355006044
0.991	0.47541657360865514
0.992	0.47467937664184
0.993	0.4739428460139844
0.994	0.4732069831306673
0.995	0.4724717893892306
0.996	0.47173726617878403
0.997	0.47100341488021685
0.998	0.4702702368662035
0.999	0.4695377335012122
1.0	0.46880590614151435
1.0	0.46880590614151435
