-1.0	0.9486549827495456
-1.0	0.9486549827495456
-0.999	0.951022768323336
-0.998	0.9533916926738226
-0.997	0.9557617202670337
-0.996	0.9581328155802771
-0.995	0.9605049431056044
-0.994	0.9628780673532915
-0.993	0.965252152855337
-0.992	0.967627164168975
-0.991	0.9700030658802019
-0.99	0.972379822607323
-0.989	0.9747573990045147
-0.988	0.9771357597653983
-0.987	0.9795148696266284
-0.986	0.9818946933715035
-0.985	0.9842751958335828
-0.984	0.9866563419003195
-0.983	0.9890380965167122
-0.982	0.9914204246889633
-0.981	0.9938032914881563
-0.98	0.9961866620539435
-0.979	0.9985705015982486
-0.978	1.0009547754089783
-0.977	1.00333944885375
-0.976	1.005724487383633
-0.975	1.0081098565368931
-0.974	1.0104955219427583
-0.973	1.0128814493251903
-0.972	1.0152676045066693
-0.971	1.0176539534119855
-0.97	1.0200404620720491
-0.969	1.022427096627702
-0.968	1.0248138233335402
-0.967	1.0272006085617504
-0.966	1.029587418805955
-0.9659363289248455	1.0297393896492328
-0.965	1.0319742206850608
-0.964	1.0343609809471195
-0.963	1.0367476664731976
-0.962	1.039134244281252
-0.961	1.0415206815300153
-0.96	1.043906945522886
-0.959	1.046293003711826
-0.958	1.0486788237012659
-0.957	1.0510643732520175
-0.956	1.0534496202851873
-0.955	1.0558345328861027
-0.954	1.0582190793082344
-0.953	1.0606032279771385
-0.952	1.0629869474943798
-0.951	1.0653702066414876
-0.95	1.0677529743838894
-0.949	1.0701352198748675
-0.948	1.0725169124595066
-0.947	1.0748980216786506
-0.946	1.0772785172728574
-0.945	1.0796583691863615
-0.944	1.082037547571033
-0.943	1.0844160227903412
-0.942	1.0867937654233149
-0.941	1.0891707462685134
-0.94	1.0915469363479844
-0.939	1.0939223069112303
-0.938	1.0962968294391722
-0.937	1.098670475648117
-0.936	1.101043217493713
-0.935	1.1034150271749135
-0.934	1.1057858771379347
-0.9330329915368074	1.1080775706878152
-0.933	1.1081557400802124
-0.932	1.110524588954356
-0.931	1.112892396972099
-0.93	1.115259137608239
-0.929	1.117624784604593
-0.928	1.1199893119739255
-0.927	1.1223526940038886
-0.926	1.1247149052609482
-0.925	1.1270759205943053
-0.924	1.1294357151398235
-0.923	1.131794264323929
-0.922	1.1341515438675205
-0.921	1.1365075297898688
-0.92	1.1388621984125007
-0.919	1.141215526363093
-0.918	1.143567490579335
-0.917	1.1459180683127994
-0.916	1.1482672371327973
-0.915	1.1506149749302321
-0.914	1.1529612599214274
-0.913	1.1553060706519538
-0.912	1.1576493860004546
-0.911	1.1599911851824454
-0.91	1.1623314477541054
-0.909	1.1646701536160617
-0.908	1.1670072830171558
-0.907	1.1693428165582078
-0.906	1.1716767351957489
-0.905	1.1740090202457594
-0.904	1.1763396533873816
-0.903	1.1786686166666156
-0.902	1.1809958925000144
-0.9012504626108303	1.1827391559855873
-0.901	1.1833214636783511
-0.9	1.185645313370268
-0.899	1.187967425125929
-0.898	1.1902877828806278
-0.897	1.1926063709583978
-0.896	1.1949231740756072
-0.895	1.1972381773445178
-0.894	1.1995513662768418
-0.893	1.2018627267872781
-0.892	1.2041722451970212
-0.891	1.2064799082372482
-0.89	1.2087857030526103
-0.889	1.211089617204674
-0.888	1.2133916386753518
-0.887	1.2156917558703237
-0.886	1.2179899576224182
-0.885	1.2202862331949784
-0.884	1.2225805722852163
-0.883	1.224872965027523
-0.882	1.227163401996773
-0.881	1.2294518742115965
-0.88	1.2317383731376315
-0.879	1.2340228906907411
-0.878	1.2363054192402243
-0.877	1.238585951611978
-0.876	1.2408644810916536
-0.875	1.2431410014277755
-0.874	1.245415506834831
-0.873	1.2476879919963417
-0.872	1.2499584520679048
-0.871	1.252226882680197
-0.8705505632961241	1.2532457365797607
-0.87	1.2544932799419597
-0.869	1.256757640442947
-0.868	1.2590199612568629
-0.867	1.261280239944238
-0.866	1.263538474555299
-0.865	1.265794663632803
-0.864	1.2680488062148336
-0.863	1.2703009018375686
-0.862	1.2725509505380252
-0.861	1.2747989528567518
-0.86	1.2770449098405106
-0.859	1.2792888230449038
-0.858	1.2815306945369893
-0.857	1.2837705268978383
-0.856	1.2860083232250794
-0.855	1.2882440871353895
-0.854	1.290477822766969
-0.853	1.2927095347819586
-0.852	1.2949392283688355
-0.851	1.2971669092447706
-0.85	1.2993925836579414
-0.849	1.3016162583898159
-0.848	1.303837940757393
-0.847	1.3060576386154035
-0.846	1.3082753603584791
-0.845	1.3104911149232743
-0.844	1.3127049117905556
-0.843	1.31491676098724
-0.842	1.3171266730884092
-0.841	1.3193346592192696
-0.8408964152537145	1.3195632632822631
-0.84	1.3215407310570697
-0.839	1.3237449008329918
-0.838	1.325947181333981
-0.837	1.3281475859045524
-0.836	1.3303461284485305
-0.835	1.3325428234307757
-0.834	1.3347376858788393
-0.833	1.3369307313845908
-0.832	1.3391219761057958
-0.831	1.3413114367676502
-0.83	1.343499130664267
-0.829	1.3456850756601175
-0.828	1.3478692901914366
-0.827	1.3500517932675598
-0.826	1.3522326044722393
-0.825	1.3544117439648933
-0.824	1.3565892324818172
-0.823	1.3587650913373492
-0.822	1.360939342424978
-0.821	1.3631120082184083
-0.82	1.3652831117725819
-0.819	1.367452676724639
-0.818	1.3696207272948373
-0.817	1.3717872882874214
-0.816	1.373952385091436
-0.815	1.3761160436814996
-0.814	1.3782782906185074
-0.813	1.3804391530503097
-0.8122523963562355	1.3820537338115184
-0.812	1.3825986587123162
-0.811	1.3847568359280584
-0.81	1.3869137136096998
-0.809	1.3890693212584901
-0.808	1.3912236889651692
-0.807	1.3933768474103165
-0.806	1.395528827864648
-0.805	1.3976796621892582
-0.804	1.399829382835808
-0.803	1.4019780228466585
-0.802	1.4041256158549547
-0.801	1.406272196084641
-0.8	1.408417798350437
-0.799	1.4105624580577478
-0.798	1.4127062112025242
-0.797	1.4148490943710579
-0.796	1.4169911447397308
-0.795	1.4191324000747003
-0.794	1.4212728987315368
-0.793	1.4234126796547866
-0.792	1.425551782377494
-0.791	1.4276902470206607
-0.79	1.4298281142926434
-0.789	1.4319654254884948
-0.788	1.4341022224892508
-0.787	1.4362385477611515
-0.786	1.438374444354808
-0.785	1.4405099559043064
-0.7845840978967507	1.441398016741615
-0.784	1.4426451266262623
-0.783	1.4447800013187975
-0.782	1.4469146253604719
-0.781	1.4490490447091517
-0.78	1.4511833059008181
-0.779	1.4533174560483035
-0.778	1.455451542839987
-0.777	1.4575856145384143
-0.776	1.4597197199788607
-0.775	1.4618539085678366
-0.774	1.4639882302815193
-0.773	1.4661227356641429
-0.772	1.4682574758263047
-0.771	1.470392502443224
-0.77	1.4725278677529399
-0.769	1.4746636245544305
-0.768	1.4767998262056858
-0.767	1.478936526621715
-0.766	1.4810737802724847
-0.765	1.4832116421807993
-0.764	1.4853501679201149
-0.763	1.4874894136122963
-0.762	1.4896294359253002
-0.761	1.491770292070805
-0.76	1.4939120398017736
-0.759	1.4960547374099493
-0.758	1.4981984437232903
-0.7578582832551991	1.4985023278301055
-0.757	1.5003432181033425
-0.756	1.5024891204425452
-0.755	1.5046362111614733
-0.754	1.506784551206017
-0.753	1.5089342020444938
-0.752	1.5110852256647014
-0.751	1.5132376845708986
-0.75	1.515391641780733
-0.749	1.5175471608220907
-0.748	1.519704305729894
-0.747	1.5218631410428245
-0.746	1.5240237317999878
-0.745	1.526186143537509
-0.744	1.5283504422850742
-0.743	1.5305166945623887
-0.742	1.5326849673755871
-0.741	1.5348553282135675
-0.74	1.537027845044279
-0.739	1.5392025863109113
-0.738	1.541379620928059
-0.737	1.543559018277786
-0.736	1.5457408482056552
-0.735	1.5479251810166665
-0.734	1.5501120874711563
-0.733	1.5523016387806055
-0.7320428479728127	1.5543999157034665
-0.732	1.5544939066034087
-0.731	1.5566889630405571
-0.73	1.558886880631278
-0.729	1.5610877323485837
-0.728	1.5632915915947858
-0.727	1.5654985321969201
-0.726	1.5677086284021244
-0.725	1.569921954872941
-0.724	1.5721385866825623
-0.723	1.5743585993100115
-0.722	1.5765820686352525
-0.721	1.5788090709342442
-0.72	1.5810396828739377
-0.719	1.5832739815071861
-0.718	1.5855120442676167
-0.717	1.5877539489644232
-0.716	1.5899997737771083
-0.715	1.5922495972501491
-0.714	1.5945034982876123
-0.713	1.5967615561476993
-0.712	1.5990238504372296
-0.711	1.6012904611060683
-0.71	1.6035614684414832
-0.709	1.6058369530624468
-0.708	1.60811699591387
-0.7071067811865476	1.610157493461172
-0.707	1.610401678260782
-0.706	1.612691081682445
-0.705	1.6149852880664068
-0.704	1.6172843796024932
-0.703	1.6195884387767403
-0.702	1.6218975483652738
-0.701	1.6242117914281133
-0.7	1.6265312513029264
-0.699	1.6288560115987263
-0.698	1.6311861561895022
-0.697	1.6335217692077924
-0.696	1.6358629350382041
-0.695	1.638209738310872
-0.694	1.640562263894852
-0.693	1.6429205968914669
-0.692	1.6452848226275911
-0.691	1.6476550266488754
-0.69	1.6500312947129212
-0.689	1.6524137127823857
-0.688	1.654802367018045
-0.687	1.657197343771797
-0.686	1.659598729579601
-0.685	1.6620066111543725
-0.684	1.6644210753788156
-0.6830201283771977	1.666793409460211
-0.683	1.666842209298208
-0.682	1.6692701001131216
-0.681	1.6717048351721002
-0.68	1.674146501964281
-0.679	1.6765951881119534
-0.678	1.6790509813630785
-0.677	1.6815139695837504
-0.676	1.6839842407506072
-0.675	1.6864618829431828
-0.674	1.6889469843362248
-0.673	1.6914396331919441
-0.672	1.6939399178522214
-0.671	1.6964479267307717
-0.67	1.6989637483052435
-0.669	1.701487471109287
-0.668	1.7040191837245542
-0.667	1.7065589747726762
-0.666	1.7091069329071638
-0.665	1.7116631468052905
-0.664	1.7142277051599064
-0.663	1.7168006966712177
-0.662	1.7193822100385183
-0.661	1.7219723339518778
-0.66	1.7245711570837798
-0.6597539553864471	1.7252119272056474
-0.659	1.7271787680807278
-0.658	1.7297952555547884
-0.657	1.7324207080751166
-0.656	1.7350552141594184
-0.655	1.7376988622653848
-0.654	1.7403517407820701
-0.653	1.7430139380212482
-0.652	1.7456855422087172
-0.651	1.748366641475565
-0.65	1.7510573238493952
-0.649	1.753757677245527
-0.648	1.756467789458139
-0.647	1.75918774815139
-0.646	1.7619176408504926
-0.645	1.7646575549327668
-0.644	1.76740757761864
-0.643	1.7701677959626219
-0.642	1.7729382968442442
-0.641	1.7757191669589736
-0.64	1.7785104928090734
-0.639	1.7813123606944596
-0.638	1.784124856703496
-0.6372803136596311	1.7861555967115863
-0.637	1.7869480667037865
-0.636	1.789782076332917
-0.635	1.7926269709891813
-0.634	1.7954828358222672
-0.633	1.7983497557239212
-0.632	1.8012278153185868
-0.631	1.8041170989540158
-0.63	1.2369212066057635
-0.629	1.2362765462559044
-0.628	1.2356210955995484
-0.627	1.2349555429217025
-0.626	1.234280580981116
-0.625	1.233596906801044
-0.624	1.2329052214586784
-0.623	1.2322062298733292
-0.622	1.231500640593434
-0.621	1.2307891655824774
-0.62	1.230072520003911
-0.619	1.2293514220051456
-0.618	1.2286265925007107
-0.617	1.2278987549546607
-0.616	1.227168635162305
-0.6155722066724582	1.2268557776209776
-0.615	1.2264369610313715
-0.614	1.2257044623626492
-0.613	1.224971870630242
-0.612	1.224239918761476
-0.611	1.2235093409165823
-0.61	1.2227808722682127
-0.609	1.2220552487809
-0.608	1.2213332069905258
-0.607	1.2206154837839043
-0.606	1.2199028161785508
-0.605	1.219195941102734
-0.604	1.2184955951758922
-0.603	1.2178025144895013
-0.602	1.2171174343884863
-0.601	1.216441089253248
-0.6	1.2157742122824182
-0.599	1.2151175352763919
-0.598	1.2144717884217624
-0.597	1.213837700076717
-0.596	1.2132159965574811
-0.595	1.2126074019259176
-0.5946035575013605	1.212369917392719
-0.594	1.212012637778335
-0.593	1.2114324230356162
-0.592	1.2108674737347307
-0.591	1.2103185028217296
-0.59	1.209786219946291
-0.589	1.209271331257921
-0.588	1.2087745392038607
-0.587	1.20829654232881
-0.586	1.2078380350765296
-0.585	1.2073997075934124
-0.584	1.2069822455340964
-0.583	1.2065863298692046
-0.582	1.20621263669528
-0.581	1.2058618370470018
-0.58	1.2055345967117632
-0.579	1.2052315760466656
-0.578	1.204953429798029
-0.577	1.2047008069234784
-0.576	1.2044743504166786
-0.575	1.2042746971347986
-0.5743491774985174	1.2041594564477958
-0.574	1.204102477628765
-0.573	1.2039583159763882
-0.572	1.2038428296184134
-0.571	1.203756629197579
-0.57	1.2037003184007475
-0.569	1.203674493804166
-0.568	1.2036797447219256
-0.567	1.203716653057688
-0.566	1.2037857931597409
-0.565	1.2038877316794319
-0.564	1.2040230274330554
-0.563	1.204192231267247
-0.562	1.204395885927937
-0.561	1.2046345259329256
-0.56	1.2049086774481357
-0.559	1.2052188581675884
-0.558	1.2055655771971656
-0.557	1.2059493349422006
-0.556	1.2063706229989501
-0.555	1.206829924049997
-0.5547847360339224	1.2069338130857594
-0.554	1.2073277117636272
-0.553	1.2078644506972307
-0.552	1.2084405962047635
-0.551	1.20905659434832
-0.55	1.2097128818138532
-0.549	1.210409885831078
-0.548	1.2111480240976051
-0.547	1.2119277047073318
-0.546	1.2127493260831292
-0.545	1.2136132769138595
-0.544	1.2145199360957486
-0.543	1.2154696726781526
-0.542	1.216462845813737
-0.541	1.2174998047131063
-0.54	1.2185808886038936
-0.539	1.2197064266943487
-0.538	1.220876738141433
-0.537	1.2220921320234521
-0.536	1.2233529073172322
-0.5358867312681466	1.2234985879295766
-0.535	1.2246593528798708
-0.534	1.2260117474350587
-0.533	1.227410359564003
-0.532	1.2288554477009468
-0.531	1.2303472601333107
-0.53	1.2318860350064464
-0.529	1.2334720003330177
-0.528	1.2351053740070166
-0.527	1.2367863638223995
-0.526	1.2385151674963677
-0.525	1.2402919726972637
-0.524	1.2421169570771045
-0.523	1.2439902883087255
-0.522	1.245912124127541
-0.521	1.247882612377912
-0.52	1.249901891064095
-0.519	1.2519700884057794
-0.518	1.254087322898186
-0.5176324619206888	1.2548778326669485
-0.517	1.256253703376707
-0.516	1.2584693290860873
-0.515	1.2607342897540965
-0.514	1.2630486656697044
-0.513	1.2654125277656976
-0.512	1.2678259377057517
-0.511	1.2702889479758896
-0.51	1.2728016019803345
-0.509	1.275363934141691
-0.508	1.2779759700054476
-0.507	1.280637726348751
-0.506	1.2833492112934133
-0.505	1.286110424423123
-0.504	1.288921356904804
-0.503	1.2917819916140942
-0.502	1.2946923032648903
-0.501	1.2976522585429062
-0.5	1.3006618162432084
-0.5	1.3006618162432084
-0.499	1.3037209274116712
-0.498	1.3068295354902972
-0.497	1.3099875764663493
-0.496	1.3131949790252433
-0.495	1.3164516647071347
-0.494	1.319757548067144
-0.493	1.3231125368391574
-0.492	1.3265165321031418
-0.491	1.3299694284558998
-0.49	1.3334711141852151
-0.489	1.337021471447291
-0.488	1.3406203764474456
-0.487	1.3442676996239573
-0.486	1.3479633058350107
-0.485	1.3517070545486574
-0.484	1.3554988000357062
-0.483	1.3593383915654813
-0.48296816446242286	1.3594614111566237
-0.482	1.363225673604349
-0.481	1.367160486016942
-0.48	1.3711426642699849
-0.479	1.3751720396386533
-0.478	1.3792484394153557
-0.477	1.3833716871208692
-0.476	1.3875416027177183
-0.475	1.3917580028257241
-0.474	1.396020700939616
-0.473	1.4003295076486109
-0.472	1.4046842308578715
-0.471	1.4090846760117375
-0.47	1.4135306463186272
-0.469	1.4180219429775194
-0.468	1.4225583654058973
-0.467	1.4271397114690665
-0.4665164957684037	1.4293708627416284
-0.466	1.4317657777107253
-0.465	1.436436359584692
-0.464	1.4411512516876774
-0.463	1.4459102479929897
-0.462	1.4507131420850687
-0.461	1.4555597273947236
-0.46	1.4604497974349826
-0.459	1.4653831460374156
-0.458	1.4703595675888368
-0.457	1.4753788572682534
-0.456	1.4804408112839549
-0.455	1.4855452271106204
-0.454	1.4906919037263189
-0.453	1.495880641849299
-0.452	1.5011112441744208
-0.451	1.5063835156091405
-0.45062523130541515	1.5083700929097064
-0.45	1.5116972635088926
-0.449	1.51705229791177
-0.448	1.5224484317723677
-0.447	1.5278854811946667
-0.446	1.533363265663831
-0.445	1.5388816082767962
-0.444	1.5444403359715224
-0.443	1.5500392797547768
-0.442	1.5556782749283307
-0.441	1.5613571613134323
-0.44	1.5670757834734368
-0.439	1.5728339909344553
-0.438	1.5786316384039039
-0.437	1.5844685859868137
-0.436	1.5903446993997856
-0.435275281648062	1.5946276308496872
-0.435	1.5962598501824459
-0.434	1.6022139159062885
-0.433	1.6082067803807618
-0.432	1.614238333856483
-0.431	1.6203084732254378
-0.43	1.6264171022180536
-0.429	1.6325641315969985
-0.428	1.6387494793475967
-0.427	1.6449730708647172
-0.426	1.6512348391360239
-0.425	1.6575347249214407
-0.424	1.6638726769287255
-0.423	1.6702486519850153
-0.422	1.6766626152042237
-0.421	1.6831145401501542
-0.42044820762685725	1.6866909089700177
-0.42	1.6896044089952271
-0.419	1.696132212674682
-0.418	1.7026979510361315
-0.417	1.7093016329843598
-0.416	1.7159432766212368
-0.415	1.7226229093806285
-0.414	1.7293405681581906
-0.413	1.7360962994359272
-0.412	1.7428901594014032
-0.411	1.7497222140614876
-0.41	1.7565925393505273
-0.409	1.763501221232836
-0.408	1.7704483557993846
-0.407	1.7774340493585956
-0.4061261981781178	1.7835698192362244
-0.406	1.7844584185211252
-0.405	1.7915215902785417
-0.404	1.798623702075783
-0.403	1.805764901877309
-0.402	1.8129453482268376
-0.401	1.820165210300581
-0.4	1.8274246679538708
-0.399	1.8347239117611025
-0.398	1.842063143048888
-0.397	1.8494425739223472
-0.396	1.8568624272844383
-0.395	1.8643229368482592
-0.394	1.8718243471422267
-0.393	1.879366913508062
-0.3922920489483753	1.884731707953727
-0.392	1.8869509020915167
-0.391	1.894576589825744
-0.39	1.9022442644072777
-0.389	1.9099542242645184
-0.388	1.9177067785186903
-0.387	1.9255022469371972
-0.386	1.9333409598793219
-0.385	1.9412232582342046
-0.384	1.9491494933510707
-0.383	1.9571200269616398
-0.382	1.9651352310946777
-0.381	1.9731954879826545
-0.38	1.981301189960465
-0.379	1.989452739356176
-0.37892914162759955	1.9900320950491344
-0.378	1.9976505483737756
-0.377	2.005895038967885
-0.376	2.0141866427104285
-0.375	2.022525800649213
-0.374	2.0309129631584346
-0.373	2.039348589781058
-0.372	2.0478331490631034
-0.371	2.0563671183797996
-0.37	2.0649509837536244
-0.369	2.0735852396642156
-0.368	2.0822703888501843
-0.367	2.0910069421028132
-0.3660214239864063	2.0996065859577904
-0.366	2.0997954180516714
-0.365	2.10863634294216
-0.364	2.1175302504050095
-0.363	2.1264776812177595
-0.362	2.135479183058244
-0.361	2.144535310250125
-0.36	2.153646623500514
-0.359	2.1628136896297114
-0.358	2.1720370812931393
-0.357	2.1813173766954823
-0.356	2.1906551592971324
-0.355	2.200051017512967
-0.354	2.209505544403542
-0.3535533905932738	2.213747134296465
-0.353	2.2190193373587697
-0.352	2.228592997774148
-0.351	2.23822713071962
-0.35	2.2479223446011614
-0.349	2.257679250815154
-0.348	2.2674984633956776
-0.347	2.2773805986547715
-0.346	2.287326274815808
-0.345	2.2973361116400506
-0.344	2.307410730046521
-0.343	2.3175507517252996
-0.342	2.327756798744351
-0.3415100641885989	2.33278139347556
-0.341	2.338029493150022
-0.34	2.348369456561322
-0.339	2.358777309758133
-0.338	2.3692536722634734
-0.337	2.3797991619199568
-0.336	2.3904143944605987
-0.335	2.4010999830741073
-0.334	2.411856537964825
-0.333	2.4226846659074694
-0.332	2.433584969796832
-0.331	2.4445580481926186
-0.33	2.4556044948595606
-0.32987697769322355	2.456968551201379
-0.329	2.4667248983030383
-0.328	2.4779198413003125
-0.327	2.489189900427615
-0.326	2.500535645583242
-0.325	2.5119576395068592
-0.324	2.523456437295203
-0.323	2.5350325859143745
-0.322	2.546686623708942
-0.321	2.5584190799080235
-0.32	2.570230474128599
-0.319	2.5821213158762233
-0.31864015682981556	2.5864196884597908
-0.318	2.5940921040433906
-0.317	2.606143326405726
-0.316	2.618275459116274
-0.315	2.8567351526177958
-0.314	2.856321731936266
-0.313	2.8560330277026917
-0.312	2.855875923541735
-0.311	2.8558569689150106
-0.31	2.8559823684761336
-0.309	2.8562579720020307
-0.308	2.856689264919832
-0.307786103336229	2.856802226199402
-0.307	2.857281359447849
-0.306	2.858038986368145
-0.305	2.8589664874473555
-0.304	2.860067808521331
-0.303	2.861346493258272
-0.302	2.8628056776139337
-0.301	2.864448084991405
-0.3	2.8662760221169528
-0.299	2.868291375642251
-0.298	2.8704956094821905
-0.29730177875068026	2.872147204594949
-0.297	2.872889762896385
-0.296	2.8754744493212216
-0.295	2.8782498559582157
-0.294	2.881215744123172
-0.293	2.884371450359482
-0.292	2.8877158883176457
-0.291	2.891247551401887
-0.29	2.8949645161835047
-0.289	2.898864446579332
-0.288	2.9029445987924722
-0.2871745887492588	2.9064459540902017
-0.287	2.9072018270111983
-0.286	2.9116325898606648
-0.285	2.9162329576008608
-0.284	2.920998620062956
-0.283	2.925924895314983
-0.282	2.9310067390465613
-0.281	2.9362387546611632
-0.28	2.9416152040632
-0.279	2.9471300191260252
-0.278	2.952776813825779
-0.2773923680169612	2.956269620577169
-0.277	2.9585488970248335
-0.276	2.964439285887457
-0.275	2.970440719909196
-0.274	2.9765456755403905
-0.273	2.982746381383147
-0.272	2.9890348339400608
-0.271	2.9954028138919635
-0.27	3.001841902880966
-0.269	3.0083435007741457
-0.268	3.0148988433822526
-0.2679433656340733	3.015271527031336
-0.267	3.0214990206069827
-0.266	3.028134994989452
-0.265	3.0347976206317373
-0.264	3.041477662462549
-0.263	3.0481658158173723
-0.262	3.0548527263027143
-0.261	3.0615290099134684
-0.26	3.0681852733717494
-0.259	3.074812134655061
-0.25881623096034434	3.0760260074790033
-0.258	3.081400243681072
-0.257	3.0879403031158725
-0.256	3.0944230892721185
-0.255	3.1008394730631372
-0.254	3.107180440978699
-0.253	3.1134371160479843
-0.252	3.1196007787549407
-0.251	3.1256628878711576
-0.25	3.1316151011712323
-0.25	3.1316151011712323
-0.249	3.137449295995545
-0.248	3.14315758962537
-0.247	3.148732359435286
-0.246	3.1541662627879674
-0.245	3.1594522566365746
-0.244	3.1645836168002033
-0.243	3.169553956878096
-0.242	3.1743572467686265
-0.24148408223121143	3.176768155204082
-0.241	3.1789878307595063
-0.24	3.183440445156003
-0.239	3.1877102354144995
-0.238	3.191792772749232
-0.237	3.195684070180658
-0.236	3.1993805979944816
-0.235	3.2028792985811334
-0.234	3.206177600626153
-0.23325824788420185	3.208493428498106
-0.233	3.209273432622771
-0.232	3.2121652356788104
-0.231	3.214851975590852
-0.23	3.217333154159625
-0.229	3.2196088197214814
-0.228	3.2216795768718614
-0.227	3.2235465953576945
-0.226	3.2252116181168047
-0.22531261565270758	3.2262401663498412
-0.225	3.226676968443487
-0.224	3.2279455562606403
-0.223	3.229020883479995
-0.222	3.2299070484332884
-0.221	3.23060874935844
-0.22	3.2311312869261695
-0.219	3.2314805657937544
-0.218	3.231663095174061
-0.217637640824031	3.2316894412289683
-0.217	3.23168598840933
-0.216	3.2315569615406368
-0.215	3.2312843308653516
-0.214	3.2308770094764316
-0.213	3.2303445027788107
-0.212	3.2296969029796547
-0.211	3.228944882550751
-0.21022410381342863	3.228296600048423
-0.21	3.2280996866628575
-0.209	3.227173124593285
-0.208	3.2261775601096048
-0.207	3.2251259008338597
-0.206	3.224031586593215
-0.205	3.222908576764553
-0.204	3.2217713366220213
-0.2030630990890589	3.22070622207934
-0.203	3.2206348226981256
-0.202	3.219514467170463
-0.201	3.21842616128776
-0.2	3.2173862378503606
-0.199	3.2164114527618537
-0.198	3.2155189656700096
-0.197	3.2147263197166978
-0.19614602447418766	3.2141419312117065
-0.196	3.2140514204178725
-0.195	3.2135125136962603
-0.194	3.2131281630906825
-0.193	3.2129172261674457
-0.192	3.2128988301605794
-0.191	3.2130923468690247
-0.19	3.2135173668402417
-0.18946457081379978	3.2138469615204244
-0.189	3.214193672870964
-0.188	3.2151412128570884
-0.187	3.2163800720259217
-0.186	3.2179304445851917
-0.185	3.219812604824357
-0.184	3.222046877704886
-0.18301071199320315	3.2246236406969393
-0.183	3.2246536089772126
-0.182	3.227653134863121
-0.181	3.2310657513432797
-0.18	3.2349116830905644
-0.179	3.239211052090716
-0.178	3.243983845992673
-0.177	3.249249886231749
-0.1767766952966369	3.2504951783853917
-0.176	3.255028795969501
-0.175	3.2613399678948323
-0.174	3.268202531931499
-0.173	3.2756353228977346
-0.172	3.2836568481641994
-0.171	3.292285255356924
-0.17075503209429946	3.294493515769118
-0.17	3.3015383001522958
-0.169	3.3114333142114187
-0.168	3.321987173301493
-0.167	3.333216265651998
-0.166	3.345136460593622
-0.165	3.3577630775279186
-0.16493848884661177	3.358563151940821
-0.164	3.3711108552756746
-0.163	3.385193921851918
-0.162	3.400025764715293
-0.161	3.415619201539399
-0.16	3.431986351553322
-0.15932007841490778	3.4435624462897394
-0.159	3.449138607498313
-0.158	3.4670866082470795
-0.157	5.281282214810278
-0.156	5.247126748132872
-0.155	5.211677702934444
-0.154	5.174998217013088
-0.1538930516681145	5.171005078222982
-0.153	5.137147696927765
-0.152	5.098181767012725
-0.151	5.058152272788125
-0.15	5.017107338048142
-0.149	4.975091474419729
-0.14865088937534013	4.960202312779411
-0.148	4.9321457417140335
-0.147	4.888307956942668
-0.146	4.8436129494468405
-0.145	4.798092859192276
-0.144	4.751777474920605
-0.1435872943746294	4.732437593634474
-0.143	4.7046946085209695
-0.142	4.6568705016971
-0.141	4.608330260756254
-0.14	4.559098315139655
-0.139	4.50919889514956
-0.1386961840084806	4.4939101668209585
-0.138	4.458656524207181
-0.137	4.407496520897671
-0.136	4.35574550602358
-0.135	4.303431909895181
-0.134	4.250586475133625
-0.13397168281703664	4.249082620804193
-0.133	4.197242750349711
-0.132	4.1434375701843384
-0.131	4.0892115173547054
-0.13	4.034609362539858
-0.12940811548017217	4.002133901143687
-0.129	3.97968047815749
-0.128	3.9244792223277574
-0.127	3.869065289586014
-0.126	3.8135040251912096
-0.125	3.757866700177029
-0.125	3.757866700177029
-0.124	3.7022307446050067
-0.123	3.6466799367993765
-0.122	3.591304546669307
-0.121	3.536201431551692
-0.12074204111560571	3.5220437581007515
-0.12	3.4814740833344113
-0.119	3.427232625942643
-0.118	3.373593762587143
-0.117	3.3206806724809828
-0.11662912394210095	3.3012667962822175
-0.116	3.2686228570281424
-0.115	3.2175559357718404
-0.114	3.1676213926612524
-0.113	3.1189662734511963
-0.11265630782635375	3.102566638718528
-0.112	3.0717428352898635
-0.111	3.0261081497742297
-0.11	2.9822236609613104
-0.109	2.9402547000163124
-0.1088188204120155	2.9328688237089393
-0.108	2.9003699583560656
-0.107	2.862740921309055
-0.106	2.827541264462431
-0.10511205190671431	2.798463468810895
-0.105	2.7949462150028777
-0.104	2.7651318804832936
-0.103	2.738274547562259
-0.102	2.7145499533695485
-0.10153154954452945	2.7045630911832403
-0.101	2.6941325322499616
-0.1	2.6771946407308413
-0.099	2.663905763647158
-0.09807301223709386	2.6549907952521274
-0.098	2.6544317044431196
-0.097	2.648933762752109
-0.096	2.6475679024381416
-0.095	2.650483913362733
-0.09473228540689986	2.6520096665623867
-0.094	2.657824570221576
-0.093	2.6697247918758698
-0.092	2.6863108046835853
-0.09150535599660158	2.6962833840572107
-0.091	2.7076993134159926
-0.09	2.7339966834238227
-0.089	2.7652981377945993
-0.08838834764831845	2.786946447525368
-0.088	2.801686973316758
-0.087	2.84323379913574
-0.086	2.8899958020505934
-0.08537751604714973	2.9217576027777263
-0.085	2.9420160424547994
-0.084	2.9993227849699715
-0.083	3.061928867853363
-0.08246924442330592	3.0973097098847786
-0.082	3.1298311152775296
-0.081	3.203009796580247
-0.08	3.2814281365625972
-0.07966003920745386	3.3092716007712863
-0.079	3.3650318808702915
-0.078	5.387832045417172
-0.077	5.187766763416539
-0.07694652583405726	5.177003776167409
-0.076	4.985847173101333
-0.075	4.783424008437888
-0.07432544468767006	4.647227151571125
-0.074	4.58174636519547
-0.073	4.381960262484648
-0.072	4.1851108885071655
-0.0717936471873147	4.144944589676251
-0.071	3.99214817684249
-0.07	3.8039352743621038
-0.06934809200424033	3.6841727556956645
-0.069	3.621259395841156
-0.068	3.444844514212837
-0.067	3.2753653089738215
-0.0669858414085183	3.2730186326120987
-0.066	3.1134617874904174
-0.065	2.959754003201213
-0.06470405774008609	2.915927082714658
-0.064	2.814856318788399
-0.063	2.6793906987994873
-0.0625	2.6153943087950307
-0.062	2.5539985623085886
-0.061	2.4393507794158302
-0.06037102055780286	2.3730601515096112
-0.06	2.3361554532965294
-0.059	2.245163190059639
-0.05831456197105048	2.1902520618760994
-0.058	2.167169620214712
-0.057	2.1030149969166145
-0.05632815391317687	2.0681244406586545
-0.056	2.0535807566917232
-0.055	2.019782987848676
-0.05440941020600775	2.007547742218548
-0.054	2.0025628104402147
-0.053	2.0028737299663146
-0.052556025953357156	2.0088799697360438
-0.052	2.021666085658237
-0.051	2.0598687738493813
-0.050765774772264724	2.071719059633523
-0.05	2.1183684881882976
-0.04903650611854693	2.194700084948154
-0.049	2.197986781579107
-0.048	2.299455319644502
-0.04736614270344993	2.3753718331760467
-0.047	2.4233897615958897
-0.046	2.5702627704976195
-0.04575267799830079	2.610164882675483
-0.045	2.740376719269263
-0.04419417382415922	2.8944475954153126
-0.044	2.9338367190547796
-0.043	3.1505246499739177
-0.042688758023574865	3.222656476162776
-0.042	3.390074917551338
-0.04123462221165296	3.5884819683972213
-0.041	3.651852687862339
-0.04	3.9349353671818355
-0.03983001960372693	3.985088886191515
-0.039	5.160327500160607
-0.03847326291702863	4.853195736707822
-0.038	4.581765949032616
-0.03716272234383503	4.117051257177508
-0.037	4.029569169000807
-0.036	3.5167211202296897
-0.03589682359365735	3.466476806445591
-0.035	3.0534145110715216
-0.034674046002120165	2.91446140283945
-0.034	2.647397470792776
-0.03349292070425915	2.465331054305157
-0.033	2.3045234449836234
-0.03235202887004304	2.1182707968040138
-0.032	2.029409525194032
-0.03125	1.8699813427136414
-0.031	1.826104571994186
-0.03018551027890143	1.7163839015597975
-0.03	1.698674054156512
-0.02915728098552524	1.6534936458924778
-0.029	1.6516213931249168
-0.028164076956588437	1.67767440073106
-0.028	1.6900837090438259
-0.027204705103003875	1.785501670428323
-0.027	1.8197616213610686
-0.026278012976678578	1.9734322408947196
-0.026	2.0465671705116613
-0.025382887386132362	2.237431274176542
-0.025	2.3760004262353047
-0.024518253059273465	2.5726576104952352
-0.024	2.812293379134298
-0.023683071351724965	2.973263249659469
-0.023	3.357388248856378
-0.022876338999150394	3.432327310559732
-0.02209708691207961	3.941919006194179
-0.022	4.009844481516101
-0.021344379011787432	4.493267675197968
-0.021	4.763791513555067
-0.02061731110582648	5.077009297549864
-0.02	5.608059076643138
-0.019915009801863465	5.683476506664925
-0.019236631458514314	4.56817012903901
-0.019	4.232757894996358
-0.018581361171917516	3.6768499732614557
-0.018	2.9964789090191095
-0.017948411796828673	2.9417214557894806
-0.017337023001060083	2.367628005950797
-0.017	2.112602200570576
-0.016746460352129577	1.9506130348170843
-0.01617601443502152	1.6824627122924856
-0.016	1.6272102131380957
-0.015625	1.5537315894403498
-0.015092755139450714	1.5553745004108304
-0.015	1.568694118621017
-0.01457864049276262	1.6793015558110331
-0.014082038478294218	1.918226129085701
-0.014	1.9693365420376339
-0.013602352551501938	2.265144195113147
-0.013139006488339289	2.7127109974445696
-0.013	2.869011227179175
-0.012691443693066181	3.2526971061244376
-0.012259126529636732	3.875627625681129
-0.012	4.296286840708041
-0.011841535675862483	4.570644146599012
-0.011438169499575197	5.325582000622735
-0.011048543456039806	6.127225166373883
-0.011	6.231720006328496
-0.010672189505893716	6.961685611235487
-0.01030865555291324	7.81484988339849
-0.01	8.567607344439686
-0.009957504900931733	8.672840059522297
-0.009618315729257157	4.518038109639921
-0.009290680585958758	3.5710949893797803
-0.009	2.8955960035059576
-0.008974205898414337	2.843579897557374
-0.008668511500530041	2.3291959271911713
-0.008373230176064788	2.0160215674982145
-0.00808800721751076	1.8907948950794502
-0.008	1.8882628040554315
-0.0078125	1.941094306234451
-0.007546377569725352	2.155928109251088
-0.00728932024638131	2.525318511476721
-0.007041019239147109	3.039405520590742
-0.007	3.1395851867807223
-0.006801176275750973	3.6874741458156315
-0.0065695032441696445	4.45717091114002
-0.006345721846533087	5.334050047161302
-0.006129563264818366	6.301488912038631
-0.006	6.934978021735724
-0.005920767837931241	7.340940487234316
-0.005719084749787602	8.432447175823405
-0.005524271728019903	9.555320572795418
-0.005336094752946855	10.688890891719385
-0.00515432777645662	11.813241462688698
-0.005	12.777187874816223
-0.004978752450465866	12.90986270305484
-0.004809157864628582	5.578079335128872
-0.004645340292979379	4.561308234320071
-0.004487102949207166	3.803157679961422
-0.004334255750265021	3.2969112745861
-0.004186615088032394	3.032393091516726
-0.004044003608755383	2.99876382258818
-0.004	3.0343808558145313
-0.00390625	3.185317458885286
-0.003773188784862676	3.5810331888124023
-0.003644660123190655	4.173562235997494
-0.0035205096195735546	4.94816879365713
-0.0034005881378754866	5.8869619395179145
-0.0032847516220848223	6.968587858243016
-0.0031728609232665435	8.168416917467951
-0.003064781632409183	9.459164690283558
-0.003	10.2875614968453
-0.0029603839189656206	10.81182928049711
-0.002859542374893801	12.196804253569468
-0.0027621358640099515	13.58502959922811
-0.0026680473764734273	14.949064037131846
-0.00257716388822831	16.26399256179591
-0.002489376225232933	17.508116595572567
-0.002404578932314291	6.952502511116845
-0.0023226701464896895	5.724715163149066
-0.002243551474603583	4.825101841017971
-0.0021671278751325103	4.25009629634591
-0.002093307544016197	3.98944812381351
-0.0020220018043776915	4.0291338984837965
-0.002	4.10141934721532
-0.001953125	4.352392167701138
-0.001886594392431338	4.939632907097817
-0.0018223300615953274	5.767895987666866
-0.0017602548097867773	6.8103651326568615
-0.0017002940689377433	8.036247591196158
-0.0016423758110424111	9.411147329580526
-0.0015864304616332718	10.89791513575273
-0.0015323908162045916	12.457862747274332
-0.0014801919594828103	14.052179499914145
-0.0014297711874469005	15.643381581496037
-0.0013810679320049757	17.196644621547172
-0.0013340236882367136	18.680908097664034
-0.001288581944114155	20.06968421789586
-0.0012446881126164666	21.341546357250383
-0.0012022894661571455	7.187104295622318
-0.0011613350732448448	5.808673059546938
-0.0011217757373017914	4.8593276129558856
-0.0010835639375662552	4.318648138400261
-0.0010466537720080985	4.159665222326819
-0.0010110009021888457	4.352832138884294
-0.001	4.482041099460128
-0.0009765625	4.867358984631164
-0.000943297196215669	5.671021423687169
-0.0009111650307976637	6.729399880289356
-0.0008801274048933886	8.005226907248524
-0.0008501470344688716	9.458223006126463
-0.0008211879055212056	11.0455454489926
-0.0007932152308166359	12.722789267488364
-0.0007661954081022958	14.44537007071371
-0.0007400959797414052	16.170075746181904
-0.0007148855937234502	17.856581960179053
-0.0006905339660024879	19.468766210106036
-0.0006670118441183568	20.97571007839253
-0.0006442909720570775	22.35233601601085
-0.0006223440563082333	23.579674528500625
-0.0006011447330785727	6.451749618033139
-0.0005806675366224224	5.160892205996318
-0.0005608878686508957	4.344278099740191
-0.0005417819687831276	3.963270253876549
-0.0005233268860040493	3.977632300823975
-0.0005055004510944229	4.348544504165707
-0.00048828125	5.038740835082469
-0.0004716485981078345	6.011247092731954
-0.00045558251539883185	7.227847734034352
-0.0004400637024466943	8.64798962067201
-0.0004250735172344358	10.228450142963077
-0.0004105939527606028	11.923805932370621
-0.00039660761540831794	13.68755032015901
-0.0003830977040511479	15.473614216576207
-0.0003700479898707026	17.23802612432934
-0.0003574427968617251	18.940478684566564
-0.00034526698300124393	20.545628765701764
-0.0003335059220591784	22.024026990957204
-0.00032214548602853873	23.352637417270138
-0.00031117202815411665	24.514960817248316
-0.00030057236653928637	5.776676735354786
-0.0002903337683112112	4.618937716562467
-0.00028044393432544786	3.935583377654549
-0.0002708909843915638	3.6806395282471036
-0.00026166344300202464	3.810073948384846
-0.00025275022554721143	4.28351650818628
-0.000244140625	5.063338127109344
-0.00023582429905391725	6.112662918538289
-0.00022779125769941593	7.39342681470486
-0.00022003185122334716	8.865122015670723
-0.0002125367586172179	10.484469818248813
-0.0002052969763803014	12.20597996271357
-0.00019830380770415897	13.983184229121388
-0.00019154885202557394	15.770258981254218
-0.0001850239949353513	17.52375100637426
-0.00017872139843086256	19.204167261000197
-0.00017263349150062197	20.77725869753545
-0.0001667529610295892	22.214902917153935
-0.00016107274301426937	23.495557464671826
-0.00015558601407705832	24.604308134908234
-0.00015028618326964319	5.358183300653875
-0.0001451668841556056	4.291278814409477
-0.00014022196716272393	3.6868567653889754
-0.0001354454921957819	3.4972752031851884
-0.00013083172150101232	3.6784043872016965
-0.00012637511277360572	4.190603768083838
-0.0001220703125	4.997293145574667
-0.00011791214952695862	6.062675389647645
-0.00011389562884970796	7.349672325044156
-0.00011001592561167358	8.818653758708946
-0.00010626837930860896	10.427150175534829
-0.0001026484881901507	12.13046872396101
-9.915190385207948e-5	13.882975956513794
-9.577442601278697e-5	15.639749918766341
-9.251199746767564e-5	17.358312821540437
-8.936069921543128e-5	19.00020755355043
-8.631674575031098e-5	20.53225385329476
-8.33764805147946e-5	21.92739544085024
-8.053637150713468e-5	23.165116003517188
-7.779300703852916e-5	24.231453229345682
-7.514309163482159e-5	5.086668717853495
-7.25834420778028e-5	4.078499825276287
-7.011098358136196e-5	3.519102233178917
-6.772274609789095e-5	3.3611728952386373
-6.541586075050616e-5	3.5615286582560963
-6.318755638680286e-5	4.081722572669188
-6.103515625e-5	4.886412652055947
-5.895607476347931e-5	5.940998975129142
-5.694781442485398e-5	7.209545324145898
-5.500796280583679e-5	8.653527267347771
-5.313418965430448e-5	10.231570629930888
-5.132424409507535e-5	11.90008474693504
-4.957595192603974e-5	13.614547858429276
-4.7887213006393486e-5	15.33114738649012
-4.625599873383782e-5	17.008490026804324
-4.468034960771564e-5	18.609150016170915
-4.315837287515549e-5	20.100896418288333
-4.16882402573973e-5	21.457514798353518
-4.026818575356734e-5	22.659203917477946
-3.889650351926458e-5	23.692578017963477
-3.7571545817410796e-5	4.8903156559930565
-3.62917210389014e-5	3.924560923413837
-3.505549179068098e-5	3.394255705909588
-3.3861373048945474e-5	3.253279950293931
-3.270793037525308e-5	3.4597700433273437
-3.159377819340143e-5	3.976574578596934
-3.0517578125e-5	4.769567744787448
-2.9478037381739656e-5	5.805291973211966
-2.8473907212426957e-5	7.048910021882796
-2.750398140291843e-5	8.462984067401056
-2.656709482715224e-5	10.007232593667576
-2.5662122047537674e-5	11.639165106245416
-2.478797596301987e-5	13.315353532246268
-2.3943606503196716e-5	14.993047711374686
-2.312799936691894e-5	16.631855629966388
-2.234017480385782e-5	18.19526209555931
-2.1579186437577746e-5	19.651830837049015
-2.084412012869865e-5	20.976008038112283
-2.0134092876783644e-5	22.148509104828324
-1.9448251759632314e-5	23.156319188912203
-1.8785772908705398e-5	4.786777954267618
-1.81458605194507e-5	3.833686988344359
-1.752774589534049e-5	3.3054311839119053
-1.6930686524472717e-5	3.156524456235943
-1.635396518762656e-5	3.345719732774093
-1.5796889096700715e-5	3.8365026550501664
-1.52587890625e-5	4.5954700934512065
-1.4739018690869828e-5	5.590032572103736
-1.4236953606213478e-5	6.786401059706081
-1.3751990701459215e-5	8.148367815630419
-1.328354741357612e-5	9.637033395102131
-1.2831061023768837e-5	11.211387124945688
-1.2393987981509936e-5	12.829510061018867
-1.1971803251598358e-5	14.450118313637812
-1.156399968345947e-5	16.03417642471775
-1.117008740192891e-5	17.546361081624745
-1.0789593218788873e-5	18.956223978720498
-1.0422060064349325e-5	20.238973086248865
-1.0067046438391822e-5	21.37585330404484
-9.724125879816157e-6	22.354154756412623
-9.392886454352699e-6	4.653127737285406
-9.07293025972535e-6	3.7229513872802116
-8.763872947670246e-6	3.204355414645152
-8.465343262236358e-6	3.0532508930731237
-8.17698259381328e-6	3.2296294865187254
-7.898444548350357e-6	3.6980909047130757
-7.62939453125e-6	4.426300024079937
-7.369509345434914e-6	5.382769794057808
-7.118476803106739e-6	6.534904718508417
-6.875995350729607e-6	7.84780385028907
-6.64177370678806e-6	9.283975653150126
-6.4155305118844185e-6	10.803879160618445
-6.196993990754968e-6	12.367070787448435
-5.985901625799179e-6	13.933685440336077
-5.781999841729735e-6	15.465990906308136
-5.585043700964455e-6	16.929802619229722
-5.3947966093944364e-6	18.29561164883046
-5.211030032174663e-6	19.539346628713467
-5.033523219195911e-6	20.642749989475337
-4.8620629399080785e-6	21.593394707743784
-4.6964432271763496e-6	4.523497225393309
-4.536465129862675e-6	3.616179644430525
-4.381936473835123e-6	3.10738484220569
-4.232671631118179e-6	2.954492800307416
-4.08849129690664e-6	3.1187734197556938
-3.949222274175179e-6	3.565953807646929
-3.814697265625e-6	4.264758840454377
-3.684754672717457e-6	5.184778369518458
-3.5592384015533696e-6	6.294570694697433
-3.4379976753648036e-6	7.560490926780873
-3.32088685339403e-6	8.946397062769334
-3.2077652559422093e-6	10.414155320735475
-3.098496995377484e-6	11.924734277969366
-2.9929508128995895e-6	13.43962699406202
-2.8909999208648673e-6	14.922349172790359
-2.7925218504822275e-6	16.3398071159217
-2.6973983046972182e-6	17.66339226361441
-2.6055150160873313e-6	18.86972449208503
-2.5167616095979554e-6	19.941023987445263
-2.4310314699540393e-6	20.865135970878953
-2.3482216135881748e-6	4.398265139067142
-2.2682325649313374e-6	3.5132057900705482
-2.1909682369175614e-6	3.0140784285997824
-2.1163358155590896e-6	2.8596863559519385
-2.04424564845332e-6	3.012537001090099
-1.9746111370875893e-6	3.4394466937924952
-1.9073486328125e-6	4.11016142392977
-1.8423773363587285e-6	4.995305584271554
-1.7796192007766848e-6	6.064543899747456
-1.7189988376824018e-6	7.285435058707227
-1.660443426697015e-6	8.62313018302156
-1.6038826279711046e-6	10.040844432010944
-1.549248497688742e-6	11.500901025835677
-1.4964754064497947e-6	12.966096980714543
-1.4454999604324336e-6	14.401147345180744
-1.3962609252411138e-6	15.774008115823772
-1.3486991523486091e-6	17.056938465120787
-1.3027575080436657e-6	18.22722589336
-1.2583808047989777e-6	19.267553637999786
-1.2155157349770196e-6	20.166032788705785
-1.1741108067940874e-6	4.277084822188875
-1.1341162824656687e-6	3.4136891162473884
-1.0954841184587807e-6	2.924093998177796
-1.0581679077795448e-6	2.7684705752213823
-1.02212282422666e-6	2.910516890575493
-9.873055685437947e-7	3.3180969859648592
-9.5367431640625e-7	3.961937942323175
-9.211886681793642e-7	4.813656922683547
-8.898096003883424e-7	5.843979685037154
-8.594994188412009e-7	7.021619123010269
-8.302217133485075e-7	8.312967075506156
-8.019413139855523e-7	9.68253405128463
-7.74624248844371e-7	11.093945442556954
-7.482377032248974e-7	12.511253214020108
-7.227499802162168e-7	13.900328266906044
-6.981304626205569e-7	15.230139870911671
-6.743495761743046e-7	16.473786535669444
-6.513787540218328e-7	17.609203370543614
-6.291904023994889e-7	18.61952484485285
-6.077578674885098e-7	19.49312367615511
-5.870554033970437e-7	4.15954370176843
-5.670581412328344e-7	3.317288773106515
-5.477420592293904e-7	2.837123761357724
-5.290839538897724e-7	2.6805360077628073
-5.1106141211333e-7	2.812370838458907
-4.936527842718973e-7	3.2015017587609464
-4.76837158203125e-7	3.8196000434645216
-4.605943340896821e-7	4.639237047880746
-4.449048001941712e-7	5.632157585119366
-4.2974970942060045e-7	6.768183082972508
-4.1511085667425373e-7	8.014897654028923
-4.0097065699277616e-7	9.338057695035245
-3.873121244221855e-7	10.702542450692
-3.741188516124487e-7	12.073613833897651
-3.613749901081084e-7	13.418258812347545
-3.4906523131027844e-7	14.706426776609042
-3.371747880871523e-7	15.91202991307091
-3.256893770109164e-7	17.01363306752069
-3.1459520119974443e-7	17.99481165367808
-3.038789337442549e-7	18.844196715218867
-2.9352770169852185e-7	4.045298113157311
-2.835290706164172e-7	3.2237241646380492
-2.738710296146952e-7	2.7529156068707725
-2.645419769448862e-7	2.595629164222518
-2.55530706056665e-7	2.71781818295247
-2.4682639213594866e-7	3.0893309199620607
-2.384185791015625e-7	3.6827491707563826
-2.3029716704484106e-7	4.471563028557901
-2.224524000970856e-7	5.428497552514024
-2.1487485471030023e-7	6.524440307246059
-2.0755542833712687e-7	7.728122594149646
-2.0048532849638808e-7	9.006500600124758
-1.9365606221109274e-7	10.325662358586197
-1.8705942580622434e-7	11.652037756730882
-1.806874950540542e-7	12.953692729263825
-1.7453261565513922e-7	14.201525897302933
-1.6858739404357614e-7	15.370239247216192
-1.628446885054582e-7	16.439010773600792
-1.5729760059987222e-7	17.391847343536497
-1.5193946687212745e-7	18.21763536751412
-1.4676385084926092e-7	3.934109223198878
-1.417645353082086e-7	3.1327967531263408
-1.369355148073476e-7	2.671285363136793
-1.322709884724431e-7	2.5135580281283727
-1.277653530283325e-7	2.626639996994121
-1.2341319606797433e-7	2.981322294667968
-1.1920928955078125e-7	3.551066078230009
-1.1514858352242053e-7	4.310247195631497
-1.112262000485428e-7	5.232534675010426
-1.0743742735515011e-7	6.28984244172031
-1.0377771416856343e-7	7.452006575853361
-1.0024266424819404e-7	8.687139605816807
-9.682803110554637e-8	9.962495813841084
-9.352971290311217e-8	11.245633386057825
-9.03437475270271e-8	12.505662112893038
-8.726630782756961e-8	13.714400572836833
-8.429369702178807e-8	14.8473178891815
-8.14223442527291e-8	15.884189423276803
-7.864880029993611e-8	16.809444421102114
-7.596973343606373e-8	17.61222176592083
-7.338192542463046e-8	3.8258152106188565
-7.08822676541043e-8	3.0443678251562134
-6.84677574036738e-8	2.592098234955644
-6.613549423622155e-8	2.434175275811703
-6.388267651416625e-8	2.538662266475476
-6.170659803398717e-8	2.877263010474939
-5.960464477539063e-8	3.4242887499042163
-5.7574291761210265e-8	4.154970011459251
-5.56131000242714e-8	5.043885517910202
-5.371871367757506e-8	6.063937883053152
-5.188885708428172e-8	7.1860277143565305
-5.012133212409702e-8	8.379382568354146
-4.8414015552773186e-8	9.612382456892972
-4.6764856451556086e-8	10.853676009027215
-4.517187376351355e-8	12.073383307094797
-4.3633153913784805e-8	13.244214841923544
-4.2146848510894035e-8	14.342385097213285
-4.071117212636455e-8	15.348251565373362
-3.9324400149968054e-8	16.246657024255985
-3.7984866718031864e-8	17.0269898802892
-3.669096271231523e-8	3.720300809346156
-3.544113382705215e-8	2.958335001208537
-3.42338787018369e-8	2.5152498905270004
-3.3067747118110775e-8	2.3573618431525167
-3.1941338257083125e-8	2.4537401113815864
-3.085329901699358e-8	2.776972786186131
-2.9802322387695312e-8	3.3021933753330206
-2.8787145880605133e-8	4.005457534638813
-2.78065500121357e-8	4.862221052011924
-2.685935683878753e-8	5.846339313043191
-2.594442854214086e-8	6.929739016724883
-2.506066606204851e-8	8.082723233316711
-2.4207007776386593e-8	9.274758883351984
-2.3382428225778043e-8	10.47554870253483
-2.2585936881756776e-8	11.656190780981076
-2.1816576956892402e-8	12.790260476445562
-2.1073424255447017e-8	13.854696558874508
-2.0355586063182276e-8	14.830423824845113
-1.9662200074984027e-8	15.702689873146852
-1.8992433359015932e-8	16.461129580383464
-1.8345481356157615e-8	3.6174771857430326
-1.7720566913526073e-8	2.874616795639813
-1.711693935091845e-8	2.440654004701307
-1.6533873559055387e-8	2.2830160021961228
-1.5970669128541563e-8	2.3717471676461694
-1.542664950849679e-8	2.6802925793315278
-1.4901161193847656e-8	3.184581383056021
-1.4393572940302566e-8	3.8614660992833003
-1.390327500606785e-8	4.687248366577823
-1.3429678419393764e-8	5.636701955924493
-1.297221427107043e-8	6.682742815282387
-1.2530333031024255e-8	7.7967115972771435
-1.2103503888193296e-8	8.949124804252868
-1.1691214112889021e-8	10.110704275841002
-1.1292968440878388e-8	11.253494943093319
-1.0908288478446201e-8	12.351910850707702
-1.0536712127723509e-8	13.383594579590605
-1.0177793031591138e-8	14.330023740229455
-9.831100037492013e-9	15.176842135499397
-9.496216679507966e-9	15.913927941401
-9.172740678078808e-9	3.517270355819017
-8.860283456763037e-9	2.7931437363079725
-8.558469675459224e-9	2.3682350354426185
-8.266936779527694e-9	2.2110469167374873
-7.985334564270781e-9	2.2925691886511657
-7.713324754248396e-9	2.5870776208758564
-7.450580596923828e-9	3.071271396898282
-7.196786470151283e-9	3.722772769210721
-6.951637503033925e-9	4.518699278076579
-6.714839209696882e-9	5.434710075083587
-6.486107135535215e-9	6.444674960849147
-6.2651665155121274e-9	7.520935679850392
-6.051751944096648e-9	8.635022350569816
-5.845607056444511e-9	9.758642128482913
-5.646484220439194e-9	10.86475663492891
-5.454144239223101e-9	11.92859320635127
-5.268356063861754e-9	12.928478299248239
-5.088896515795569e-9	13.846428146965028
-4.915550018746007e-9	14.668474216463165
-4.748108339753983e-9	15.384734695320157
-4.586370339039404e-9	3.41961482398144
-4.430141728381518e-9	2.7138534803391487
-4.279234837729612e-9	2.2979242086645706
-4.133468389763847e-9	2.1413709913041767
-3.992667282135391e-9	2.2161003402279587
-3.856662377124198e-9	2.497193309536977
-3.725290298461914e-9	2.9620944424854834
3.725290298461914e-9	8.0567776535471
3.856662377124198e-9	6.666420035598259
3.992667282135391e-9	5.402363061706913
4.133468389763847e-9	4.30876643706641
4.279234837729612e-9	3.4248553754641615
4.430141728381518e-9	2.7857764125756885
4.586370339039404e-9	2.425196732873955
4.748108339753983e-9	19.95087334597314
4.915550018746007e-9	20.056664918715416
5.088896515795569e-9	19.998905723808054
5.268356063861754e-9	19.76147053317011
5.454144239223101e-9	19.332176481412912
5.646484220439194e-9	18.704224280139933
5.845607056444511e-9	17.877598083622367
6.051751944096648e-9	16.8602784464705
6.2651665155121274e-9	15.669099229685719
6.486107135535215e-9	14.330074157332264
6.714839209696882e-9	12.878041637253727
6.951637503033925e-9	11.355535666563611
7.196786470151283e-9	9.81089005224676
7.450580596923828e-9	8.295718958327853
7.713324754248396e-9	6.862074208136411
7.985334564270781e-9	5.559731283337237
8.266936779527694e-9	4.434161632050621
8.558469675459224e-9	3.5257597447554154
8.860283456763037e-9	2.8707577172406777
9.172740678078808e-9	2.5039318656685134
9.496216679507966e-9	20.62416665680304
9.831100037492013e-9	20.728210046016702
1.0177793031591138e-8	20.663028968650497
1.0536712127723509e-8	20.412097640804387
1.0908288478446201e-8	19.9629898928759
1.1292968440878388e-8	19.308863340618913
1.1691214112889021e-8	18.449897774427956
1.2103503888193296e-8	17.3945373754419
1.2530333031024255e-8	16.160362451779545
1.297221427107043e-8	14.774411628143772
1.3429678419393764e-8	13.272799709116724
1.390327500606785e-8	11.699538166903096
1.4393572940302566e-8	10.10456826550589
1.4901161193847656e-8	8.541157096223971
1.542664950849679e-8	7.06296887788248
1.5970669128541563e-8	5.721279206494778
1.6533873559055387e-8	4.562907244928115
1.711693935091845e-8	3.629449625413382
1.7720566913526073e-8	2.9582568577093453
1.8345481356157615e-8	2.5852513169977547
1.8992433359015932e-8	21.319630431800437
1.9662200074984027e-8	21.42162219227994
2.0355586063182276e-8	21.34852485375339
2.1073424255447017e-8	21.083405741522988
2.1816576956892402e-8	20.613595170947782
2.2585936881756776e-8	19.932214683969743
2.3382428225778043e-8	19.039654795842274
2.4207007776386593e-8	17.944846881622563
2.506066606204851e-8	16.66614959634934
2.594442854214086e-8	15.231665894563212
2.685935683878753e-8	13.678832447446759
2.78065500121357e-8	12.053187611043834
2.8787145880605133e-8	10.406330938188425
2.9802322387695312e-8	8.79323210575655
3.085329901699358e-8	7.269213984065292
3.1941338257083125e-8	5.887093784691696
3.3067747118110775e-8	4.6950751269102025
3.42338787018369e-8	3.7359904044392733
3.544113382705215e-8	3.048342261876803
3.669096271231523e-8	2.6692371615797206
3.7984866718031864e-8	22.03790697943649
3.9324400149968054e-8	22.13752346649441
4.071117212636455e-8	22.055989749152456
4.2146848510894035e-8	21.77596007151306
4.3633153913784805e-8	21.284521378058642
4.517187376351355e-8	20.57476673988939
4.6764856451556086e-8	19.64731329507722
4.8414015552773186e-8	18.51160420341414
5.012133212409702e-8	17.18680957179915
5.188885708428172e-8	15.702137449894947
5.371871367757506e-8	14.096393246350235
5.56131000242714e-8	12.41669300082754
5.7574291761210265e-8	10.716346693939924
5.960464477539063e-8	9.052077409264502
6.170659803398717e-8	7.480913909793524
6.388267651416625e-8	6.057257337180282
6.613549423622155e-8	4.830733201685259
6.84677574036738e-8	3.845443945178326
7.08822676541043e-8	3.1410788291610365
7.338192542463046e-8	2.755967397874716
7.596973343606373e-8	22.779596809729867
7.864880029993611e-8	22.876494228992346
8.14223442527291e-8	22.78597870826417
8.429369702178807e-8	22.490285392548035
8.726630782756961e-8	21.97625837098427
9.03437475270271e-8	21.236970429365797
9.352971290311217e-8	20.273282019761304
9.682803110554637e-8	19.095173665099736
1.0024266424819404e-7	17.72266117738436
1.0377771416856343e-7	16.186099725118485
1.0743742735515011e-7	14.525711629459957
1.112262000485428e-7	12.790242691473512
1.1514858352242053e-7	11.034766640210469
1.1920928955078125e-7	9.317811815759628
1.2341319606797433e-7	7.698160959489431
1.277653530283325e-7	6.231842122668087
1.322709884724431e-7	4.9699406720727834
1.369355148073476e-7	3.957863863210788
1.417645353082086e-7	3.236522584639545
1.4676385084926092e-7	2.8455091226613556
1.5193946687212745e-7	23.545200011591202
1.5729760059987222e-7	23.639015553274294
1.628446885054582e-7	23.53894953004439
1.6858739404357614e-7	23.226812179406778
1.7453261565513922e-7	22.68920562973298
1.806874950540542e-7	21.91919112197723
1.8705942580622434e-7	20.91788983889789
1.9365606221109274e-7	19.69584612189735
2.0048532849638808e-7	18.273956735713604
2.0755542833712687e-7	16.683767055325816
2.1487485471030023e-7	14.966965564170883
2.224524000970856e-7	13.173980924187449
2.3029716704484106e-7	11.361704841127796
2.384185791015625e-7	9.590523505997991
2.4682639213594866e-7	7.9210222781483495
2.55530706056665e-7	6.41089946145232
2.645419769448862e-7	5.112738447440233
2.738710296146952e-7	4.073286165604568
2.835290706164172e-7	3.334710188645622
2.9352770169852185e-7	2.937905244387391
3.038789337442549e-7	24.335000317777762
3.1459520119974443e-7	24.42535526655372
3.256893770109164e-7	24.315151787199888
3.371747880871523e-7	23.985769670233857
3.4906523131027844e-7	23.42357035273878
3.613749901081084e-7	22.621612747037798
3.741188516124487e-7	21.581296745773056
3.873121244221855e-7	20.31375758970959
4.0097065699277616e-7	18.840808899492686
4.1511085667425373e-7	17.195229988926037
4.2974970942060045e-7	15.42022534180999
4.449048001941712e-7	13.567960066252407
4.605943340896821e-7	11.697198414571131
4.76837158203125e-7	9.870237187632828
4.936527842718973e-7	8.149512968686908
5.1106141211333e-7	6.594437415321336
5.290839538897724e-7	5.25912965815152
5.477420592293904e-7	4.191710487296784
5.670581412328344e-7	3.4356382975534028
5.870554033970437e-7	3.0331487357767415
6.077578674885098e-7	25.148835637179864
6.291904023994889e-7	25.235341859586484
6.513787540218328e-7	25.114406099020886
6.743495761743046e-7	24.766972546614454
6.981304626205569e-7	24.179163582146522
7.227499802162168e-7	23.344045319222083
7.482377032248974e-7	22.263314570964067
7.74624248844371e-7	20.948724674824835
8.019413139855523e-7	19.423041980957958
8.302217133485075e-7	17.720323272428214
8.594994188412009e-7	15.885338478323266
8.898096003883424e-7	13.972042143714853
9.211886681793642e-7	12.041124839080958
9.5367431640625e-7	10.156845732309847
9.873055685437947e-7	8.383540024310827
1.02212282422666e-6	6.782374376151095
1.0581679077795448e-6	5.409039612058413
1.0954841184587807e-6	4.3130623731363436
1.1341162824656687e-6	3.5392231842046322
1.1741108067940874e-6	3.1311333680595586
1.2155157349770196e-6	25.9856466442083
1.2583808047989777e-6	26.06791826745281
1.3027575080436657e-6	25.935666969482767
1.3486991523486091e-6	25.56939685050154
1.3962609252411138e-6	24.9549932554921
1.4454999604324336e-6	24.085539070088842
1.4964754064497947e-6	22.963045863437074
1.549248497688742e-6	21.599911422890646
1.6038826279711046e-6	20.019889358364345
1.660443426697015e-6	18.25835560924969
1.7189988376824018e-6	16.36169268279957
1.7796192007766848e-6	14.385694831115577
1.8423773363587285e-6	12.393029661376135
1.9073486328125e-6	10.44996714992859
1.9746111370875893e-6	8.622784959266632
2.04424564845332e-6	6.974442563511983
2.1163358155590896e-6	5.562234116508339
2.1909682369175614e-6	4.437118945738128
2.2682325649313374e-6	3.6452244840525743
2.3482216135881748e-6	3.231563910082359
2.4310314699540393e-6	26.842605439647006
2.5167616095979554e-6	26.92027621024749
2.6055150160873313e-6	26.77617016640883
2.6973983046972182e-6	26.390348182188358
2.7925218504822275e-6	25.748461210884816
2.8909999208648673e-6	24.843618192673436
2.9929508128995895e-6	23.678161943002365
3.098496995377484e-6	22.265158546346573
3.2077652559422093e-6	20.6293796957159
3.32088685339403e-6	18.807557304058783
3.4379976753648036e-6	16.847727678412056
3.5592384015533696e-6	14.807568290403145
3.684754672717457e-6	12.751767136667949
3.814697265625e-6	10.748645694965123
3.949222274175179e-6	8.866459933590514
4.08849129690664e-6	7.169991632992437
4.232671631118179e-6	5.718160905924898
4.381936473835123e-6	4.5633761260358865
4.536465129862675e-6	3.7531232432745787
4.6964432271763496e-6	3.3338260127235566
4.8620629399080785e-6	27.713555343564586
5.033523219195911e-6	27.786291756984117
5.211030032174663e-6	27.629876929349248
5.3947966093944364e-6	27.223928594700915
5.585043700964455e-6	26.553867668707547
5.781999841729735e-6	25.612838256642647
5.985901625799179e-6	24.403528534188126
6.196993990754968e-6	22.939691922643565
6.4155305118844185e-6	21.24714169540671
6.64177370678806e-6	19.36399280171432
6.875995350729607e-6	17.339964675599337
7.118476803106739e-6	15.234647965187609
7.369509345434914e-6	13.114779811075884
7.62939453125e-6	11.050758897442043
7.898444548350357e-6	9.112840485319131
8.17698259381328e-6	7.367643584932764
8.465343262236358e-6	5.875722123733852
8.763872947670246e-6	4.69093345461348
9.07293025972535e-6	3.862112885415825
9.392886454352699e-6	3.437074283475315
9.724125879816157e-6	28.58676721983792
1.0067046438391822e-5	28.65421797417105
1.0422060064349325e-5	28.485120327536734
1.0789593218788873e-5	28.058657410890607
1.117008740192891e-5	27.360030467356456
1.156399968345947e-5	26.38243069227008
1.1971803251598358e-5	25.12890466879539
1.2393987981509936e-5	23.61390673020296
1.2831061023768837e-5	21.864305124620387
1.328354741357612e-5	19.91961030460577
1.3751990701459215e-5	17.8312356941456
1.4236953606213478e-5	15.660693893210931
1.4739018690869828e-5	13.476777690160015
1.52587890625e-5	11.35196735523669
1.5796889096700715e-5	9.358520045799489
1.635396518762656e-5	7.564892964776264
1.6930686524472717e-5	6.033272256289508
1.752774589534049e-5	4.818956698387616
1.81458605194507e-5	3.9721095021966613
1.8785772908705398e-5	3.5418841938327694
1.9448251759632314e-5	29.448363299321958
2.0134092876783644e-5	29.5096698669675
2.084412012869865e-5	29.32711247998172
2.1579186437577746e-5	28.87947130441926
2.234017480385782e-5	28.151760389543746
2.312799936691894e-5	27.137249530126283
2.3943606503196716e-5	25.839372044224042
2.478797596301987e-5	24.27330581433851
2.5662122047537674e-5	22.46698838209114
2.656709482715224e-5	20.46132918554826
2.750398140291843e-5	18.30942612238196
2.8473907212426957e-5	16.074689609250747
2.9478037381739656e-5	13.827928252029118
3.0517578125e-5	11.643647498817712
3.159377819340143e-5	9.596031808428522
3.270793037525308e-5	7.755279740984005
3.3861373048945474e-5	6.185081373341685
3.505549179068098e-5	4.941999093590878
3.62917210389014e-5	4.077265340758068
3.7571545817410796e-5	3.640985273137213
3.889650351926458e-5	30.043726448820262
4.026818575356734e-5	30.0838264388847
4.16882402573973e-5	29.87464717928296
4.315837287515549e-5	29.395158432270062
4.468034960771564e-5	28.63078346701303
4.625599873383782e-5	27.57543603625828
4.7887213006393486e-5	26.233429033260943
4.957595192603974e-5	24.62103877812627
5.132424409507535e-5	22.767483794902386
5.313418965430448e-5	20.715081651947873
5.500796280583679e-5	18.51839482911632
5.694781442485398e-5	16.24227644668592
5.895607476347931e-5	13.958881507342303
6.103515625e-5	11.743909498795821
6.318755638680286e-5	9.672564171470546
6.541586075050616e-5	7.815912492755191
6.772274609789095e-5	6.238437268357889
7.011098358136196e-5	4.9975362222947135
7.25834420778028e-5	4.145453318584648
7.514309163482159e-5	3.7335778594377858
7.779300703852916e-5	30.510493108612405
8.053637150713468e-5	30.517202893177036
8.33764805147946e-5	30.270095963319857
8.631674575031098e-5	29.748758986507646
8.936069921543128e-5	28.939471538490015
9.251199746767564e-5	27.83723547587265
9.577442601278697e-5	26.447656558252326
9.915190385207948e-5	24.788460641965294
0.0001026484881901507	22.89040441599395
0.00010626837930860896	20.797349104007278
0.00011001592561167358	18.565317409510207
0.00011389562884970796	16.260458422364703
0.00011791214952695862	13.95600372450755
0.0001220703125	11.72849965307532
0.00012637511277360572	9.653818442108925
0.00013083172150101232	7.803639607112733
0.0001354454921957819	6.243191100515725
0.00014022196716272393	5.03097600254553
0.0001451668841556056	4.220913736803202
0.00015028618326964319	3.866739118919176
0.00015558601407705832	31.16360772028284
0.00016107274301426937	31.118416820181974
0.0001667529610295892	30.813122029766664
0.00017263349150062197	30.228331115786286
0.00017872139843086256	29.35169453302136
0.0001850239949353513	28.17991740291371
0.00019154885202557394	26.72059503258603
0.00019830380770415897	24.993652823395834
0.0002052969763803014	23.032153346585257
0.0002125367586172179	20.88224744543657
0.00022003185122334716	18.602104498425376
0.00022779125769941593	16.259767556404718
0.00023582429905391725	13.930041784129642
0.000244140625	11.690726435551046
0.00025275022554721143	9.618711801738877
0.00026166344300202464	7.78663553703004
0.0002708909843915638	6.260864225194616
0.00028044393432544786	5.1014640823974755
0.0002903337683112112	4.364480606293126
0.00030057236653928637	4.106212407211777
0.00031117202815411665	31.459587959450634
0.00032214548602853873	31.32069855238583
0.0003335059220591784	30.91820154957169
0.00034526698300124393	30.235177440286467
0.0003574427968617251	29.262168268050367
0.0003700479898707026	27.99909793397405
0.0003830977040511479	26.45697205109169
0.00039660761540831794	24.659143364441785
0.0004105939527606028	22.641918924448696
0.0004250735172344358	20.454308676212836
0.0004400637024466943	18.156782406731253
0.00045558251539883185	15.819018790035368
0.0004716485981078345	13.516793224169813
0.00048828125	11.328343491467479
0.0005055004510944229	9.330740663972644
0.0005233268860040493	7.59692678294836
0.0005417819687831276	6.194097041627146
0.0005608878686508957	5.183934511197741
0.0005806675366224224	4.6247922135026975
0.0006011447330785727	4.575234213075502
0.0006223440563082333	30.97132483286849
0.0006442909720570775	30.66601371675892
0.0006670118441183568	30.10100681147776
0.0006905339660024879	29.26459224513328
0.0007148855937234502	28.15297802152648
0.0007400959797414052	26.771974276942373
0.0007661954081022958	25.138390579884497
0.0007932152308166359	23.28095344819949
0.0008211879055212056	21.240553249172685
0.0008501470344688716	19.069666377793236
0.0008801274048933886	16.83087501094836
0.0009111650307976637	14.594523764402158
0.000943297196215669	12.43570144150893
0.0009765625	10.430894974124978
0.001	9.186406558926894
0.0010110009021888457	8.654795456328078
0.0010466537720080985	7.17779433073865
0.0010835639375662552	6.064637175761739
0.0011217757373017914	5.374455694953075
0.0011613350732448448	5.161952174658178
0.0012022894661571455	5.47888746516286
0.0012446881126164666	29.645632484813436
0.001288581944114155	29.082427752578027
0.0013340236882367136	28.275145008857393
0.0013810679320049757	27.220798208452464
0.0014297711874469005	25.924676190216562
0.0014801919594828103	24.40157427240891
0.0015323908162045916	22.67665538992045
0.0015864304616332718	20.78578128299812
0.0016423758110424111	18.775174777774154
0.0017002940689377433	16.700323131230125
0.0017602548097867773	14.624111404911908
0.0018223300615953274	12.614279175441126
0.001886594392431338	10.740410352941057
0.001953125	9.07077187425737
0.002	8.079172030890968
0.0020220018043776915	7.669382215334439
0.002093307544016197	6.593681777824515
0.0021671278751325103	5.893066373646516
0.002243551474603583	5.608320351115753
0.0023226701464896895	5.771661952249149
0.002404578932314291	6.406738599328983
0.002489376225232933	27.003492443773748
0.00257716388822831	26.146941694520308
0.0026680473764734273	25.08244761473951
0.0027621358640099515	23.817668566816014
0.002859542374893801	22.368095682884377
0.0029603839189656206	20.757597763475196
0.003	20.103719088574003
0.003064781632409183	19.01852848153855
0.0031728609232665435	17.191291579252002
0.0032847516220848223	15.323295451780366
0.0034005881378754866	13.467285492808495
0.0035205096195735546	11.679118282994617
0.003644660123190655	10.01512850819448
0.003773188784862676	8.529324267987231
0.00390625	7.2707114148721255
0.004	6.5622447570635565
0.004044003608755383	6.281072819242442
0.004186615088032394	5.593495703397902
0.004334255750265021	5.231837066337379
0.004487102949207166	5.211140612335861
0.004645340292979379	5.5387759662556295
0.004809157864628582	6.215780455855444
0.004978752450465866	22.848288367609154
0.005	22.72604228730863
0.00515432777645662	21.78326086480933
0.005336094752946855	20.56536777548211
0.005524271728019903	19.210292170243342
0.005719084749787602	17.739850128527628
0.005920767837931241	16.181840945649917
0.006	15.567856593543226
0.006129563264818366	14.56949083033244
0.006345721846533087	12.940458390161806
0.0065695032441696445	11.3354140920566
0.006801176275750973	9.79626194712728
0.007	8.596383878903335
0.007041019239147109	8.364134617535482
0.00728932024638131	7.077354149073155
0.007546377569725352	5.969597592979237
0.0078125	5.068525867601176
0.008	4.582109172963826
0.00808800721751076	4.395111109870015
0.008373230176064788	3.9638202318693025
0.008668511500530041	3.7836722235281033
0.008974205898414337	3.859981773732157
0.009	3.877916014183377
0.009290680585958758	4.196338999092079
0.009618315729257157	4.796077402533132
0.009957504900931733	17.604365898815917
0.01	17.473234429654664
0.01030865555291324	16.493324550464138
0.010672189505893716	15.292118635285455
0.011	14.184294649946384
0.011048543456039806	14.01935832020069
0.011438169499575197	12.697405277339172
0.011841535675862483	11.35181694172877
0.012	10.835258818812337
0.012259126529636732	10.0105215713381
0.012691443693066181	8.702753801626441
0.013	7.831472650360112
0.013139006488339289	7.45781761974595
0.013602352551501938	6.30378275600349
0.014	5.43200766630905
0.014082038478294218	5.2662551646055205
0.01457864049276262	4.367384418456378
0.015	3.7451392247826703
0.015092755139450714	3.625271182796321
0.015625	3.053907156325167
0.016	2.766805368102955
0.01617601443502152	2.663710152995703
0.016746460352129577	2.462603756359866
0.017	2.4359036416141135
0.017337023001060083	2.457435041892464
0.017948411796828673	2.655334709536344
0.018	2.681074655930428
0.018581361171917516	3.0644250976089644
0.019	3.442909539882998
0.019236631458514314	3.6931188742624914
0.019915009801863465	12.690033104159339
0.02	12.568708371232855
0.02061731110582648	11.6815418713635
0.021	11.129735315065039
0.021344379011787432	10.634643779059669
0.022	9.702694257124524
0.02209708691207961	9.56642985175604
0.022876338999150394	8.495716705423606
0.023	8.330216784067261
0.023683071351724965	7.442432212067509
0.024	7.0473404715463355
0.024518253059273465	6.42688225893507
0.025	5.880736730632026
0.025382887386132362	5.468952479017778
0.026	4.848720358128374
0.026278012976678578	4.587320476054402
0.027	3.9619227561376675
0.027204705103003875	3.7987708742612085
0.028	3.2244583776864055
0.028164076956588437	3.117712425349222
0.029	2.635387597491686
0.02915728098552524	2.555987847539946
0.03	2.190277552344146
0.03018551027890143	2.123037756057558
0.031	1.8826812969892155
0.03125	1.8264259301452284
0.032	1.7053890739989739
0.03235202887004304	1.6726527124291153
0.033	1.6513475415331693
0.03349292070425915	1.6680791402412007
0.034	1.714188126449843
0.034674046002120165	1.8196654429295398
0.035	1.888350239196187
0.03589682359365735	2.1351124595813524
0.036	2.168826210776979
0.037	2.5505908260408208
0.03716272234383503	2.621916024656354
0.038	3.0278080801511447
0.03847326291702863	3.2848533591023497
0.039	3.5929301394181064
0.03983001960372693	8.9549839029081
0.04	8.852994199164316
0.041	8.2570963545968
0.04123462221165296	8.118599703309178
0.042	7.671334201072673
0.042688758023574865	7.2758728956850405
0.043	7.099689820340341
0.044	6.545724621629921
0.04419417382415922	6.440481209542117
0.045	6.012561735427462
0.04575267799830079	5.626620271053969
0.046	5.50287891586376
0.047	5.018911319981978
0.04736614270344993	4.848510551285654
0.048	4.562463305674639
0.049	4.1349282051755125
0.04903650611854693	4.119881662434334
0.05	3.737314890264151
0.050765774772264724	3.4534836281051446
0.051	3.3702798495653092
0.052	3.034163446601944
0.052556025953357156	2.860682763871265
0.053	2.729029017228603
0.054	2.4547034931764813
0.05440941020600775	2.351200948875411
0.055	2.210818300223321
0.056	1.9968493698961685
0.05632815391317687	1.9330481293361537
0.057	1.81215521724553
0.058	1.6560121686695224
0.05831456197105048	1.6126759614155564
0.059	1.5276459677739702
0.06	1.4262591389532198
0.06037102055780286	1.3953436269420447
0.061	1.3510536433933538
0.062	1.3012485167450343
0.0625	1.2856348822628452
0.063	1.276092328614053
0.064	1.2748704487033855
0.06470405774008609	1.2880009995098425
0.065	1.2969072408923208
0.066	1.3415634332085895
0.0669858414085183	1.4071342773445712
0.067	1.4082290273638587
0.068	1.496312215373622
0.069	1.6052248620245124
0.06934809200424033	1.6479139751782994
0.07	1.7343651899119048
0.071	1.883098367774904
0.0717936471873147	2.0146314305315953
0.072	2.0507357521851737
0.073	2.2365135665198017
0.074	2.439571818739271
0.07432544468767006	2.5092235023735197
0.075	2.6589342599699104
0.076	2.893490168495504
0.07694652583405726	3.128361036335291
0.077	3.1419787078939563
0.078	3.402976553375169
0.079	6.155799913001446
0.07966003920745386	6.004067279423626
0.08	5.9264892073331605
0.081	5.700713346602123
0.082	5.478818670866666
0.08246924442330592	5.376126469321689
0.083	5.261128972964515
0.084	5.047945265145564
0.085	4.83954567122955
0.08537751604714973	4.76216876144792
0.086	4.636185439605529
0.087	4.438097071720262
0.088	4.245490560101132
0.08838834764831845	4.172211106102762
0.089	4.058553729428042
0.09	3.877452673709736
0.091	3.70233228223405
0.09150535599660158	3.6161492821876604
0.092	3.533316846648713
0.093	3.370510741288937
0.094	3.2139991686992224
0.09473228540689986	3.1034197145162183
0.095	3.0638489621971323
0.096	2.9201094372945002
0.097	2.78281328382326
0.098	2.6519774907055695
0.09807301223709386	2.642678088227849
0.099	2.527604295457518
0.1	2.4096821507181554
0.101	2.298186700346691
0.10153154954452945	2.2415253312352688
0.102	2.193081757925839
0.103	2.0943202808436663
0.104	2.0018453334954045
0.105	1.915591033545278
0.10511205190671431	1.9063104754731683
0.106	1.8354834756122034
0.107	1.7614416271870745
0.108	1.6933781920489153
0.1088188204120155	1.642033519651026
0.109	1.6312004369179718
0.11	1.5748109775615593
0.111	1.5241085210491838
0.112	1.4789885613333325
0.11265630782635375	1.4523587575236088
0.113	1.4393440258079608
0.114	1.4050658709647383
0.115	1.3760436257248267
0.116	1.3521658814685655
0.11662912394210095	1.339729923462638
0.117	1.3333207282147657
0.118	1.3193961368132883
0.119	1.3102802874074997
0.12	1.3058618447956802
0.12074204111560571	1.305553881978221
0.121	1.3060301816712963
0.122	1.3106755510504076
0.123	1.3196892094996135
0.124	1.3329634930595564
0.125	1.350391848016669
0.125	1.350391848016669
0.126	1.3718688189097266
0.127	1.3972899963677219
0.128	1.4265519275620715
0.129	1.4595519922193292
0.12940811548017217	1.4740704011504684
0.13	1.496188247281019
0.131	1.536359243415349
0.132	1.579963816681948
0.133	1.6269008587261353
0.13397168281703664	1.6756049118655634
0.134	1.6770690689340562
0.135	1.7303666920150278
0.136	1.7866912444932905
0.137	1.8459392335886269
0.138	1.9080058719446846
0.1386961840084806	1.9528235124375337
0.139	1.9727847916258636
0.14	2.040167760748937
0.141	2.1100444060446812
0.142	2.182301944558284
0.143	2.2568249275956194
0.1435872943746294	2.301600340759309
0.144	2.3334949999062675
0.145	2.4121906769637484
0.146	2.492787143059446
0.147	2.5751560727696265
0.148	2.659165478185243
0.14865088937534013	2.714663391848035
0.149	2.7446795841124554
0.15	2.83155873325863
0.151	2.919659323214478
0.152	3.0088337768287357
0.153	3.098930547348133
0.1538930516681145	3.180044596615796
0.154	3.1897941594629415
0.155	3.2812652871582935
0.156	3.3731808690244023
0.157	3.465374261425914
0.158	4.183497811275636
0.159	4.107084999694561
0.15932007841490778	4.082840292974153
0.16	4.03168727938516
0.161	3.9573264220793747
0.162	3.8840229474382117
0.163	3.811796126701385
0.164	3.7406639877721157
0.16493848884661177	3.674917996041054
0.165	3.6706433217029812
0.166	3.6017496905473774
0.167	3.5339974365396647
0.168	3.467399692565962
0.169	3.401968393886268
0.17	3.337714291067687
0.17075503209429946	3.2899862077883015
0.171	3.274646964087419
0.172	3.2127748375634564
0.173	3.152105197070095
0.174	3.092644206494691
0.175	3.034396926391566
0.176	2.977367333288436
0.1767766952966369	2.9339147881534835
0.177	2.9215583399003724
0.178	2.866971816205952
0.179	2.813608611340106
0.18	2.7614685762579354
0.181	2.7105505871237776
0.182	2.6608525693797924
0.183	2.6123715224484374
0.18301071199320315	2.611858768356028
0.184	2.5651035450233324
0.185	2.5190438609032975
0.186	2.474186845324613
0.187	2.430526051746901
0.188	2.3880542390484805
0.189	2.346763399087513
0.18946457081379978	2.3279802272572
0.19	2.306644784585778
0.191	2.2676889372925015
0.192	2.2298857163863235
0.193	2.193224327074119
0.194	2.15769334934614
0.195	2.1232807668476887
0.196	2.089973995828311
0.19614602447418766	2.0852021407793107
0.197	2.0577599141303624
0.198	2.0266248901795954
0.199	1.9965548119413583
0.2	1.9675351158068404
0.201	1.9395508153747778
0.202	1.912586530094929
0.203	1.8866265137406406
0.2030630990890589	1.8850217745801552
0.204	1.8616546826787328
0.205	1.8376546439059906
0.206	1.8146097228224713
0.207	1.7925029907128895
0.208	1.7713172919083175
0.209	1.7510352706014518
0.21	1.7316393972897128
0.21022410381342863	1.7274124600045957
0.211	1.7131119948214286
0.212	1.6954352640213874
0.213	1.678591308873019
0.214	1.662562161235472
0.215	1.6473298050748322
0.216	1.632876200189719
0.217	1.6191833054124538
0.217637640824031	1.6108410601858731
0.218	1.6062331012679696
0.219	1.5940076120735616
0.22	1.5824889274635405
0.221	1.5716592233237539
0.222	1.561500782121876
0.223	1.5519960126202448
0.224	1.5431274689589354
0.225	1.5348778690976166
0.22531261565270758	1.5324231951753533
0.226	1.5272301126056012
0.227	1.5201672977903535
0.228	1.5136727381555437
0.229	1.5077299781805529
0.23	1.5023228084141553
0.231	1.497435279875875
0.232	1.4930517177593041
0.233	1.489156734432435
0.23325824788420185	1.4882283903544338
0.234	1.485735241730809
0.235	1.4827724625400214
0.236	1.4802539416648572
0.237	1.4781655559830538
0.238	1.4764935238823695
0.239	1.4752244139803632
0.24	1.4743451531269542
0.241	1.4738430336905166
0.24148408223121143	1.4737317556982994
0.242	1.473705720128918
0.243	1.4739212548475946
0.244	1.4744780633473682
0.245	1.475364958665381
0.246	1.4765711451131538
0.247	1.4780862213163801
0.248	1.4799001825617204
0.249	1.4820034224564398
0.25	1.4843867339073769
0.25	1.4843867339073769
0.251	1.4870413094263006
0.252	1.4899587407693293
0.253	1.4931310179186705
0.254	1.4965505274155209
0.255	1.500210050053562
0.256	1.5041027579430435
0.257	1.5082222109560268
0.258	1.5125623525639253
0.25881623096034434	1.516264529288189
0.259	1.51711750507905
0.26	1.5218823643123882
0.261	1.526851993660438
0.262	1.5320218176344285
0.263	1.5373876148458143
0.264	1.542945510462446
0.265	1.548691968150354
0.266	1.5546237815166004
0.267	1.5607380650691454
0.2679433656340733	1.5666710128687127
0.268	1.5670322447101908
0.269	1.5735040477799445
0.27	1.5801514926682276
0.271	1.5869728780118255
0.272	1.593966771495933
0.273	1.6011319982784868
0.274	1.6084676290566258
0.275	1.6159729677949217
0.276	1.6236475391354444
0.277	1.6314910755100935
0.2773923680169612	1.6346147608395407
0.278	1.6395035039760295
0.279	1.64768493279536
0.28	1.6560356377806043
0.281	1.6645560484277502
0.282	1.6732467338590407
0.283	1.682108388597873
0.284	1.6911418181984792
0.285	1.7003479247532671
0.286	1.7097276923009022
0.287	1.7192821721584228
0.2871745887492588	1.7209682723532662
0.288	1.729012468200788
0.289	1.7389197221114459
0.29	1.7490050986275432
0.291	1.7592697708035334
0.292	1.7697149053169319
0.293	1.7803416478400125
0.294	1.7911511085012009
0.295	1.8021443474598768
0.296	1.8133223606182194
0.297	1.8246860654935966
0.29730177875068026	1.828151991603683
0.298	1.836236287274872
0.299	1.8479737450858016
0.3	1.8598990384784715
0.301	1.872012634179509
0.302	1.8843148531114475
0.303	1.896805857711376
0.304	1.9094856395685806
0.305	1.922354007402526
0.306	1.9354105754021003
0.307	1.948654751946532
0.307786103336229	1.9591972311433998
0.308	1.9620857287279558
0.309	1.9757024702950032
0.31	1.9895037040362595
0.311	2.003487910621818
0.312	2.0176533149204956
0.313	2.031997877409638
0.314	2.046519286093709
0.315	2.0612149489471157
0.316	2.8312577532873626
0.317	2.8055372784226993
0.318	2.7799870280684877
0.31864015682981556	2.7637206705263533
0.319	2.7546079623007094
0.32	2.729400995520344
0.321	2.704366996879037
0.322	2.679506790716003
0.323	2.654821157005911
0.324	2.630310831817419
0.325	2.6059765077820356
0.326	2.5818188345730255
0.327	2.5578384193940122
0.328	2.5340358274769876
0.329	2.5104115825893922
0.32987697769322355	2.4898408144991295
0.33	2.486966167549969
0.331	2.463700024753045
0.332	2.440613556700961
0.333	2.4177071265442724
0.334	2.394981058629475
0.335	2.3724356390538675
0.336	2.3500711162272707
0.337	2.3278877014402792
0.338	2.3058855694387086
0.339	2.2840648590039505
0.34	2.2624256735388792
0.341	2.2409680816590285
0.3415100641885989	2.230093279275752
0.342	2.2196921177887043
0.343	2.198597782761717
0.344	2.1776850444264375
0.345	2.156953838254832
0.346	2.136404067955208
0.347	2.116035606088329
0.348	2.0958482946865953
0.349	2.0758419458760176
0.35	2.05601634250062
0.351	2.0363712387490454
0.352	2.016906360782993
0.353	1.997621407367257
0.3535533905932738	1.9870265110651841
0.354	1.9785160505010149
0.355	1.9595899360501217
0.356	1.9408426843800923
0.357	1.9222738909895
0.358	1.9038831271435117
0.359	1.8856699405072581
0.36	1.867633855778812
0.361	1.8497743753214324
0.362	1.832090979794881
0.363	1.8145831287854788
0.364	1.7972502614346937
0.365	1.7800917970659613
0.366	1.7631071358095132
0.3660214239864063	1.7627451537954884
0.367	1.7462956592249408
0.368	1.7296567309212634
0.369	1.7131896971742482
0.37	1.6968938875407467
0.371	1.6807686154698156
0.372	1.6648131789103828
0.373	1.6490268609152485
0.374	1.6334089302411732
0.375	1.617958641944868
0.376	1.6026752379746454
0.377	1.5875579477575328
0.378	1.5726059887816597
0.37892914162759955	1.5588609804134272
0.379	1.5578185671736768
0.38	1.5431948782710645
0.381	1.5287341071891012
0.382	1.5144354293823175
0.383	1.5002980112002633
0.384	1.4863210104373954
0.385	1.4725035768769283
0.386	1.4588448528284703
0.387	1.4453439736592903
0.388	1.4320000683190492
0.389	1.4188122598578539
0.39	1.4057796659374722
0.391	1.3929013993355817
0.392	1.3801765684428984
0.3922920489483753	1.3764891148018183
0.393	1.3676042777530606
0.394	1.3551836283451393
0.395	1.342913718358646
0.396	1.3307936434609229
0.397	1.3188224973067988
0.398	1.3069993719904076
0.399	1.2953233584890491
0.4	1.2837935470990147
0.401	1.2724090278632607
0.402	1.261168890990853
0.403	1.250072227268095
0.404	1.2391181284612498
0.405	1.2283056877107932
0.406	1.2176339999171149
0.4061261981781178	1.2162972090549726
0.407	1.2071021621176063
0.408	1.196709273855067
0.409	1.186454437537389
0.41	1.176336758788435
0.411	1.1663553467900962
0.412	1.1565093146154553
0.413	1.1467977795530377
0.414	1.1372198634221022
0.415	1.1277746928789412
0.416	1.1184613997141712
0.417	1.1092791211409836
0.418	1.1002270000743377
0.419	1.091304185401087
0.42	1.082509832241023
0.42044820762685725	1.0786096058222763
0.421	1.0738431021988326
0.422	1.0653031636069716
0.423	1.0568891917594445
0.424	1.0486003691365116
0.425	1.0404358856203202
0.426	1.032394938701482
0.427	1.0244767336766079
0.428	1.0166804838368277
0.429	1.0090054106473132
0.43	1.0014507439178355
0.431	0.9940157219643904
0.432	0.9866995917619207
0.433	0.9795016090881865
0.434	0.972421038658806
0.435	0.9654571542535342
0.435275281648062	0.963560510990008
0.436	0.9586092388338104
0.437	0.9518765846516342
0.438	0.9452584933498267
0.439	0.9387542760537269
0.44	0.9323632534543916
0.441	0.9260847558833577
0.442	0.9199181233790389
0.443	0.9138627057448147
0.444	0.9079178625989007
0.445	0.9020829634160582
0.446	0.8963573875612322
0.447	0.89074052431519
0.448	0.8852317728922485
0.449	0.8798305424501695
0.45	0.8745362520923141
0.45062523130541515	0.871280175100194
0.451	0.8693483308621449
0.452	0.8642662177301619
0.453	0.8592893615733774
0.454	0.8544172211474113
0.455	0.8496492650513168
0.456	0.8449849716852276
0.457	0.8404238292009354
0.458	0.835965335445492
0.459	0.8316089978979512
0.46	0.8273543335993511
0.461	0.8232008690760442
0.462	0.8191481402564929
0.463	0.8151956923816323
0.464	0.8113430799089217
0.465	0.807589866410194
0.466	0.8039356244634214
0.4665164957684037	0.8020868465280939
0.467	0.8003799355385119
0.468	0.7969223898772615
0.469	0.7935625863675709
0.47	0.7903001324120593
0.471	0.7871346437911864
0.472	0.7840657445210145
0.473	0.7810930667057268
0.474	0.7782162503850307
0.475	0.7754349433765721
0.476	0.7727488011134832
0.477	0.7701574864771955
0.478	0.7676606696256417
0.479	0.7652580278169755
0.48	0.7629492452289424
0.481	0.760734012774024
0.482	0.7586120279104911
0.48296816446242286	0.7566461602928599
0.483	0.7565829944494955
0.484	0.7546466223583268
0.485	0.7528026275599718
0.486	0.7510507317291029
0.487	0.749390662084629
0.488	0.7478221511789417
0.489	0.7463449366839878
0.49	0.7449587611742996
0.491	0.743663371907116
0.492	0.7424585205997298
0.493	0.7413439632041852
0.494	0.7403194596794695
0.495	0.7393847737613185
0.496	0.7385396727297798
0.497	0.7377839271746551
0.498	0.7371173107589626
0.499	0.7365395999805426
0.5	0.7360505739319458
0.5	0.7360505739319458
0.501	0.7356500140587275
0.502	0.7353377039162817
0.503	0.7351134289253495
0.504	0.7349769761263213
0.505	0.7349281339324744
0.506	0.7349666918822614
0.507	0.735092440390794
0.508	0.7353051705006305
0.509	0.7356046736320159
0.51	0.7359907413326798
0.511	0.7364631650273339
0.512	0.7370217357669896
0.513	0.7376662439782132
0.514	0.7383964792124567
0.515	0.7392122298955732
0.516	0.740113283077649
0.517	0.7410994241832694
0.5176324619206888	0.741766948281182
0.518	0.7421704367623388
0.519	0.7433261022415778
0.52	0.7445661996768133
0.521	0.7458905055061815
0.522	0.747298793304359
0.523	0.7487908335379406
0.524	0.7503663933220769
0.525	0.7520252361784869
0.526	0.7537671217949575
0.527	0.7555918057864441
0.528	0.7574990394578787
0.529	0.7594885695688033
0.53	0.7615601380999282
0.531	0.7637134820217286
0.532	0.7659483330651836
0.533	0.7682644174947643
0.534	0.770661455883772
0.535	0.7731391628921335
0.5358867312681466	0.7754034689508493
0.536	0.7756972470467507
0.537	0.7783354105245063
0.538	0.7810533489380282
0.539	0.783850751124298
0.54	0.7867272989362202
0.541	0.7896826670372246
0.542	0.7927165226990095
0.543	0.7958285256025169
0.544	0.7990183276422205
0.545	0.8022855727338294
0.546	0.8056298966254823
0.547	0.8090509267125291
0.548	0.8125482818559754
0.549	0.8161215722046821
0.55	0.8197703990213907
0.551	0.8234943545126687
0.552	0.8272930216628399
0.553	0.8311659740719813
0.554	0.8351127757980705
0.5547847360339224	0.8382613987062549
0.555	0.8391329812033416
0.556	0.8432261348049339
0.557	0.8473917711298979
0.558	0.8516294145746328
0.559	0.8559385792688116
0.56	0.860318768943875
0.561	0.8647694768061427
0.562	0.8692901854146123
0.563	0.873880366563506
0.564	0.878539481169617
0.565	0.8832669791645194
0.566	0.8880622993916937
0.567	0.8929248695086184
0.568	0.8978541058938825
0.569	0.9028494135593655
0.57	0.9079101860675333
0.571	0.9130358054538973
0.572	0.9182256421546736
0.573	0.9234790549396948
0.574	0.9287953908506034
0.5743491774985174	0.9306664350863401
0.575	0.934173985144371
0.576	0.9396141612421786
0.577	0.9451152306836873
0.578	0.9506764930867391
0.579	0.9562972361125113
0.58	0.9619767354361517
0.581	0.9677142547229319
0.582	0.9735090456099238
0.583	0.9793603476932371
0.584	0.9852673885208352
0.585	0.9912293835909353
0.586	0.9972455363560265
0.587	1.0033150382325047
0.588	1.0094370686159413
0.589	1.0156107949020035
0.59	1.0218353725130118
0.591	1.0281099449301683
0.592	1.0344336437314334
0.593	1.0408055886350698
0.594	1.0472248875488421
0.5946035575013605	1.0511218399921987
0.595	1.0536906366248753
0.596	1.0602019203201625
0.597	1.0667578114627176
0.598	1.0733573713233595
0.599	1.0799996496931241
0.6	1.086683684966274
0.601	1.0934085042289146
0.602	1.1001731233531713
0.603	1.106976547096929
0.604	1.1138177692090956
0.605	1.1206957725403834
0.606	1.1276095291595536
0.607	1.1345580004751274
0.608	1.1415401373625083
0.609	1.1485548802964918
0.61	1.1556011594891265
0.611	1.1626778950328889
0.612	1.1697839970491335
0.613	1.176918365841772
0.614	1.1840798920561415
0.615	1.1912674568430128
0.6155722066724582	1.195391507151262
0.616	1.1984799320277002
0.617	1.2057161802842022
0.618	1.2129750553143461
0.619	1.2202554020318614
0.62	1.2275560567513366
0.621	1.2348758473819967
0.622	1.2422135936262455
0.623	1.2495681071828997
0.624	1.25693819195507
0.625	1.264322644262592
0.626	1.2717202530589733
0.627	1.2791298001527605
0.628	1.286550060433262
0.629	1.2939798021005615
0.63	1.3014177868997252
0.631	2.1809624645092813
0.632	2.1776237105697436
0.633	2.174301839821086
0.634	2.170996730115189
0.635	2.1677082588503342
0.636	2.164436302986772
0.637	2.1611807390622566
0.6372803136596311	2.1602710845854323
0.638	2.1579414432075192
0.639	2.154718291161741
0.64	2.151511158287943
0.641	2.1483199195883693
0.642	2.1451444497198016
0.643	2.1419846230088435
0.644	2.1388403134671514
0.645	2.1357113948066235
0.646	2.1325977404545307
0.647	2.129499223568607
0.648	2.1264157170520854
0.649	2.123347093568678
0.65	2.120293225557498
0.651	2.1172539852479497
0.652	2.1142292446745214
0.653	2.1112188756915624
0.654	2.108222749987976
0.655	2.1052407391018515
0.656	2.1022727144350495
0.657	2.0993185472677167
0.658	2.0963781087727296
0.659	2.0934512700300885
0.6597539553864471	2.0912534780828205
0.66	2.0905379020412265
0.661	2.087637875743276
0.662	2.0847510620232352
0.663	2.081877331732095
0.664	2.079016555698872
0.665	2.0761686047445913
0.666	2.0733333496961746
0.667	2.0705106614002635
0.668	2.067700410736978
0.669	2.064902468633581
0.67	2.0621167060780747
0.671	2.0593429941327255
0.672	2.0565812039474887
0.673	2.0538312067733795
0.674	2.0510928739757404
0.675	2.0483660770474414
0.676	2.045650687621987
0.677	2.0429465774865476
0.678	2.0402536185948947
0.679	2.037571683080264
0.68	2.0349006432681205
0.681	2.032240371688841
0.682	2.0295907410903067
0.683	2.026951624450401
0.6830201283771977	2.0268986103826383
0.684	2.0243228949894334
0.685	2.021704426182449
0.686	2.0190960917714644
0.687	2.0164977657776
0.688	2.013909322513124
0.689	2.011330636593401
0.69	2.008761582948742
0.691	2.0062020368361666
0.692	2.0036518738510476
0.693	2.0011109699386957
0.694	1.9985792014058013
0.695	1.9960564449318108
0.696	1.9935425775801907
0.697	1.991037476809586
0.698	1.9885410204848892
0.699	1.9860530868881967
0.7	1.9835735547296725
0.701	1.9811023031583004
0.702	1.978639211772538
0.703	1.9761841606308648
0.704	1.9737370302622204
0.705	1.971297701676351
0.706	1.96886605637403
0.707	1.966441976357192
0.7071067811865476	1.9661835723820826
0.708	1.964025344138945
0.709	1.9616160427534826
0.71	1.9592139557658834
0.711	1.9568189672818108
0.712	1.9544309619570837
0.713	1.9520498250071672
0.714	1.949675442216523
0.715	1.9473076999478722
0.716	1.9449464851513298
0.717	1.942591685373446
0.718	1.9402431887661167
0.719	1.9379008840953913
0.72	1.9355646607501764
0.721	1.9332344087508035
0.722	1.9309100187575121
0.723	1.9285913820787899
0.724	1.926278390679625
0.725	1.923970937189627
0.726	1.9216689149110375
0.727	1.9193722178266313
0.728	1.9170807406074932
0.729	1.9147943786206911
0.73	1.9125130279368179
0.731	1.9102365853374337
0.732	1.9079649483223784
0.7320428479728127	1.907867719096465
0.733	1.9056980151169842
0.734	1.9034356846791445
0.735	1.9011778567062974
0.736	1.8989244316422762
0.737	1.8966753106840353
0.738	1.8944303957882778
0.739	1.8921895896779513
0.74	1.8899527958486324
0.741	1.8877199185747913
0.742	1.8854908629159421
0.743	1.8832655347226697
0.744	1.881043840642545
0.745	1.8788256881259162
0.746	1.8766109854315898
0.747	1.8743996416323871
0.748	1.8721915666205844
0.749	1.869986671113234
0.75	1.8677848666573766
0.751	1.86558606563512
0.752	1.8633901812686124
0.753	1.8611971276248895
0.754	1.8590068196206142
0.755	1.8568191730266874
0.756	1.8546341044727481
0.757	1.8524515314515548
0.7578582832551991	1.8505801936254622
0.758	1.8502713723232398
0.759	1.8480935463194703
0.76	1.8459179735474591
0.761	1.843744574993893
0.762	1.8415732725287128
0.763	1.8394039889087983
0.764	1.8372366477815263
0.765	1.835071173688215
0.766	1.832907492067453
0.767	1.830745529258313
0.768	1.828585212503443
0.769	1.8264264699520503
0.77	1.8242692306627637
0.771	1.82211342460639
0.772	1.8199589826685383
0.773	1.817805836652151
0.774	1.8156539192799033
0.775	1.813503164196501
0.776	1.811353505970848
0.777	1.8092048800981217
0.778	1.807057223001724
0.779	1.804910472035113
0.78	1.802764565483534
0.781	1.800619442565636
0.782	1.7984750434349694
0.783	1.796331309181379
0.784	1.7941881818322887
0.7845840978967507	1.7929366436631908
0.785	1.792045604353863
0.786	1.7899035206520715
0.787	1.7877618755736406
0.788	1.7856206149068867
0.789	1.783479685382453
0.79	1.781339034673935
0.791	1.7791986113983815
0.792	1.7770583651167218
0.793	1.7749182463340476
0.794	1.772778206499818
0.795	1.7706381980079406
0.796	1.768498174196755
0.797	1.7663580893489115
0.798	1.764217898691134
0.799	1.7620775583939001
0.8	1.7599370255709927
0.801	1.7577962582789672
0.802	1.7556552155165106
0.803	1.7535138572236924
0.804	1.7513721442811216
0.805	1.7492300385090025
0.806	1.7470875026660877
0.807	1.744944500448522
0.808	1.7428009964886138
0.809	1.7406569563534757
0.81	1.738512346543593
0.811	1.7363671344912774
0.812	1.7342212885590333
0.8122523963562355	1.7336795810152656
0.813	1.7320747780378274
0.814	1.729927573145257
0.815	1.7277796450236282
0.816	1.7256309657379436
0.817	1.723481508273787
0.818	1.7213312465351225
0.819	1.719180155342
0.82	1.7170282104281591
0.821	1.7148753884385743
0.822	1.7127216669268577
0.823	1.7105670243526228
0.824	1.708411440078729
0.825	1.7062548943684546
0.826	1.7040973683825609
0.827	1.7019388441763055
0.828	1.699779304696327
0.829	1.6976187337774773
0.83	1.6954571161395595
0.831	1.6932944373839691
0.832	1.6911306839902764
0.833	1.6889658433127042
0.834	1.6867999035765415
0.835	1.6846328538744566
0.836	1.68246468416276
0.837	1.6802953852575502
0.838	1.678124948830819
0.839	1.6759533674064502
0.84	1.6737806343561523
0.8408964152537145	1.6718319796747196
0.841	1.6716067438953255
0.842	1.6694316910788334
0.843	1.6672554717967105
0.844	1.6650780827698002
0.845	1.6628995215453186
0.846	1.6607197864923287
0.847	1.6585388767971723
0.848	1.6563567924588092
0.849	1.6541735342840966
0.85	1.6519891038829966
0.851	1.6498035036637158
0.852	1.647616736827778
0.853	1.6454288073650347
0.854	1.6432397200486013
0.855	1.641049480429734
0.856	1.6388580948326479
0.857	1.6366655703492599
0.858	1.6344719148338822
0.859	1.6322771368978404
0.86	1.63008124590405
0.861	1.6278842519615122
0.862	1.6256861659197697
0.863	1.6234869993632874
0.864	1.6212867646057971
0.865	1.619085474684562
0.866	1.6168831433546018
0.867	1.6146797850828614
0.868	1.6124754150423233
0.869	1.6102700491060669
0.87	1.6080637038412757
0.8705505632961241	1.6068485593356987
0.871	1.605856396503195
0.872	1.6036481450290438
0.873	1.6014389680318666
0.874	1.5992288847943439
0.875	1.5970179152625654
0.876	1.5948060800397286
0.877	1.5925934003798217
0.878	1.590379898181241
0.879	1.5881655959803778
0.88	1.5859505169451535
0.881	1.5837346848685174
0.882	1.5815181241618959
0.883	1.5793008598486145
0.884	1.5770829175572678
0.885	1.5748643235150546
0.886	1.572645104541078
0.887	1.5704252880396072
0.888	1.568204901993299
0.889	1.5659839749563913
0.89	1.5637625360478558
0.891	1.5615406149445237
0.892	1.5593182418741722
0.893	1.5570954476085836
0.894	1.554872263456573
0.895	1.5526487212569842
0.896	1.5504248533716616
0.897	1.5482006926783802
0.898	1.5459762725637747
0.899	1.5437516269162144
0.9	1.5415267901186636
0.901	1.5393017970415226
0.9012504626108303	1.5387444991356596
0.902	1.5370766830354425
0.903	1.534851483924104
0.904	1.5326262359969955
0.905	1.5304009760021557
0.906	1.5281757411388983
0.907	1.5259505690505175
0.908	1.5237254978169827
0.909	1.5215005659475955
0.91	1.519275812373657
0.911	1.5170512764410975
0.912	1.5148269979030973
0.913	1.5126030169126965
0.914	1.5103793740153906
0.915	1.5081561101417067
0.916	1.5059332665997793
0.917	1.5037108850679022
0.918	1.5014890075870835
0.919	1.4992676765535777
0.92	1.497046934711422
0.921	1.4948268251449557
0.922	1.492607391271335
0.923	1.4903886768330505
0.924	1.48817072589042
0.925	1.485953582814099
0.926	1.483737292277573
0.927	1.4815218992496522
0.928	1.4793074489869598
0.929	1.4770939870264324
0.93	1.4748815591778006
0.931	1.4726702115160846
0.932	1.4704599903740854
0.933	1.4682509423348802
0.9330329915368074	1.4681780829748947
0.934	1.4660431142243144
0.935	1.4638365531035111
0.936	1.4616313062613662
0.937	1.4594274212070653
0.938	1.4572249456625945
0.939	1.4550239275552694
0.94	1.4528244150102578
0.941	1.4506264563431202
0.942	1.44843010005236
0.943	1.446235394811979
0.944	1.4440423894640393
0.945	1.4418511330112465
0.946	1.4396616746095432
0.947	1.4374740635607017
0.948	1.435288349304947
0.949	1.4331045814135885
0.95	1.4309228095816586
0.951	1.428743083620583
0.952	1.4265654534508423
0.953	1.424389969094679
0.954	1.4222166806688037
0.955	1.420045638377125
0.956	1.4178768925034975
0.957	1.4157104934044897
0.958	1.4135464915021727
0.959	1.4113849372769258
0.96	1.4092258812602811
0.961	1.4070693740277596
0.962	1.4049154661917556
0.963	1.4027642083944405
0.964	1.4006156513006793
0.965	1.3984698455909876
0.9659363289248455	1.3964632047991132
0.966	1.3963268419545034
0.967	1.3941866910819807
0.968	1.3920494436588329
0.969	1.3899151503581744
0.97	1.387783861833916
0.971	1.3856556287138604
0.972	1.3835305015928663
0.973	1.3814085310259974
0.974	1.3792897675217408
0.975	1.3771742615352258
0.976	1.375062063461507
0.977	1.3729532236288378
0.978	1.370847792292022
0.979	1.3687458196257616
0.98	1.3666473557180592
0.981	1.3645524505636468
0.982	1.3624611540574612
0.983	1.3603735159881276
0.984	1.3582895860315183
0.985	1.356209413744312
0.986	1.3541330485576097
0.987	1.352060539770586
0.988	1.3499919365441766
0.989	1.3479272878948008
0.99	1.3458666426881276
0.991	1.34381004963288
0.992	1.3417575572746905
0.993	1.3397092139899627
0.994	1.337665067979827
0.995	1.3356251672640815
0.996	1.3335895596752287
0.997	1.3315582928525005
0.998	1.3295314142359766
0.999	1.3275089710607089
1.0	1.3254910103509163
1.0	1.3254910103509163
