# 1 temperature | 2 magnetic susceptibility | 3 entropy | 4 heat capacity | 5 free energy | 6 number of particles | 7 energy | 8 partition function
2.798354738633826e-35	8.817899545143781e-5	0.0004301890205171688	1.0001264259393574	0.012593884621147744	1.9689763572198444	0.013024073641664025	-0.4552751876621244
6.257311420743893e-35	0.0001980371407097059	0.0009717996971323473	1.0003053673056825	0.012304027305234833	1.9689763708519195	0.01327582700236718	-0.44746410960471295
1.3991773693169132e-34	0.0004436874213891717	0.0021828779873835913	1.0007054923647722	0.011655886643078261	1.9689764013341176	0.013838764630462297	-0.4299980080907915
3.1286557103719463e-34	0.0009924686984668085	0.004885371419848461	1.001601138241878	0.010208047695208222	1.9689764638973486	0.015093419115056239	-0.3909062426629504
6.995886846584566e-34	0.0022215683591494395	0.0109481810725498	1.0035878607059632	0.006966295710989279	1.9689767176393502	0.017914476783539524	-0.30328637950031023
1.5643278551859733e-33	0.004951755937218194	0.024345421566200898	1.008037059565648	-0.00023749941524808804	1.96897698500959	0.02410792215095281	-0.10679226629267191
3.497943423292283e-33	0.011058259313909247	0.05420344683687883	1.0170526975506	-0.016331077802338445	1.968979646296134	0.037872369034541276	0.3358234468708332
7.821639275929867e-33	0.023927161508050854	0.1156860767378598	1.0364022584833668	-0.04355363307776505	1.968970813494991	0.07213244366009519	1.0289281907192347
1.7489717116461415e-32	0.05013400196613138	0.2298727979253936	1.0538111691962402	-0.09783229276047001	1.9690135416026635	0.13204050516492405	2.531780752668382
3.910819637964933e-32	0.09203383316075742	0.4022572801546209	1.0860719532569327	-0.1858956476258875	1.9689010372127882	0.21636163252873342	4.721169410039895
8.744858558230706e-32	0.15116367260889407	0.5838359688553103	1.0654117941679844	-0.2908843727558086	1.969103355859545	0.2929515960995026	8.204276222228081
1.9554098189824663e-31	0.21260080602099396	0.7582023553908925	1.0642259651044013	-0.4316663614459686	1.9688695634650344	0.3265359939449235	12.10388027007976
4.372429279115354e-31	0.2708866601633569	0.8620222232076715	1.0328655334333372	-0.5115125401498206	1.9690763392411554	0.35050968305785046	15.320904887373935
9.777049094912333e-31	0.3196798975312325	0.9443412663186876	1.027157953290352	-0.6275681534710786	1.968913551816513	0.316773112847609	19.583956207892218
2.186214639557677e-30	0.36017556259283956	0.9850758030955102	1.0126263287439665	-0.6686785136202591	1.9690288278281969	0.3163972894752516	21.557030258346128
4.888524547456166e-30	0.39397820837428604	1.0204895220565406	1.0116856471189037	-0.7448947752225914	1.968938655110236	0.27559474683394924	25.19044081625362
1.0931073197788384e-29	0.42185729332433064	1.0378797005143339	1.0049625253732053	-0.768555147821985	1.9690043788513947	0.26932455269234934	26.534945367788286
2.4442622737280829e-29	0.4458236933993321	1.0549533843576508	1.0053246730953989	-0.8188749960250883	1.968956730779695	0.23607838833256123	29.41156713893482
5.465536598894191e-29	0.465733415170704	1.0632875290754233	1.0017997914061896	-0.8342157939197419	1.9689956784539504	0.22907173515568147	30.408773879885572
1.2221311368640415e-28	0.48325064365750425	1.072325158303621	1.0023582884647582	-0.8690583436606927	1.9689671298924623	0.20326681464292795	32.66571500966249
2.732768299447096e-28	0.4979107243153732	1.0766503367782105	1.0003233859364373	-0.8797950689078249	1.9689898766157512	0.19685526787038476	33.436836478988354
6.110655684320208e-28	0.5110502290665466	1.0817751098166353	1.0008268804897344	-0.9049950681187626	1.9689720486504712	0.17678004169787265	35.22092252938437
1.366384149723548e-27	0.5221345664905204	1.0841609310424367	0.9995702323627272	-0.9129155686634585	1.968986957972362	0.17124536237897825	35.83302691535369
3.0553278421601038e-27	0.5322253896107274	1.0872310975145236	0.9999734721512543	-0.9318039081769625	1.9689740044145196	0.15542718933756117	37.2607014656067
6.83192074861774e-27	0.5408137996075573	1.0886172623837185	0.9991539112421357	-0.9378780427501345	1.9689846611817643	0.1507392196335844	37.756362965123394
1.527663921080052e-26	0.5487394017066007	1.090548416016638	0.9994663511713578	-0.952461031087513	1.9689764138300063	0.13808738492912553	38.91472408203417
3.4159603743088695e-26	0.5555408381744549	1.0913913132885575	0.9989114589914367	-0.957259341739694	1.9689821924568776	0.13413197154886358	39.32274006105
7.63831960540026e-26	0.5618914924307514	1.0926598862990682	0.9991575854567081	-0.9688004456111283	1.9689751131469393	0.12385944068793986	40.275610418587846
1.707980187154435e-25	0.5673832753625037	1.0931924227754362	0.9987672970324871	-0.9726810925708547	1.9689797316428326	0.12051133020458193	40.61626867445916
3.81915980270013e-25	0.5725632043245785	1.0940548298582566	0.9989569299723795	-0.9820073942210139	1.9689753288358247	0.11204743563724273	41.41035640183332
8.539900935772174e-25	0.5770740978683155	1.0944010010167204	0.9986699258723396	-0.9852063768448431	1.96897904410082	0.10919462417187686	41.698338183565824
1.909579901350065e-24	0.581366187225639	1.0950092477237572	0.998825626576693	-0.9928792185098372	1.9689749742460094	0.10213002921392045	42.36817141658114
4.2699504678860875e-24	0.5851274711547501	1.0952432966471894	0.9986165742910486	-0.9955590704007564	1.9689771778471084	0.09968422624643347	42.61434071486719
9.547899506750324e-24	0.5887336214416052	1.0956799461110691	0.998734800125108	-1.001968521392512	1.9689747086629836	0.09371142471855753	43.185553353068556
2.134975233943044e-23	0.5919115788411072	1.0958375453248985	0.9985662001976029	-1.0042436160213022	1.96897692600362	0.09159392930359678	43.398052460109255
4.773949753375162e-23	0.5949785809995025	1.096160486459782	0.9986616910758574	-1.0096699864908536	1.9689750549736118	0.08649049996892932	43.89008296587757
1.067487616971522e-22	0.5976949737288005	1.096271120706933	0.9985307779624676	-1.0116245880023746	1.9689768758018147	0.08464653270455802	44.07517909208031
2.386974876687581e-22	0.6003318050782875	1.0965149078163599	0.9986082043797321	-1.0162726165991458	1.9689751835835239	0.08024229121721405	44.50285884689352
5.3374380848576095e-22	0.6026776340202774	1.096594190713894	0.9985045516463464	-1.0179688144687882	1.968976129601856	0.0786253762451059	44.665359708123425
1.1934874383437905e-21	0.6049665009352555	1.0967831974778388	0.9985712043532589	-1.0219906628943174	1.9689741994421865	0.07479253458352142	45.04010531239507
2.6687190424288044e-21	0.6070111600697914	1.0968417923339002	0.9984912721728252	-1.0234758089112974	1.9689750211122998	0.07336598342260281	45.18379803044027
5.967437191718953e-21	0.6090149170864736	1.096989620893937	0.9985470739050671	-1.0269873282515842	1.968973826886966	0.07000229264235225	45.5145756088711
1.3343595212144022e-20	0.6108112693477481	1.0970339338975874	0.9984848561179038	-1.028298077982603	1.9689741214970553	0.06873585591498488	45.642475976026866
2.9837185958594764e-20	0.6125789486848555	1.0971503401330782	0.998529087682762	-1.0313887809713593	1.9689733372647424	0.06576155916171889	45.936405660955785
6.671797606072011e-20	0.6141688544174538	1.097181294131265	0.9984721817252397	-1.0325535349928923	1.9689739485632032	0.06462775913837282	46.05092003257147
1.4918592979297383e-19	0.6157389696259791	1.0972750546940455	0.998509642046125	-1.035293957298622	1.9689733168557382	0.06198109739542357	46.313732818305326
3.335898803036006e-19	0.6171551742033924	1.0972988583480952	0.9984629188959935	-1.0363354577905577	1.9689739378261208	0.06096340055753657	46.416796881291
7.459296489648691e-19	0.6185583569387869	1.0973758032218486	0.9984955615376879	-1.0387801961818068	1.9689732211171531	0.05859560704004174	46.65300771482791
1.667949401518003e-18	0.6198275722889088	1.0973927028230195	0.9984539362587278	-1.0397166150079853	1.9689740562948685	0.05767608781503375	46.74621482388211
3.729648244824346e-18	0.6210888091497186	1.097455136254097	0.9984805064622424	-1.0419103611419418	1.9689738126463112	0.055544775112155165	46.959588528552075
8.339747007590013e-18	0.6222323598844088	1.0974678012425523	0.9984448346598515	-1.0427568273146717	1.9689745575876145	0.054710973927881046	47.044275713822984
1.8648241224121727e-17	0.62337173820141	1.097519857130524	0.9984682508701014	-1.0447360188531825	1.9689743301641727	0.05278383827734068	47.23793179658716
4.169873503795007e-17	0.6244071025636253	1.0975298791117174	0.998438754470357	-1.045504812182621	1.968974891459851	0.05202506692909603	47.31519906710416
9.324120612060864e-17	0.6254412192258894	1.0975737123322178	0.9984595964074037	-1.047299026713727	1.9689746372988566	0.0502746856184908	47.491702651059796
2.0849367518975037e-16	0.6263828712919937	1.0975817981805438	0.9984352798076569	-1.0480002572320077	1.968974962437187	0.04958154094853473	47.562468545168954
4.662060306030431e-16	0.6273254643531408	1.0976180712415813	0.9984515277825848	-1.049633812897648	1.9689749319728094	0.04798425834393294	47.72395866075233
1.0424683759487516e-15	0.628185415471331	1.0976225775331612	0.9984260855887497	-1.0502756642132534	1.9689755767241195	0.04734691331990826	47.78898531225611
2.331030153015216e-15	0.6290478929791399	1.097654200843449	0.9984423207365515	-1.051769103573375	1.9689754772507655	0.04588509727007439	47.93727759020644
5.2123418797437585e-15	0.6298360738421463	1.09765922610634	0.9984244442353146	-1.0523591126078458	1.9689758474859929	0.045300113498495165	47.9972453457764
1.165515076507608e-14	0.6306282068526347	1.0976880563720073	0.998443241712389	-1.053729655690839	1.9689755166548935	0.04395840068116863	48.133879393947595
2.6061709398718795e-14	0.6313533506551687	1.0976956889648788	0.9984375243926722	-1.0542740424200665	1.9689752827520977	0.04342164654481184	48.18935940145444
5.827575382538039e-14	0.6320832172624041	1.0977184061806913	0.9984484814946513	-1.0555356228359662	1.9689753032591142	0.042182783344723696	48.31561368914391
1.30308546993594e-13	0.6327523257115076	1.0977198884989967	0.9984307735442963	-1.0560385052564412	1.968975735362136	0.04168138324255599	48.36703967687729
2.91378769126902e-13	0.6334268946558128	1.097740231784286	0.9984421730262553	-1.05720381056146	1.9689757294748915	0.04053642122282497	48.484056699460844
6.515427349679699e-13	0.6340461217564529	1.0977425832967747	0.9984301355842911	-1.057670377664936	1.968976029936755	0.040072205631839886	48.53188474297911
1.45689384563451e-12	0.6346714712361183	1.0977600739265094	0.9984396894579421	-1.0587498100557076	1.9689759988140878	0.03901026387080275	48.64062479934047
3.2577136748398492e-12	0.6352463349813151	1.097761332019406	0.9984275770302163	-1.0591836039007685	1.9689761793154332	0.03857772811863747	48.68520409912549
7.28446922817255e-12	0.6358275149585801	1.0977765913364816	0.9984359831685793	-1.060186229319854	1.9689762296125082	0.03759036201662802	48.78650488319893
1.6288568374199248e-11	0.6363623712015769	1.0977773312688806	0.9984247506207827	-1.0605905995862024	1.9689765184425596	0.037186731682677276	48.828154651233625
3.642234614086275e-11	0.6369038974284729	1.0977906956461165	0.9984320251110551	-1.0615242947963308	1.9689766431932867	0.036266400849785274	48.922749144994285
8.144284187099624e-11	0.6374028288671718	1.0977909248662359	0.9984213124726222	-1.061902132710249	1.9689770471886874	0.03588879215598695	48.96174677092226
1.8211173070431372e-10	0.6379085852396622	1.0978026499065985	0.9984275962231095	-1.0627736958397729	1.9689771529339524	0.03502895406682649	49.050271779453325
4.072142093549812e-10	0.6383750584493177	1.097802439136517	0.9984173459421636	-1.063127493335755	1.9689774748236744	0.034674945800762025	49.08685915066255
9.105586535215687e-10	0.6388484390869336	1.0978128943364158	0.9984232311448863	-1.0639428672975284	1.9689776334921945	0.033870027038886974	49.169873954526125
2.036071046774906e-9	0.6392854836865394	1.0978126854455592	0.9984143699919346	-1.0642748427775874	1.968978018725096	0.03353784266797266	49.204266332892644
4.5527932676078435e-9	0.6397294749188536	1.0978219924398722	0.998419686379571	-1.0650392499388142	1.9689781850959776	0.03278274250105806	49.28226527146765
1.0180355233874528e-8	0.6401397716771337	1.0978216411778448	0.9984115867610848	-1.0653513450358592	1.9689785538652202	0.032470296141985155	49.314652421823745
2.2763966338039216e-8	0.6405570068614884	1.0978299417244735	0.9984163914514768	-1.0660693760134352	1.9689787108938361	0.03176056571103869	49.38807217984648
5.090177616937265e-8	0.640942924869948	1.0978292983613906	0.9984086473803938	-1.0663632714601783	1.9689789122502006	0.03146602690121281	49.418619126707995
1.1381983169019608e-7	0.641335742862056	1.0978364101575302	0.9984123746041632	-1.0670389350788545	1.9689788007536961	0.03079747507867614	49.487841144519024
2.5450888084686326e-7	0.6416993742542838	1.097836019920643	0.9984056016803734	-1.0673163209844354	1.9689791817799431	0.030519698936208872	49.51671231691194
5.690991584509805e-7	0.6420698504816345	1.097843072604742	0.9984097309127434	-1.067953520487996	1.9689793629864525	0.029889552116745044	49.5821104266963
1.2725444042343162e-6	0.6424133070844829	1.0978438680284004	0.9984047797688875	-1.0682160719456664	1.9689785411781884	0.02962779608273447	49.60946693390958
2.8454957922549024e-6	0.6427637810806787	1.097852848983524	0.9984111734432871	-1.0688187031532443	1.9689762756759137	0.029034145830279634	49.67140883984543
6.36272202117158e-6	0.6430884559831583	1.0978556555117995	0.9984064812219854	-1.0690684421503476	1.968976648221016	0.028787213361451514	49.69742743923971
1.422747896127451e-5	0.6434200664803004	1.0978688191203752	0.998412287522003	-1.0696412375842197	1.9689768913114776	0.028227581536154567	49.75631885940758
3.1813610105857906e-5	0.6437284529236935	1.0978853376389672	0.9984124120851087	-1.0698849280026455	1.9689772630977629	0.028000409636320445	49.78154983442568
7.113739480637255e-5	0.6440448334913976	1.0979288767416122	0.9984280820848082	-1.0704431313371772	1.9689772899857267	0.027485745404434603	49.83862714338193
0.00015906805052928952	0.6443419685194663	1.0980141317611567	0.9984507789260074	-1.070709273734261	1.9689769349798247	0.02730485802689442	49.86529342418955
0.0003556869740318628	0.6446525340841329	1.0982108778179125	0.9985146941257138	-1.0713167636978373	1.9689758715950774	0.02689411412007514	49.92553549195748
0.0007953402526464477	0.644955902277624	1.0986413127216759	0.9986501969221695	-1.0717439979189818	1.968969700051094	0.02689731480269497	49.96438662712108
0.001778434870159314	0.6452869864555321	1.0996291700907355	0.9989780178891184	-1.0727151763968497	1.9689368617721748	0.02691399369388625	50.05205701413966
0.003976701263232238	0.6455978957903586	1.1019565903961528	0.9999671909658786	-1.0740279751933905	1.9687671706712777	0.027928615202762685	50.159741150408536
0.00889217435079657	0.6452004026616573	1.1149653107986115	1.0105269028394934	-1.0785411614906706	1.9666313527816612	0.03642414930794047	50.48004840999809
0.019883506316161193	0.6368628440516108	1.1970763774806077	1.0573912842872608	-1.105240465255668	1.944898994113963	0.09183591222494059	53.07022665224936
0.04446087175398285	0.603204859975435	1.4251358359814414	1.1103171993557985	-1.208070652032272	1.860819889647379	0.21706518394916996	61.64443339358519
0.09941753158080596	0.5430355881605088	1.7048483637350405	1.0845351970683061	-1.406873290781924	1.7120522121088797	0.29797507295311476	80.19752081538736
0.22230435876991422	0.48761998727213085	1.8718430964970363	1.031298567386334	-1.6199695055111984	1.574715430594396	0.25187359098583784	108.03887660661002
0.49708765790402976	0.3637069366717197	2.2452546708372747	0.8788862305416818	-2.0964671273937476	1.2676210513169721	0.14878754344352663	170.29404074154132
