0.55	3.63333752583721
0.1739252713092609	2.7531201264360745
0.05500000000000001	2.3341222832213178
0.017392527130926087	1.805104177503855
0.005500000000000001	2.0043323771243644
0.0017392527130926088	1.7187997354317794
0.00055	1.9950616550800293
0.00017392527130926088	1.6261364018075426
5.500000000000001e-5	1.9835575387285762
1.739252713092609e-5	1.4680005790862725
5.500000000000001e-6	1.9325739071577477
1.7392527130926088e-6	1.1925758623301428
5.5e-7	1.680169242760235
1.7392527130926088e-7	0.8881361048755049
5.5e-8	1.3450256817989967
1.7392527130926088e-8	0.7963571897534516
5.5000000000000004e-9	1.2811578431000559
1.739252713092609e-9	0.7859267841599573
5.500000000000001e-10	1.2749352517983912
1.739252713092609e-10	0.784874987553731
5.5000000000000004e-11	1.2743184869878703
1.7392527130926088e-11	0.7847697285616133
5.5e-12	1.2742568769134925
1.7392527130926087e-12	0.7847592055151091
5.500000000000001e-13	1.274250717332692
1.7392527130926086e-13	0.7847581536056468
5.5000000000000005e-14	1.2742501014650256
1.7392527130926088e-14	0.7847580484553094
5.5e-15	1.2742500398867447
