0.55	0.13518274375889783
0.1739252713092609	0.15492308194374815
0.05500000000000001	0.19914323925386684
0.017392527130926087	0.22391506147383394
0.005500000000000001	0.2208084349450697
0.0017392527130926088	0.2189867503789008
0.00055	0.21141053803321908
0.00017392527130926088	0.20782277381929182
5.500000000000001e-5	0.19477368199423162
1.739252713092609e-5	0.18664637407988283
5.500000000000001e-6	0.15955539099526617
1.7392527130926088e-6	0.14180419788189785
5.5e-7	0.07748756549024827
1.7392527130926088e-7	0.07045009507625033
5.5e-8	-0.015171496547318697
1.7392527130926088e-8	0.04130364980377926
5.5000000000000004e-9	-0.03506587700750541
1.739252713092609e-9	0.037701593813019796
5.500000000000001e-10	-0.0370751392180253
1.739252713092609e-10	0.0373351156116134
5.5000000000000004e-11	-0.03727494647124524
1.7392527130926088e-11	0.03729842529475669
5.5e-12	-0.03729490254623585
1.7392527130926087e-12	0.03729475955763806
5.500000000000001e-13	-0.03729689665997726
1.7392527130926086e-13	0.03729439338996232
5.5000000000000005e-14	-0.037297095931883406
1.7392527130926088e-14	0.0372943568145126
5.5e-15	-0.037297115845249085
