1.739252713092609	3.8793857405262355
0.55	2.8734913596020677
0.1739252713092609	2.699870082662447
0.05500000000000001	2.1032837446130657
0.017392527130926087	2.0112640653982967
0.005500000000000001	1.8858463059060753
0.0017392527130926088	2.0006189581436233
0.00055	1.868436873181752
0.00017392527130926088	1.9997884743100651
5.500000000000001e-5	1.8498767725056087
1.739252713092609e-5	1.9995263096280607
5.500000000000001e-6	1.8258923013849733
1.7392527130926088e-6	1.999147560044115
5.5e-7	1.7923307583622818
1.7392527130926088e-7	1.9982724432172314
5.5e-8	1.745364522655329
1.7392527130926088e-8	1.9962834316541656
5.5000000000000004e-9	1.6733118962646794
1.739252713092609e-9	1.9903074315768057
5.500000000000001e-10	1.5517097527859696
1.739252713092609e-10	1.966258440181077
5.5000000000000004e-11	1.336813547132719
1.7392527130926088e-11	1.8381914546497868
5.5e-12	1.010162935460192
1.7392527130926087e-12	1.4604486371795073
5.500000000000001e-13	0.8178220646037895
1.7392527130926086e-13	1.2945727639208129
5.5000000000000005e-14	0.7881539824096847
1.7392527130926088e-14	1.2762447510125978
