1.739252713092609	1.3556768268047898
0.55	1.0555277920365054
0.1739252713092609	0.9932036543201708
0.05500000000000001	0.7434998113533946
0.017392527130926087	0.6987634126614921
0.005500000000000001	0.6343766887941436
0.0017392527130926088	0.6934566117529868
0.00055	0.6251021846157943
0.00017392527130926088	0.6930414121216941
5.500000000000001e-5	0.6151190274152976
1.739252713092609e-5	0.6929103073217253
5.500000000000001e-6	0.6020687998117595
1.7392527130926088e-6	0.6927208697244502
5.5e-7	0.5835168724998252
1.7392527130926088e-7	0.6922830288970414
5.5e-8	0.5569634293432495
1.7392527130926088e-8	0.6912871676349877
5.5000000000000004e-9	0.514804833956263
1.739252713092609e-9	0.6882891150338737
5.500000000000001e-10	0.43935738931405544
1.739252713092609e-10	0.6761324679080682
5.5000000000000004e-11	0.2902888322488346
1.7392527130926088e-11	0.6087821831712943
5.5e-12	0.010111640079949247
1.7392527130926087e-12	0.37874367425704003
5.500000000000001e-13	-0.2011104909756125
1.7392527130926086e-13	0.25818072868829445
5.5000000000000005e-14	-0.23806179906479263
1.7392527130926088e-14	0.24392197766759338
