0.55	0.5381562568424496	2.2018200396590957	50.03036788254904	0.22761335284933412	3.9126301787121163
0.1739252713092609	0.48499814033343686	1.2339468795634931	64.80687258289146	0.17193356896718442	4.171411656112391
0.05500000000000001	0.6105451341771986	2.3552136082967756	31.93412466441995	0.3131487776132952	3.463675176724631
0.017392527130926087	0.5652129188920402	1.1014952667260869	42.6010872148587	0.21350138114492168	3.751879774425214
0.005500000000000001	0.6400532948172993	2.1204410167973933	27.511301627988633	0.777969465122533	3.314596888538683
0.0017392527130926088	0.5656469249899289	1.0906103763650745	41.96533468067168	0.45605338171787285	3.736843912736438
0.00055	0.6384553151200677	2.1201617516343165	27.473402778640327	0.43678755146057224	3.3132183649743947
0.00017392527130926088	0.5639447538548175	1.0976653120333357	41.60734608079141	0.5769195373023851	3.72827674015787
5.500000000000001e-5	0.6364762280830191	2.119707790110502	27.46810975171737	0.9977370687606232	3.313025686371438
1.739252713092609e-5	0.5618571535140268	1.1081149611944494	41.179670760928275	1.993601685754411	3.717944706446951
5.500000000000001e-6	0.6338880768155525	2.1190008881130415	27.46483898454605	0.9466752038571213	3.312906604208531
1.7392527130926088e-6	0.5590814034278824	1.1222077189706252	40.618280603021255	0.5749467060246003	3.7042182264287082
5.5e-7	0.6303486544191772	2.117881690948428	27.45904075981893	0.8740329538379868	3.312695467457972
1.7392527130926088e-7	0.5548480512946244	1.1398530870935322	39.82753499646089	2.561151684416192	3.684558507165447
5.5e-8	0.6252112609897429	2.1159746785650384	27.445370134007423	1.254262113554853	3.312197488302146
1.7392527130926088e-8	0.5490836388899657	1.1690260232680518	38.70805278902899	0.7751742178879598	3.6560476607934453
5.5000000000000004e-9	0.6172511791244565	2.112387643788019	27.413044243266498	1.3862137567516468	3.311018967382453
1.739252713092609e-9	0.539754581798695	1.215343215928967	36.96817847832873	1.0284015071805208	3.6100575014704184
5.500000000000001e-10	0.6034910264879794	2.10466841051112	27.31183689292574	1.6476878378258837	3.3073201940411994
1.739252713092609e-10	0.5224577860097681	1.2917106665118865	33.99272604773134	1.291905934347063	3.526146561955176
5.5000000000000004e-11	0.5757945051351053	2.084900806856385	26.881937709066865	1.8228316354998015	3.291454600447658
1.7392527130926088e-11	0.48681829801802246	1.433667143714028	28.72201750870373	4.712356781107769	3.3576639892303213
5.5e-12	0.5107530200410563	2.0219565460076483	24.58514562261993	2.93586144667234	3.202142424076783
1.7392527130926087e-12	0.41832271241231345	1.574341880894014	21.407573143078405	7.300710980598942	3.0637447446157906
5.500000000000001e-13	0.406205777872919	1.7809344700835794	19.34570348823085	2.5328812173353605	2.962470352868933
1.7392527130926086e-13	0.37313024193206956	1.5725446284853732	18.009897105701825	3.397969985779416	2.8909214459956325
5.5000000000000005e-14	0.3697636035154937	1.6026403512955927	17.69209423556065	10.552925203117677	2.8731178864423046
1.7392527130926088e-14	0.3661367291211854	1.5745665699265294	17.55472045976871	10.555651080162477	2.865322885811967
5.5e-15	0.36576899592353873	1.5778891291670838	17.521757405535002	3.652623587546278	2.8634433890127835
