# 1 temperature | 2 magnetic susceptibility | 3 entropy | 4 heat capacity | 5 free energy | 6 number of particles | 7 energy | 8 partition function
1.2801265602956365e-15	-0.00013089845414770984	-0.0023052134629217846	0.9961488076529448	-0.22844135219392658	1.0150814320295751	-0.23074656565684792	7.633218503038961
1.8103723431241087e-15	-0.0006991221943353221	-0.0019090241169612554	0.9982715000170133	0.44607347881134274	1.015542721366046	0.44416445469438104	-17.61189602146228
2.560253120591273e-15	-0.00013089752698380863	-0.0023052105765604125	0.9961488078688334	-0.22844138161149008	1.015081493443546	-0.23074659218805005	7.63321960255378
3.6207446862482175e-15	-0.0006991208582114439	-0.0019090199005002972	0.9982715005767991	0.44607348980313466	1.0155427828328243	0.44416446990263436	-17.61189636581964
5.120506241182546e-15	-0.00013089567484270148	-0.0023052047911340523	0.9961488083650035	-0.22844141265888274	1.015081554856863	-0.23074661745001723	7.63322076298542
7.241489372496435e-15	-0.0006991182120796857	-0.0019090115804392127	0.9982715015318753	0.44607349848779565	1.0155428443030985	0.444164486907356	-17.611896637898454
1.0241012482365092e-14	-0.00013089197271431985	-0.002305193207408074	0.9961488094217775	-0.2284414469658107	1.0150816162680485	-0.23074664017321878	7.6332220452461215
1.448297874499287e-14	-0.0006991129458666645	-0.0019089950529522781	0.9982715032775638	0.4460735025579665	1.0155429057807623	0.4441645075050138	-17.61189676541174
2.0482024964730183e-14	-0.00013088457054655223	-0.0023051700267924247	0.9961488115997131	-0.22844148779200157	1.0150816776752265	-0.23074665781879355	7.633223571172035
2.896595748998574e-14	-0.0006991024394329415	-0.0019089621103365317	0.9982715066044399	0.4460734973990115	1.0155429672734044	0.44416453528867494	-17.611896603789113
4.0964049929460367e-14	-0.0001308697682367299	-0.002305123652105223	0.9961488160200439	-0.2284415416568839	1.0150817390742475	-0.23074666530898957	7.6332255844339905
5.793191497997148e-14	-0.0006990814524505673	-0.0019088963369426892	0.998271513093804	0.446073473781472	1.0155430287958325	0.4441645774445293	-17.61189586388404
8.192809985892073e-14	-0.00013084016545250599	-0.002305030888412496	0.9961488249252366	-0.22844162159955506	1.015081800457267	-0.230746652487968	7.633228572383441
1.1586382995994296e-13	-0.0006990395041110986	-0.001908764900790061	0.998271525908212	0.4460734132461588	1.0155430903778893	0.4441646483453692	-17.611893967395602
1.6385619971784147e-13	-0.00013078096139396145	-0.0023048453451330886	0.9961488428002898	-0.22844175369868047	1.0150818618074027	-0.23074659904381312	7.633233509740755
2.317276599198859e-13	-0.0006989556326164603	-0.0019085021369686928	0.9982715513728986	0.44607327887405823	1.015543152078422	0.4441647767370891	-17.611889757701952
3.2771239943568293e-13	-0.00013066255415883354	-0.002304474239629428	0.9961488786153433	-0.22844199011226918	1.0150819230924242	-0.23074646435189905	7.633242345973002
4.634553198397718e-13	-0.0006987879139033204	-0.0019079767134178027	0.9982716021385863	0.44607299682591695	1.0155432140168728	0.4441650201124987	-17.61188092151825
6.554247988713659e-13	-0.00013042573927135592	-0.0023037320033836295	0.9961489503109866	-0.22844243515801788	1.0150819842468763	-0.23074616716140195	7.6332589800802175
9.269106396795437e-13	-0.000698452498885338	-0.0019069259614870049	0.9982717035070275	0.44607241942070486	1.015543276430293	0.44416549345921785	-17.611862832191942
1.3108495977427317e-12	-0.00012995210646638	-0.0023022474932314907	0.9961490937687032	-0.22844329747478653	1.0150820451403462	-0.23074554496801802	7.633291210202195
1.8538212793590873e-12	-0.0006977816876230225	-0.0019048245354023052	0.9982719060821043	0.44607125129152037	1.0155433397937372	0.4441664267561176	-17.61182623624888
2.6216991954854635e-12	-0.00012900483279110198	-0.002299278411189931	0.9961493807518228	-0.22844499434667354	1.015082105511496	-0.23074427275786435	7.633354632902602
3.707642558718175e-12	-0.0006964400767961454	-0.0019006217272101722	0.998272311071876	0.44606890169499236	1.015543405057386	0.44416827996778174	-17.611752626367103
5.243398390970927e-12	-0.00012711026765899192	-0.002293340139237543	0.9961499547859898	-0.22844836035453353	1.0150821648383612	-0.23074170049377107	7.63348044195784
7.41528511743635e-12	-0.0006937568533409433	-0.0018922160908791952	0.9982731208894877	0.4460641891255652	1.0155434741207756	0.4441719730346856	-17.611604987018055
1.0486796781941854e-11	-0.00012332110174595456	-0.002281463404306905	0.9961511029131201	-0.22845506468430088	1.0150822220764297	-0.23073652808860778	7.633731026530548
1.48305702348727e-11	-0.0006883903806393921	-0.001875404686497717	0.9982747403426349	0.44605475053706245	1.0155435507820414	0.4441793458505643	-17.611309284865303
2.0973593563883708e-11	-0.00011574270516345742	-0.0022577096139997366	0.9961533991699577	-0.2284684457506425	1.0150822751378854	-0.2307261553646418	7.634231169360792
2.96611404697454e-11	-0.000677657373605367	-0.0018417815872036059	0.9982779789579199	0.4460358597770169	1.0155436426331619	0.4441940781898137	-17.61071744663235
4.1947187127767415e-11	-0.00010058581596328331	-0.002210201603323192	0.9961579914212517	-0.22849518044634642	1.015082319850876	-0.23070538204966962	7.635230449555191
5.93222809394908e-11	-0.0006561912765494782	-0.0017745350491615852	0.9982844554003854	0.44599806446152	1.015543764840956	0.44422352941235754	-17.609533304401886
8.389437425553483e-11	-7.027199093534442e-5	-0.002115185550396248	0.9961671745169589	-0.22854862258959807	1.0150823478930846	-0.23066380813999432	7.637228071551871
1.186445618789816e-10	-0.000613259168510627	-0.001640042687240495	0.9982974053539159	0.4459224598494491	1.0155439476916968	0.4442824171622086	-17.60716444759719
1.6778874851106966e-10	-9.644851112655672e-6	-0.0019251567998637142	0.9961855345524255	-0.22865547946556308	1.0150823427857034	-0.2305806362654268	7.641222611111591
2.372891237579632e-10	-0.000527396169189398	-0.0013710657514813818	0.9983232933061974	0.4457712373454217	1.0155442518374684	0.4444001715939403	-17.602425780498574
3.355774970221393e-10	0.00011160629799600308	-0.0015451203337883967	0.9962222292028281	-0.22886916309425853	1.0150822734297265	-0.23041428342804648	7.649211844504968
4.745782475159264e-10	-0.00035567627304478044	-0.0008331542122927971	0.9983750205237263	0.44546878513696875	1.0155448043712596	0.44463563092467595	-17.592946070535778
6.711549940442786e-10	0.0003540723129344947	-0.0007853134983664134	0.9962953553881931	-0.22929646083347022	1.015082093254179	-0.2300817743318362	7.665192833164728
9.491564950318527e-10	-1.2566799230118164e-5	0.00023927647477073322	0.99847514500481	0.4448643843956681	1.0155457713050993	0.44510366087043884	-17.57399384552421
1.3423099880885573e-9	0.0008409702882350434	0.0007114541839463584	0.9964182588839716	-0.23014688445299392	1.0151046242005748	-0.22943543026904756	7.697019109219763
1.8983129900637054e-9	0.0006817193467352212	0.0024317870302050792	0.9987373493951175	0.4436495467898842	1.0155610567806832	0.44608133382008885	-17.53586545217
2.6846199761771146e-9	0.0018106590587829707	0.0037506083275111735	0.9967101204606882	-0.23185599304640947	1.0151043587379434	-0.2281053847188983	7.7610627487863795
3.796625980127411e-9	0.0020522834947216406	0.006699145702267373	0.99911612644998	0.4412352602726015	1.0155428616274378	0.4479344059748689	-17.45995401382983
5.369239952354229e-9	0.0038552908059463764	0.009981110052669884	0.9975236671570388	-0.23528938512522224	1.0150673632511484	-0.2253082750725519	7.8900499406421964
7.593251960254822e-9	0.004785615240959329	0.01522140844206099	0.9998517840039691	0.4364086621669845	1.0155058064296725	0.4516300706090459	-17.30764268626048
1.0738479904708458e-8	0.007886302788872923	0.022309833713650917	0.9989814718503258	-0.24213931653281007	1.0151106319168832	-0.2198294828191587	8.148718140525425
1.5186503920509643e-8	0.010273033306984036	0.03236239598123625	1.0014516142306806	0.42674585833955536	1.0155475656555524	0.4591082543207916	-17.000498832153436
2.1476959809416917e-8	0.01571661153476067	0.04650716374913877	1.0014024755941409	-0.25576858863715746	1.01502711466064	-0.2092614248880187	8.668688987557196
3.037300784101929e-8	0.021315221971531573	0.06652492211680183	1.0046215012276438	0.4074552504331872	1.0155501956043764	0.47398017254998903	-16.3783750864048
4.2953919618833833e-8	0.031254909044159174	0.09447241130907891	1.0056326196311551	-0.2829587785782306	1.015082449898074	-0.18848636726915124	9.72743655154326
6.074601568203857e-8	0.0430746208014976	0.13372572157758178	1.0099567588843497	0.36910113150130996	1.0155223927076094	0.5028268530788922	-15.105223390403651
8.590783923766767e-8	0.06158531668478595	0.18740062336554875	1.011734726777057	-0.3366941498425442	1.0152763920350907	-0.1492935264769959	11.90641065892256
1.2149203136407715e-7	0.08482742842786051	0.2584802774443853	1.0147698010097126	0.29463561496400903	1.0156579516377775	0.5531158924083948	-12.489477578336775
1.7181567847533533e-7	0.1175119116262946	0.34775383522813463	1.0124394166074064	-0.4374252695454559	1.0152888003563731	-0.08967143431732127	16.320374738168553
2.429840627281543e-7	0.15617085417538412	0.44946263981962975	1.0066647918468548	0.16370676908817972	1.015071112229137	0.6131694089078095	-7.390462353991516
3.4363135695067067e-7	0.20155494270285312	0.5538451929511528	0.9919568463156431	-0.5976961889283174	1.0153582159719434	-0.04385099597716513	24.327504233385124
4.859681254563086e-7	0.24886924040243552	0.6500955653235847	0.9752772695812485	-0.019921049079095532	1.0150102463379795	0.6301745162444896	0.9847223101599525
6.872627139013413e-7	0.29484577418512825	0.7323621949674815	0.9560589772410805	-0.7938131489389502	1.0152306610001034	-0.061450953971468714	36.04289993224205
9.719362509126172e-7	0.33748053688712765	0.7964923103742763	0.9404827140520373	-0.21711381461939183	1.0152277057249748	0.5793784957548844	11.867366952948963
1.3745254278026827e-6	0.3736093248749188	0.8441167107569552	0.9248861631946815	-0.9757478062506357	1.0154373835700525	-0.13163109549368057	49.16952630341993
1.9438725018252344e-6	0.4066024929259653	0.8795543125616607	0.9155589444714076	-0.3894921100500719	1.0150655879781993	0.49006220251158794	23.30698468549869
2.7490508556053653e-6	0.4319570107419701	0.9053267115302344	0.9065006951779815	-1.0318238400608322	1.0152175661048233	-0.12649712853059825	53.7210442061217
3.887745003650469e-6	0.45724866404216713	0.9256326947965006	0.903066053192769	-0.5249652282618422	1.0146552239018831	0.4006674665346579	33.78853629642734
5.498101711210731e-6	0.47324168752476337	0.9364744248683872	0.8957794187877719	-1.058293605111325	1.0156159387376889	-0.12181918024293736	55.959810385392274
7.775490007300937e-6	0.4953759148299963	0.9528079160438789	0.8985303538164483	-0.6269007284838652	1.0153598586831336	0.3259071875600137	42.666356216329014
1.0996203422421461e-5	0.503137589149226	0.9538893968928672	0.8905322358947435	-1.0705306899657199	1.0157421800878055	-0.11664129307285265	57.01499584107843
1.5550980014601875e-5	0.5216707008110462	0.9671181106343143	0.8958094138905697	-0.7024689935965855	1.0154536713581237	0.2646491170377292	49.857196862572096
2.1992406844842923e-5	0.5248402587034897	0.9636434383597123	0.8875152625611077	-1.0762535280122556	1.016193338136901	-0.11261008965254327	57.51290217450422
3.110196002920375e-5	0.5426769206222053	0.9767816386353143	0.8952287525638712	-0.7595789948050542	1.0150223079623544	0.21720264383025967	55.663739933753796
4.3984813689685845e-5	0.541657289027182	0.9704024659815467	0.8864497349025353	-1.079207822879194	1.0162583784343369	-0.10880535689764814	57.771025458102066
6.22039200584075e-5	0.5572259312224266	0.9820113276592624	0.8943628135287442	-0.803187988200377	1.0151284458322678	0.17882333945888584	60.32630411203239
8.796962737937169e-5	0.5544918673853445	0.9739141599266645	0.8853113833050182	-1.080566056247767	1.0172010189039185	-0.10665189632110161	57.889895904750865
0.000124407840116815	0.568831380517778	0.9859533845248984	0.8941762258051906	-0.8374016712352712	1.0148420395053321	0.14855171328962768	64.12930884475824
0.00017593925475874338	0.564352887113325	0.9760109000990962	0.8844571747302302	-1.0812329928298077	1.017232727079353	-0.10522209273071148	57.94821169893028
0.00024881568023363	0.5778875940710497	0.9882753912121904	0.8937812432056937	-0.8646410761034629	1.0148529651385019	0.12363431510872758	67.25137924468197
0.00035187850951748676	0.5724524468044372	0.9779325331144779	0.8841955811997252	-1.081703080393058	1.0175749617071546	-0.1037705472785806	57.98914700832123
0.00049763136046726	0.5853065147253509	0.989962705492121	0.8933785975576316	-0.8868391268940616	1.0149053242544568	0.10312357859805976	69.85901195157152
0.0007037570190349735	0.5796883114566287	0.9804683375139902	0.8846955735774732	-1.0822932804548286	1.0176885642493403	-0.10182494294083844	58.04036074039732
0.00099526272093452	0.59148787890111	0.9916076902892588	0.8932012305178733	-0.9053602227295414	1.0149172618756133	0.08624746755971824	72.07894868317842
0.001407514038069947	0.5853619203082947	0.9821386173315938	0.8844966552259796	-1.0828716042314643	1.0177624950619553	-0.10073298689987054	58.09006596162187
0.00199052544186904	0.5967761394459208	0.9935220800988009	0.8930650056219666	-0.921254274948494	1.0149408157557147	0.07226780515030695	74.01627463180638
0.002815028076139894	0.5902945619916158	0.9845306935468328	0.8845064924268874	-1.0839215998948193	1.0178488828313412	-0.09939090634798697	58.180538369265165
0.00398105088373808	0.6014155244341122	0.9963101464959694	0.8929036105674003	-0.9355018633255265	1.0150156207597583	0.0608082831704424	75.77840447959429
0.005630056152279788	0.5944826815318174	0.9876504243034852	0.8840373381355691	-1.0858175583848908	1.0182849304853008	-0.0981671340814061	58.34497677970572
0.00796210176747616	0.6057268308890373	1.0018277322918907	0.8929286380408522	-0.9494349436064073	1.0153824100540092	0.052392788685483804	77.52634939612544
0.011260112304559576	0.5978304097711473	0.9949936955039345	0.8836675601661904	-1.0901037779721867	1.0198512006952392	-0.09511008246825225	58.72098037780447
0.01592420353495232	0.6075768123856888	1.0159844129401714	0.8934733540045233	-0.9659847344027819	1.0168980869974007	0.04999967853738996	79.63290336053429
0.022520224609119153	0.5944279829247583	1.0376435107319324	0.8896363450035796	-1.1069094121925027	1.0258126895896282	-0.06926590146056988	60.210469132050925
0.03184840706990464	0.5918729497403723	1.125428588568421	0.8981161367662353	-1.0179616621670862	1.041074834377536	0.10746692640133526	86.47563096298695
0.045040449218238306	0.5796507646248203	1.2507465297675768	0.8808360835279037	-1.206116781716792	1.0671196072548081	0.0446297480507849	69.54636503646802
0.06369681413980928	0.5704469970171786	1.3782525157943972	0.8514144841610549	-1.1826995270183884	1.1107793607198797	0.1955529887760088	110.63915557672165
0.09008089843647661	0.5545808730628325	1.4795228325517327	0.8123723619171173	-1.4064979189512372	1.1554452742382857	0.07302491360049457	91.3374980659926
0.12739362827961856	0.541480990489994	1.5536607975006689	0.7876664532990906	-1.403039628147285	1.2023279894315966	0.15062116935338343	149.46295106631177
0.18016179687295322	0.5283164159896696	1.6176109773404974	0.7676109106609377	-1.6155946983879952	1.2467802139739081	0.0020162789525026703	118.16793509879251
0.2547872565592371	0.52800684495305	1.7704410466216887	0.828364525922425	-1.6193950416568526	1.2946582914132847	0.15104600496483522	191.53830560431538
0.36032359374590645	0.5486986050352551	2.0260682065539584	1.0209826445157335	-1.8384632479113998	1.3424464948050163	0.1876049586425581	133.54907110730142
0.5095745131184742	0.5379120846477872	2.0503120234310632	1.0275653799524522	-1.8022185903313916	1.3792920496062546	0.2480934330996718	162.4250519480472
0.7206471874918129	0.5288376426995263	2.06353434034601	1.0379853140351225	-1.9479588977423532	1.4095583113510766	0.11557544260365615	60.495615231423855
