# 1 temperature | 2 magnetic susceptibility | 3 entropy | 4 heat capacity | 5 free energy | 6 number of particles | 7 energy | 8 partition function
5.2123418797437585e-15	0.4258527100153874	5.236653746032266	3.068261986941247	-3.1983560027579077	83.27639320225006	2.0382977432743585	26.416999173832014
1.165515076507608e-14	0.4258527100153875	5.2366537460322675	3.068261986941251	-3.1983560027579028	82.38196601125014	2.0382977432743656	26.41699917383194
2.6061709398718795e-14	0.4258527100153878	5.236653746032273	3.06826198694126	-3.1983560027578912	80.38196601125013	2.0382977432743816	26.416999173831776
5.827575382538039e-14	0.42585271001538844	5.236653746032276	3.068261986941252	-3.1983560027578957	78.38196601125011	2.038297743274381	26.416999173831897
1.30308546993594e-13	0.42585271001538905	5.236653746032278	3.0682619869412537	-3.198356002757901	76.38196601125013	2.038297743274378	26.416999173832004
2.91378769126902e-13	0.42585271001538916	5.236653746032282	3.0682619869412635	-3.1983560027579045	74.38196601125016	2.038297743274377	26.416999173832124
6.515427349679699e-13	0.4258527100153903	5.236653746032298	3.0682619869412857	-3.1983560027579108	72.38196601125017	2.0382977432743874	26.41699917383228
1.45689384563451e-12	0.4258527100153929	5.236653746032314	3.0682619869412493	-3.1983560027579223	70.38196601125016	2.0382977432743914	26.416999173832597
3.2577136748398492e-12	0.4258527100153933	5.236653746032303	3.068261986941223	-3.198356002757926	68.38196601125011	2.038297743274377	26.416999173832508
7.28446922817255e-12	0.4258527100153923	5.236653746032288	3.0682619869412373	-3.1983560027579037	66.38196601125011	2.0382977432743843	26.416999173831805
1.6288568374199248e-11	0.4258527100153914	5.236653746032274	3.0682619869412227	-3.198356002757885	64.38196601125014	2.0382977432743883	26.416999173831385
3.642234614086275e-11	0.42585271001538905	5.236653746032248	3.0682619869412138	-3.1983560027578655	62.38196601125018	2.038297743274382	26.416999173830803
8.144284187099624e-11	0.4258527100153856	5.236653746032211	3.068261986941189	-3.1983560027578424	60.38196601125017	2.038297743274369	26.41699917383021
1.8211173070431372e-10	0.4258527100153786	5.236653746032133	3.068261986941092	-3.1983560027577997	58.38196601125014	2.038297743274333	26.416999173829062
4.072142093549812e-10	0.42585271001536296	5.236653746031935	3.0682619869408785	-3.1983560027577154	56.38196601125014	2.038297743274221	26.41699917382683
9.105586535215687e-10	0.42585271001532904	5.236653746031477	3.068261986940419	-3.1983560027575137	54.38196601125016	2.038297743273964	26.41699917382164
2.036071046774906e-9	0.425852710015252	5.236653746030456	3.0682619869393926	-3.198356002757027	52.38196601125014	2.038297743273428	26.41699917380874
4.5527932676078435e-9	0.4258527100150773	5.236653746028161	3.068261986937066	-3.1983560027559257	50.381966011250114	2.0382977432722345	26.416999173779672
1.0180355233874528e-8	0.4258527100146847	5.236653746023002	3.068261986931886	-3.1983560027534406	48.38196601125012	2.038297743269562	26.416999173713855
2.2763966338039216e-8	0.425852710013808	5.236653746011468	3.0682619869203265	-3.1983560027478712	46.38196601125013	2.0382977432635974	26.416999173566488
5.090177616937265e-8	0.42585271001185443	5.236653745985722	3.0682619868944903	-3.1983560027354416	44.38196601125014	2.0382977432502796	26.416999173237812
1.1381983169019608e-7	0.42585271000749036	5.236653745928161	3.068261986836652	-3.19835600270767	42.38196601125013	2.0382977432204905	26.41699917250324
2.5450888084686326e-7	0.4258527099977271	5.23665374579941	3.068261986707315	-3.1983560026455633	40.38196601125013	2.038297743153847	26.41699917086038
5.690991584509805e-7	0.42585270997589	5.236653745511495	3.0682619864181575	-3.1983560025066686	38.38196601125014	2.038297743004826	26.41699916718651
1.2725444042343162e-6	0.42585270992706115	5.236653744867695	3.0682619857715703	-3.198356002196064	36.38196601125013	2.038297742671631	26.416999158970537
2.8454957922549024e-6	0.42585270981787077	5.236653743427931	3.068261984325193	-3.1983560015014874	34.38196601125013	2.038297741926444	26.41699914059832
6.36272202117158e-6	0.4258527095736623	5.236653740207788	3.0682619810890226	-3.198355999948114	32.38196601125013	2.0382977402596745	26.416999099507635
1.422747896127451e-5	0.4258527090264358	5.236653732984166	3.068261973785939	-3.198355996469735	30.381966011250128	2.0382977365144312	26.416999007544643
3.1813610105857906e-5	0.42585270779675044	5.236653716744534	3.0682619572255394	-3.1983559886593103	28.38196601125012	2.0382977280852246	26.41699880072767
7.113739480637255e-5	0.42585270491010957	5.236653677689198	3.0682619122802515	-3.198355970610971	26.381966011250107	2.038297707078226	26.416998328629283
0.00015906805052928952	0.42585269782513346	5.236653584059924	3.0682618211840342	-3.198355926755763	24.381966011250103	2.038297657304161	26.41699714595604
0.0003556869740318628	0.42585268592215264	5.23665345828516	3.0682618745909327	-3.1983558418076408	22.3819660112501	2.0382976164775184	26.41699471805479
0.0007953402526464477	0.42585267919555303	5.236653397882474	3.068261954732181	-3.198355761190064	20.381966011250093	2.038297636692411	26.416993259600385
0.001778434870159314	0.42585266437690833	5.236653269876544	3.068262164519516	-3.198355582203616	18.381966011250093	2.038297687672928	26.416990019540986
0.003976701263232238	0.4258526140590407	5.236652814172517	3.068262829067604	-3.198355084688293	16.381966011250093	2.0382977294842233	26.41697924139558
0.00889217435079657	0.42585226756982986	5.236649942691969	3.0682684282722534	-3.1983507576801093	14.381966011250089	2.03829918501186	26.416902043785864
0.019883506316161193	0.42585105224181036	5.236639196954405	3.068286009624816	-3.198338643042078	12.381966011250093	2.0383005539123262	26.416640845824972
0.04446087175398285	0.4258427753148819	5.23659469859901	3.068653460081368	-3.198233855348742	10.3819660112501	2.038360843250268	26.414773909744895
0.09941753158080596	0.4258086921585238	5.236170832658695	3.067501585195029	-3.1979182835158095	8.381966011250107	2.038252549142886	26.407649469824598
0.22230435876991422	0.42352588957100146	5.184120262922535	2.8603316520873667	-3.186886863955262	6.381966011250109	1.9972333989672737	26.227376876187186
0.49708765790402976	0.4184213878060891	5.067731650724891	2.39708559876455	-3.1622198599295572	1.909830056250534	1.9055117907953334	25.82427510233373
