# 1 temperature | 2 magnetic susceptibility | 3 entropy | 4 heat capacity | 5 free energy | 6 number of particles | 7 energy | 8 partition function
5.2123418797437585e-15	0.4258081841633206	5.326698847824828	3.4931940465457565	-3.5050398862593264	85.88600571276346	1.821658961565501	33.282771351178305
1.165515076507608e-14	0.42589186056640277	5.146452996972098	2.6417341129990897	-2.8065225661494426	83.89953718985986	2.3399304308226556	16.552258638709738
2.6061709398718795e-14	0.42583016831944726	5.326792754624522	3.493191437954225	-3.505095901991988	81.88600643255624	1.8216968526325346	33.28463576221825
5.827575382538039e-14	0.4259290967097716	5.146668066262139	2.642163815761762	-2.80662496928614	79.89953504044315	2.3400430969759993	16.553953728703554
1.30308546993594e-13	0.4259400875715442	5.3272622580348195	3.493178462804523	-3.505376513484261	77.88601074170323	1.8218857445505583	33.29397712411469
2.91378769126902e-13	0.42611533656354655	5.147744006354815	2.644311849234729	-2.8071371266578278	75.89952491587083	2.3406068796969866	16.56243412960083
6.515427349679699e-13	0.42648946503939233	5.329607174764428	3.493113537992016	-3.5067795147837533	73.88603296075264	1.8228276599806748	33.34072140075786
1.45689384563451e-12	0.4270482185551787	5.153140702433232	2.655075092489535	-2.809701100785201	71.89947285341117	2.3434396016480314	16.604954269170506
3.2577136748398492e-12	0.4292297124434761	5.34126258787568	3.4927911540784935	-3.513777440132332	69.88614434648358	1.8274851477433482	33.57485555136149
7.28446922817255e-12	0.43174603170734194	5.180367867775406	2.708575045916078	-2.8225700912268046	67.89923590026918	2.3577977765486007	16.82002416500864
1.6288568374199248e-11	0.44270016611640745	5.3975999632259555	3.4915302799736327	-3.548200013526448	65.88666511123547	1.8493999496995075	34.750710349929015
3.642234614086275e-11	0.454971942334883	5.312832355923458	2.9370735017005947	-2.886157576696936	63.89817310019718	2.426674779226522	17.924304348035825
8.144284187099624e-11	0.4999714384795311	5.614861218504939	3.4504398810342596	-3.6939139374317707	61.88873864855461	1.9209472810731683	40.20188710492488
1.8211173070431372e-10	0.5386133238150491	5.705343681018483	3.305475028357767	-3.1211526373551606	59.89501119032192	2.584191043663323	22.672497755775726
4.072142093549812e-10	0.6248466971200118	5.9517621038997595	3.166341754210084	-3.8338500541094573	57.89251396564506	2.117912049790302	46.24022332796361
9.105586535215687e-10	0.6623683685853771	6.079310415834022	3.370963200565223	-3.4988375766161552	55.89147311182495	2.5804728392178666	33.07698014756739
2.036071046774906e-9	0.7405235258738513	6.126921256914754	2.9080859450347063	-3.9015432073424763	53.89537651268074	2.2253780495722775	49.478746183690035
4.5527932676078435e-9	0.7589196157741674	6.251426557995288	3.384686725206321	-3.8039492879323933	51.88935829845886	2.447477270062895	44.878071400541124
1.0180355233874528e-8	0.8191755769786992	6.191456061823047	2.78493060672543	-3.916706859495293	49.89693530740004	2.274749202327754	50.23474202288972
2.2763966338039216e-8	0.8261224082147217	6.327872157483222	3.407747539098029	-4.006319944669615	47.888171826283795	2.321552212813607	54.94429999256174
5.090177616937265e-8	0.8730637189561431	6.217137024809792	2.720042182223265	-3.9183386972834002	45.89771076708535	2.2987983275263915	50.3167838945059
1.1381983169019608e-7	0.8741147593883628	6.366013510689903	3.4275231201967378	-4.14227226764378	43.88749060831199	2.223741243046123	62.94568852296241
2.5450888084686326e-7	0.9114110497649971	6.22839362068434	2.6821854924657504	-3.916831206336348	41.89821986599586	2.311562414347992	50.240988942755806
5.690991584509805e-7	0.9093476648234723	6.386781780190958	3.441996365597351	-4.237714849761071	39.88707510359128	2.1490669304298877	69.24942555241603
1.2725444042343162e-6	0.9396862760265491	6.233982648317368	2.6605897654535156	-3.9148666533996135	37.89846233533251	2.3191159949177544	50.1423847486767
2.8454957922549024e-6	0.9358853177420815	6.3988416124152225	3.4524238513947303	-4.307425923355809	35.88682760878656	2.0914156890594136	74.2491198214372
6.36272202117158e-6	0.9610241106120929	6.236434378563896	2.6448084244059213	-3.9129910099699665	33.89857181326815	2.323443368593929	50.04842366047145
1.422747896127451e-5	0.9563410722251046	6.406274036164191	3.460077026387255	-4.360076958853984	31.886677415571413	2.046197077310208	78.2631572342169
3.1813610105857906e-5	0.9775052325870317	6.237565577245366	2.633786105874888	-3.9114272835892434	29.89870846805284	2.3261382936561223	49.9702227784061
7.113739480637255e-5	0.972443234071882	6.411070795244249	3.4657861058475596	-4.400967011972788	27.88654655777492	2.010103783271461	81.5296707252883
0.00015906805052928952	0.9905486350630399	6.238037457087291	2.6257490809256288	-3.910162170643913	25.89881810719051	2.327875286443378	49.90704477476964
0.0003556869740318628	0.9853800794458569	6.414316618745337	3.470084507897747	-4.433508212025564	23.886491665172052	1.9808084067197729	84.22638321604053
0.0007953402526464477	1.0010884723406817	6.238396587015407	2.6202528907750926	-3.9092094465658715	21.89887502596326	2.3291871404495352	49.85951977424979
0.001778434870159314	0.9959802496214861	6.416919454112257	3.4733325282256335	-4.4601409843829085	19.88648216928788	1.9567784697293487	86.49970334400766
0.003976701263232238	1.0097827451293637	6.239368849625413	2.617906262063107	-3.9088276738446046	17.89887039179808	2.3305411757808088	49.840488402764905
0.00889217435079657	1.004896881370726	6.420355908699463	3.475955251814942	-4.483098188008465	15.886573489696982	1.9372577206909978	88.50846419025459
0.019883506316161193	1.0170857228637016	6.243272897127433	2.6208834956393074	-3.910146047523864	13.898840156871994	2.3331268496035684	49.90624012398221
0.04446087175398285	1.0128231597289359	6.430490858174198	3.478671833432876	-4.506823997990371	11.886645110797394	1.9236668601838272	90.63350871082075
0.09941753158080596	1.022978631730186	6.2662629793824856	2.658487286484209	-3.9197448986492764	9.896723885028978	2.346518080733209	50.38758919633339
0.22230435876991422	1.017115252699391	6.496040464048533	3.5753750611850244	-4.551964775166914	7.877744723766077	1.9440756888816193	94.8185224971562
0.49708765790402976	0.9880346194897246	6.252854706952453	1.8491052526810545	-3.9659821880848085	5.82271563089286	2.286872518867644	52.77207604784611
