# 1 temperature | 2 magnetic susceptibility | 3 entropy | 4 heat capacity | 5 free energy | 6 number of particles | 7 energy | 8 partition function
5.2123418797437585e-15	0.42589922321427826	5.145326597684737	2.637316698646492	-2.8044560885408045	84.00000000000004	2.3408705091439326	16.518089084329574
1.165515076507608e-14	0.4258061968164967	5.327980894379795	3.499207275235998	-3.5922559169750117	82.00000000000003	1.735724977404784	36.31590926333449
2.6061709398718795e-14	0.4258992232142786	5.145326597684748	2.63731669864653	-2.8044560885407686	80.00000000000001	2.340870509143979	16.518089084328974
5.827575382538039e-14	0.42580619681649773	5.327980894379803	3.4992072752359697	-3.5922559169750192	78.00000000000001	1.735724977404784	36.31590926333476
1.30308546993594e-13	0.42589922321428025	5.145326597684755	2.6373166986465417	-2.8044560885407797	76.00000000000001	2.340870509143975	16.518089084329162
2.91378769126902e-13	0.42580619681649795	5.3279808943798015	3.499207275235957	-3.5922559169750268	74.00000000000006	1.7357249774047747	36.31590926333504
6.515427349679699e-13	0.42589922321428075	5.145326597684779	2.637316698646633	-2.8044560885407894	72.0000000000001	2.34087050914399	16.518089084329322
1.45689384563451e-12	0.4258061968165043	5.327980894379853	3.499207275235897	-3.5922559169750454	70.00000000000003	1.7357249774048078	36.315909263335705
3.2577136748398492e-12	0.42589922321428314	5.145326597684763	2.637316698646531	-2.804456088540822	67.99999999999999	2.3408705091439415	16.518089084329855
7.28446922817255e-12	0.4258061968165018	5.32798089437982	3.4992072752359578	-3.5922559169749966	66.00000000000003	1.7357249774048231	36.31590926333394
1.6288568374199248e-11	0.42589922321428225	5.1453265976847415	2.637316698646485	-2.8044560885407854	64.00000000000003	2.340870509143956	16.518089084329254
3.642234614086275e-11	0.42580619681649745	5.327980894379773	3.4992072752359653	-3.5922559169749584	62.000000000000114	1.7357249774048145	36.31590926333256
8.144284187099624e-11	0.42589922321427715	5.145326597684681	2.637316698646412	-2.804456088540746	60.00000000000004	2.3408705091439352	16.5180890843286
1.8211173070431372e-10	0.4258061968164863	5.327980894379671	3.4992072752359653	-3.592255916974892	58.000000000000036	1.7357249774047787	36.315909263330155
4.072142093549812e-10	0.4258992232142571	5.145326597684403	2.637316698645786	-2.804456088540622	56.000000000000036	2.340870509143781	16.518089084326554
9.105586535215687e-10	0.4258061968164295	5.3279808943790155	3.4992072752359835	-3.592255916974621	54.000000000000085	1.735724977404395	36.315909263320286
2.036071046774906e-9	0.4258992232141649	5.145326597682904	2.6373166986427705	-2.804456088539925	52.00000000000001	2.340870509142979	16.518089084315037
4.5527932676078435e-9	0.42580619681613696	5.32798089437575	3.4992072752360857	-3.5922559169730306	50.00000000000001	1.7357249774027192	36.31590926326255
1.0180355233874528e-8	0.4258992232136882	5.1453265976753535	2.6373166986274823	-2.804456088536352	48.00000000000002	2.340870509139002	16.518089084256022
2.2763966338039216e-8	0.4258061968146619	5.327980894359249	3.4992072752367465	-3.592255916964935	46.000000000000014	1.7357249773943142	36.31590926296853
5.090177616937265e-8	0.4258992232113125	5.1453265976376015	2.6373166985511878	-2.8044560885184104	44.00000000000005	2.340870509119191	16.518089083959662
1.1381983169019608e-7	0.4258061968073301	5.327980894277026	3.499207275240131	-3.5922559169246067	42.00000000000001	1.7357249773524195	36.31590926150398
2.5450888084686326e-7	0.42589922319946255	5.145326597448919	2.637316698169287	-2.8044560884288474	40.000000000000036	2.340870509020071	16.51808908248025
5.690991584509805e-7	0.4258061967706382	5.327980893865643	3.499207275256999	-3.592255916722911	38.000000000000036	1.7357249771427317	36.31590925417922
1.2725444042343162e-6	0.42589922314017536	5.145326596505374	2.6373166962601013	-2.804456087980907	36.00000000000002	2.340870508524467	16.518089075081136
2.8454957922549024e-6	0.4258061965871812	5.327980891808712	3.4992072753412677	-3.592255915714263	34.000000000000014	1.7357249760944493	36.31590921754925
6.36272202117158e-6	0.42589922284370263	5.145326591786461	2.637316686710519	-2.804456085740916	32.00000000000003	2.340870506045545	16.518089038080763
1.422747896127451e-5	0.42580619566956435	5.327980881519322	3.499207275749849	-3.5922559106693903	30.00000000000002	1.7357249708499314	36.31590903434011
3.1813610105857906e-5	0.4258992213538317	5.145326568041973	2.637316638530354	-2.804456074509053	28.000000000000018	2.3408704935329205	16.518088852551855
7.113739480637255e-5	0.4258061910423263	5.3279808295085065	3.4992072763028124	-3.5922558852344677	26.0	1.7357249442740383	36.31590811064779
0.00015906805052928952	0.4258992130179186	5.14532643157024	2.637316346401879	-2.8044560145719646	23.999999999999993	2.340870416998275	16.518087862505727
0.0003556869740318628	0.42580616382706576	5.327980528687195	3.499207339934837	-3.592255735421004	22.0	1.7357247932661908	36.3159026700362
0.0007953402526464477	0.42589919683538097	5.145326290195764	2.6373165497730566	-2.804455799769258	19.99999999999998	2.3408704904265063	16.518084314376125
0.001778434870159314	0.4258061564768527	5.327980453875744	3.499207403868111	-3.5922556939665404	17.999999999999996	1.735724759909204	36.31590116457998
0.003976701263232238	0.42589911736267405	5.145325629007466	2.6373177645860633	-2.8044547340396297	15.999999999999986	2.340870894967836	16.518066710573653
0.00889217435079657	0.42580600851914757	5.327978982959306	3.499208988509224	-3.5922548570236263	13.999999999999982	1.7357241259356797	36.31587077025655
0.019883506316161193	0.4258972056808813	5.145310333464117	2.637350460034546	-2.804428600515635	11.999999999999991	2.3408817329484815	16.51763504092148
0.04446087175398285	0.42580241740141517	5.327943636959532	3.4992496681679195	-3.5922348857753854	9.999999999999991	1.7357087511841458	36.31514550422857
0.09941753158080596	0.4258516662678754	5.145101370116459	2.6396376868639306	-2.803795057386617	8.00000000000001	2.3413063127298415	16.507173720932283
0.22230435876991422	0.4256836558028268	5.325667575217288	3.486680182629918	-3.5916091074722383	6.0	1.7340584677450495	36.2924273830914
0.49708765790402976	0.41134261657056614	4.813312435025493	1.326911938108145	-2.7337974930387934	4.000000000000001	2.079514941986699	15.391224249134325
