# 1 temperature | 2 magnetic susceptibility | 3 entropy | 4 heat capacity | 5 free energy | 6 number of particles | 7 energy | 8 partition function
5.2123418797437585e-15	0.4258474494106354	5.236561061476017	3.067434388041775	-3.1557741503216663	85.16916480208272	2.0807869111543513	24.917397867106146
1.165515076507608e-14	0.4258534191037867	5.236590431796959	3.067463676722866	-3.1557898811110565	84.27473757377587	2.0808005506859026	24.91780306229194
2.6061709398718795e-14	0.425866767743478	5.236656105831106	3.0675291682047554	-3.1558250562254737	82.27473749035501	2.0808310496056324	24.918709106271535
5.827575382538039e-14	0.42589661597306294	5.23680295270968	3.0676756220871124	-3.1559037924990285	80.27473741354964	2.0808991602106515	24.920738065249207
1.30308546993594e-13	0.4259633677805811	5.237131404035262	3.068003028706959	-3.1560798740510236	78.27473733799084	2.0810515299842387	24.925275720407306
2.91378769126902e-13	0.4261125955544912	5.237865441754739	3.068735124584415	-3.156473595693381	76.27473727306906	2.0813918460613574	24.93542801479401
6.515427349679699e-13	0.4264465389960498	5.239509425960475	3.070375706153536	-3.1573544765100383	74.27473690546944	2.0821549494504366	24.958147488044457
1.45689384563451e-12	0.4271922333056124	5.243174798962749	3.07404450418678	-3.1593215467135165	72.2747361283739	2.0838532522492326	25.009013550714215
3.2577136748398492e-12	0.42886481754953565	5.25140847355415	3.0821993206875495	-3.163727638832219	70.2747379999236	2.0876808347219318	25.123135036662212
7.28446922817255e-12	0.4325691716288471	5.2695198310264	3.100488284234201	-3.1734923457640187	68.27473659720567	2.0960274852623817	25.37911941602241
1.6288568374199248e-11	0.44081169945874665	5.309450804495144	3.1353576159577794	-3.1952098591965465	66.2747523053605	2.1142409452985973	25.955987929022264
3.642234614086275e-11	0.4576849524504859	5.388784869624926	3.2079530750481573	-3.239692834513593	64.27470549610148	2.1490920351113334	27.17976047730012
8.144284187099624e-11	0.4903949945623917	5.524493122183695	3.250677857612798	-3.3263444907331348	62.27493334368293	2.19814863145056	29.796731954265713
1.8211173070431372e-10	0.5385866696957279	5.712156499265195	3.3340618800666335	-3.429154606483586	60.274424249258416	2.2830018927816083	32.3701666856847
4.072142093549812e-10	0.6008512164543625	5.886333930653577	3.246026870355254	-3.5358568781078676	58.275181926042094	2.3504770525457093	36.06394148023893
9.105586535215687e-10	0.661480585822863	6.042599837367868	3.2287497604220308	-3.676802982738721	56.27440183782572	2.3657968546291466	40.15898103731108
2.036071046774906e-9	0.7163639353343305	6.129709242841431	3.141644973968376	-3.7473327439690856	54.27506406686793	2.3823764988723446	43.10123204029793
4.5527932676078435e-9	0.7618739810409318	6.199145083177688	3.1273577888777324	-3.8550891607434403	52.27457426384941	2.344055922434248	47.29521657311031
1.0180355233874528e-8	0.7994309988432251	6.233252804602643	3.0883717576642034	-3.891596059761153	50.27492949414683	2.3416567448414902	49.11172456381411
2.2763966338039216e-8	0.8309751684298705	6.263632036650543	3.0863132599570373	-3.961765534886748	48.274639393202634	2.3018665017637954	52.60219717401559
5.090177616937265e-8	0.8570082896417652	6.278397754311168	3.0669503559772178	-3.983335110088392	46.274802053969594	2.2950626442227757	53.86682446077912
1.1381983169019608e-7	0.8795142276266799	6.29331450746187	3.0679334709670756	-4.030072562302838	44.27464535905636	2.2632419451590335	56.61952524464485
2.5450888084686326e-7	0.8982066878470071	6.300412439796914	3.0570905457275184	-4.044298426920699	42.27475704939406	2.2561140128762154	57.56731966794502
5.690991584509805e-7	0.9147481200115428	6.308451252697967	3.0587542057052195	-4.076969487926809	40.274650959616494	2.231481764771158	59.72997206174237
1.2725444042343162e-6	0.9286172632963478	6.312245560807467	3.05290420068543	-4.08706170479879	38.27469649066166	2.2251838560086767	60.468400398449646
2.8454957922549024e-6	0.9410826736393627	6.316790943522195	3.054068457135256	-4.110856485530137	36.27462789858095	2.2059344579920586	62.18123449852426
6.36272202117158e-6	0.951615302061095	6.318786368113473	3.0497986184671335	-4.118343499033075	34.2746425161495	2.2004428690803977	62.768974629257215
1.422747896127451e-5	0.96122906480691	6.321528987172338	3.050739683524837	-4.136292375398877	32.2746117399953	2.185236611773461	64.14370774657752
3.1813610105857906e-5	0.9694110732344832	6.322660946741609	3.0478136674188074	-4.142069981878916	30.27463873442075	2.1805909648626924	64.62139409685955
7.113739480637255e-5	0.9769895498442362	6.324391095690036	3.0485443172144553	-4.1560016770810595	28.27461046434238	2.1683894186089763	65.74018521345002
0.00015906805052928952	0.9834947871045405	6.325055633477058	3.046431733027676	-4.160592483225182	26.274639862359244	2.164463150251877	66.13502274432179
0.0003556869740318628	0.9895928516728174	6.326232526541802	3.0470675863312717	-4.171687987369205	24.274629691865428	2.1545445391725964	67.05937097899593
0.0007953402526464477	0.9948720922570372	6.326758763061341	3.0456705460761158	-4.175473818928587	22.27464788962297	2.1512849441327537	67.39419877174339
0.001778434870159314	0.999877700003801	6.327808243398575	3.0464301354246173	-4.18461622834496	20.274643892857778	2.1431920150536157	68.17667105052118
0.003976701263232238	1.0042591927469742	6.328675113302758	3.0460246282246923	-4.188031412145568	18.27465640157226	2.140643701157189	68.48046649294892
0.00889217435079657	1.0084681853647708	6.330465587674924	3.047390764824659	-4.196166630862448	16.27468328044464	2.134298956812475	69.18463549614252
0.019883506316161193	1.0122159794746304	6.33338033872586	3.048839108670399	-4.2002879570110245	14.274683900603184	2.1330923817148353	69.53568959244755
0.04446087175398285	1.015864945789342	6.34043404071026	3.0555877697480893	-4.2099681268192315	12.274381663102695	2.1304659138910287	70.34424693919304
0.09941753158080596	1.018564060564215	6.358504889873217	3.083521030351705	-4.2202590819632455	10.272275323738697	2.1382458079099704	71.15716914441262
0.22230435876991422	1.0146477953978141	6.379080029692465	2.9918747721411503	-4.242998891012801	8.257765411521593	2.136081138679663	72.9714793267353
0.49708765790402976	1.0058907602678275	6.425087440974866	2.7869475088988516	-4.293846649842973	3.7531843064570163	2.1312407911318942	77.0284002266789
