0.55	0.28705874574282797	0.27985633317437597	10.22132759680871	-0.7308114655617219	2.3244764781794274
0.1739252713092609	0.3313939667765561	0.6083805894303512	4.928350509157342	-0.09280413323277831	1.59500434974842
0.05500000000000001	0.34443062217656173	0.12130602094889653	4.727386488837488	0.2446170994458461	1.5533725104398923
0.017392527130926087	0.3711634495286172	0.5604058234027511	2.5416292457886387	-1.0482814359887658	0.9328053107485772
0.005500000000000001	0.3539297676897136	-0.0815286582962581	3.0137344916771425	-1.4435657199395715	1.1031800046442237
0.0017392527130926088	0.3858584438442907	0.4831030166954162	1.7269558700607242	-0.7241736748634235	0.5463602458911714
0.00055	0.3014265702805915	-0.31902787260668297	2.4513907726746575	-1.508441609159691	0.8966555258135183
0.00017392527130926088	0.34214155828787507	0.49322515908192543	1.6159132681477735	0.2741611793663954	0.4799002879579448
5.500000000000001e-5	0.26408339082073734	-0.3628517917805587	2.305631816177549	-1.1243588206692565	0.8353547456897461
1.739252713092609e-5	0.321904157744627	0.5029784480827767	1.5870677399900872	-0.21122811717380507	0.46188812493709586
5.500000000000001e-6	0.2487784137293443	-0.37618643819350295	2.2645483065828222	-5.724077727157592	0.8173753159053168
1.7392527130926088e-6	0.31188506295631735	0.5074427329802739	1.5792607769390323	-0.7623393259076172	0.45695687486015935
5.5e-7	0.24110798015931	-0.3798920085012193	2.250787653362781	-1.446228017568409	0.8112802231180023
1.7392527130926088e-7	0.3060652111625391	0.5096351469492486	1.5766673223046606	3.4415101902329868	0.4553133296736964
5.5e-8	0.23650096762180498	-0.3810976807723805	2.2449336168682117	-1.3073609599434866	0.8086759514333002
1.7392527130926088e-8	0.3022641736262332	0.5108375694208166	1.57557991809225	1.646603684051625	0.4546234064712218
5.5000000000000004e-9	0.23340533839609054	-0.38157403031969184	2.2419259670918987	-2.391725117359744	0.8073353031823294
1.739252713092609e-9	0.2995822397958823	0.5115613301593877	1.5750337644362757	-1.2201078293071914	0.45427670978512924
5.500000000000001e-10	0.2311735112465268	-0.3817937472485846	2.24017165243815	-4.911851572484013	0.8065524934837232
1.739252713092609e-10	0.29758646026009017	0.5120292769627339	1.5747232978878363	-0.9244602425083208	0.454079572962637
5.5000000000000004e-11	0.22948507686458305	-0.38190677269970574	2.2390567832493	-2.0766493969596898	0.8060546982817685
1.7392527130926088e-11	0.29604238860835763	0.5123489212761903	1.5745309555502063	-5.484024787578498	0.45395742192471467
5.5e-12	0.22816183599361495	-0.38196943509019965	2.238303257385473	-10.961866726431799	0.8057181044567903
1.7392527130926087e-12	0.2948118075235048	0.5125768105020977	1.5744040161452562	-7.169821089350348	0.4538767982178675
5.500000000000001e-13	0.22709627418710948	-0.38200614580021286	2.2377698143986557	-5.200731911881301	0.8054797513375325
1.7392527130926086e-13	0.2938077590681503	0.5127449672725829	1.5743161189863617	0.15958319877813754	0.45382096781367487
5.5000000000000005e-14	0.22621945985849282	-0.382028476766472	2.237378280567381	-2.5289582215081587	0.8053047699407316
1.7392527130926088e-14	0.2929727865565588	0.5128725674321746	1.5742529258176212	-6.809536791233654	0.45378082693199184
5.5e-15	0.22548513499250866	-0.38204248760105386	2.2370822294500146	-13.687002108854202	0.8051724406388481
1.7392527130926088e-15	0.29226736841255935	0.5129716955826022	1.5742060139149134	-8.961733641440443	0.45375102701806025
5.500000000000001e-16	0.22486103266839894	-0.38205146961223324	2.23685292596291	-5.691008535265746	0.8050699342415313
1.7392527130926087e-16	0.29166343961732183	0.5130502384147619	1.5741702919907616	-2.1938637256801563	0.4537283347343668
5.5000000000000006e-17	0.22432398245710802	-0.3820572999418632	2.2366716854582305	-3.3177094154902536	0.804988906184005
1.739252713092609e-17	0.2911405080214291	0.5131135303039903	1.5741424942078808	1.3707198378250824	0.45371067588991965
5.500000000000001e-18	0.22385689755186014	-0.3820611045321267	2.2365259340097148	-5.037214590966752	0.8049237396248832
1.7392527130926087e-18	0.2906832593421105	0.5131652826931673	1.5741204570875504	-2.37566618633965	0.4536966763475232
5.500000000000001e-19	0.22344689838598397	-0.38206357897204635	2.2364069604748464	-5.874652109370237	0.8048705425223541
1.7392527130926086e-19	0.2902800173617621	0.5132081425148391	1.5741027039074544	-2.897210124090514	0.4536853981253717
5.500000000000001e-20	0.22308409068995982	-0.3820651648259322	2.2363085744555287	-6.17275214141299	0.8048265486584181
1.7392527130926087e-20	0.28992172302641633	0.5132440386680776	1.5740881999430518	0.09519290897552857	0.45367618396724363
5.5e-21	0.2227607431205857	-0.3820661068628207	2.2362263370429623	-6.6554978765185595	0.804789774250078
1.7392527130926086e-21	0.28960123686707484	0.5132744081424243	1.574076209580513	-3.3803299634099915	0.4536685665998006
5.5e-22	0.22247073595183778	-0.3820666849466917	2.2361568145976713	-6.414022027440702	0.8047586845858254
1.7392527130926087e-22	0.28931286301381753	0.5133003279842465	1.5740661777746718	-3.0455586487052972	0.4536621934408982
5.5e-23	0.22220915076153738	-0.38206698300074715	2.2360975363920264	-6.1722397284180825	0.8047321752681544
1.7392527130926087e-23	0.2890519932571969	0.5133226283478203	1.5740577060035938	-2.533360237612083	0.45365681133308344
5.5000000000000006e-24	0.22197199528955375	-0.38206709254647486	2.2360465737560373	-7.684927704725507	0.8047093841260373
1.739252713092609e-24	0.28881486420448055	0.5133419537672591	1.574050487482605	-4.43242256266353	0.45365222539095873
5.5e-25	0.22175598730050758	-0.3820670810798178	2.2360024273624517	-10.22403704593088	0.8046896408747553
1.739252713092609e-25	0.2885983653078046	0.513358811449385	1.574044286804068	0.46367183912354193	0.4536482860695712
5.5e-26	0.22155840510062588	-0.3820670179937855	2.235963928454285	-6.423049971430577	0.8046724229866478
1.7392527130926087e-26	0.28839991389015274	0.5133736043355585	1.5740389260278393	-14.726208625820217	0.45364488032971884
5.500000000000001e-27	0.22137699995084756	-0.3820668315574719	2.2359302013683773	-8.366218150438803	0.804657338959643
1.7392527130926087e-27	0.28821733787485676	0.5133866575652944	1.5740342603797781	3.3278776662675345	0.45364191620037064
5.500000000000001e-28	0.22120985029492984	-0.38206660437274287	2.235900460969406	10.431010195276077	0.8046440377408728
1.7392527130926088e-28	0.2880488016663112	0.5133982338756405	1.5740301744310905	7.3002441432258784	0.45363932035217736
5.5e-29	0.2210553355882293	-0.3820663521222494	2.2358741017878123	-8.92249916331401	0.8046322486038202
1.7392527130926088e-29	0.2878927425323996	0.5134085482736637	1.5740265763322732	-6.1073855590590425	0.4536370344347991
5.5000000000000005e-30	0.220912072340438	-0.382066085686773	2.2358506295204568	-8.1104526023394	0.8046217505214177
