1.739252713092609	2.636997652436212
0.55	2.228945969651381
0.1739252713092609	1.8647048916184215
0.05500000000000001	1.5078499192939914
0.017392527130926087	1.3879108388987937
0.005500000000000001	1.3798659796018808
0.0017392527130926088	1.3839565281189323
0.00055	1.3732130652444163
0.00017392527130926088	1.3636307605831914
5.500000000000001e-5	1.314111224323614
1.739252713092609e-5	1.2211045040963098
5.500000000000001e-6	1.1097340009976864
1.7392527130926088e-6	1.09864160183408
5.5e-7	1.0927307339331573
1.7392527130926088e-7	1.0986138701465888
5.5e-8	1.0926803972823143
1.7392527130926088e-8	1.0986139197529936
5.5000000000000004e-9	1.0926290021667118
1.739252713092609e-9	1.098613944804629
5.500000000000001e-10	1.09257669959985
1.739252713092609e-10	1.0986139680213478
5.5000000000000004e-11	1.0925234751169082
1.7392527130926088e-11	1.0986139915671864
5.5e-12	1.092469305112131
1.7392527130926087e-12	1.098614015675238
5.500000000000001e-13	1.092414164280155
1.7392527130926086e-13	1.098614040386655
5.5000000000000005e-14	1.09235802631609
1.7392527130926088e-14	1.0986140657232635
5.5e-15	1.0923008639475231
1.7392527130926088e-15	1.09861409170694
5.500000000000001e-16	1.0922426488985342
1.7392527130926087e-16	1.098614118359616
5.5000000000000006e-17	1.0921833518431598
1.739252713092609e-17	1.0986141457045335
5.500000000000001e-18	1.0921229423567496
1.7392527130926087e-18	1.0986141737651924
5.500000000000001e-19	1.0920613888635582
1.7392527130926086e-19	1.0986142025669383
5.500000000000001e-20	1.0919986585826214
1.7392527130926087e-20	1.0986142321358507
5.5e-21	1.091934717469069
1.7392527130926086e-21	1.0986142624992539
5.5e-22	1.091869530152982
1.7392527130926087e-22	1.0986142936853438
5.5e-23	1.0918030598739619
1.7392527130926087e-23	1.0986143257238723
5.5000000000000006e-24	1.0917352684125339
1.739252713092609e-24	1.0986143586462556
5.5e-25	1.0916661160171557
1.739252713092609e-25	1.0986143924846734
5.5e-26	1.0915955613261743
1.7392527130926087e-26	1.0986144272732268
5.500000000000001e-27	1.0915235612860688
1.7392527130926087e-27	1.0986144630476111
5.500000000000001e-28	1.0914500710639843
1.7392527130926088e-28	1.0986144998444778
5.5e-29	1.0913750439543106
1.7392527130926088e-29	1.098614537703299
