0.55	0.301329027342843	0.3030577712502931	10.994081527525667	-0.7311361176033705	2.397357085049109
0.1739252713092609	0.375737671603081	0.39024852520786335	6.978255189993216	-0.4485751136312559	1.9427989127455365
0.05500000000000001	0.46115771807080286	0.2735434080939001	4.675309144271633	0.24980194704269376	1.542295287671276
0.017392527130926087	0.49746639549174926	0.02542063658849747	3.994087770275353	-1.344287385957112	1.3848152102843017
0.005500000000000001	0.4981967879665514	3.01715212456255e-5	4.000509300438061	-1.6864645861810115	1.3864216781242522
0.0017392527130926088	0.49839008227311976	0.006104361808636272	3.9767195504598885	-1.3877842389288948	1.3804572458763134
0.00055	0.49848509120687556	0.0006733868205945903	3.997298823798871	-2.360464048279923	1.3856188389558797
0.00017392527130926088	0.49935075155240893	0.007975793000444487	3.9683587213292566	-1.001187558031726	1.3783525888972714
5.500000000000001e-5	0.5015776735745	0.006823101384023644	3.97244868565526	-0.8915548139663514	1.3793827019520402
1.739252713092609e-5	0.5090037685349049	0.02648485022642444	3.8927565614906516	-1.747578603328567	1.3591175343049025
5.500000000000001e-6	0.530450925899784	0.05626165108242187	3.756095382249457	-6.244508472849005	1.3233799556586838
1.7392527130926088e-6	0.5838999073826906	0.11286674163553156	3.393165278375671	-4.134747453747957	1.221763196191223
5.5e-7	0.6508734257584867	0.05574127746151181	3.0610554969845616	-1.9609835718213093	1.118759790143438
1.7392527130926088e-7	0.664239924850363	0.006340644324053679	2.9825213133428545	-1.1181076287103393	1.0927690210977967
5.5e-8	0.6640970425201698	-2.4699132334271567e-5	3.000004657098156	-2.1585382760989806	1.098613841032957
1.7392527130926088e-8	0.6642514267128894	0.0059668952228064676	2.982227543558986	-2.559801483492474	1.092670519118534
5.5000000000000004e-9	0.6640748053899598	-2.507379076699401e-5	3.0000048759237865	4.627618706120879	1.0986139139747177
1.739252713092609e-9	0.6642304384726107	0.0060188889799993595	2.9820737980357204	-2.742466758844385	1.0926189638685575
5.500000000000001e-10	0.6640521765147009	-2.5452210758114546e-5	3.000004957975196	-5.6684952062363525	1.0986139413251426
1.739252713092609e-10	0.6642090783591506	0.006071754750894054	2.9819173158345063	-3.3096928907783916	1.0925664882030972
5.5000000000000004e-11	0.6640291489399799	-2.5839870814170496e-5	3.0000050286043187	-4.958742664092976	1.0986139648681443
1.7392527130926088e-11	0.664187340402102	0.006125552280346613	2.981758076635519	-8.551428544272806	1.092513085162675
5.5e-12	0.6640057124544798	-2.623781135291381e-5	3.000005099638753	-11.731007207541966	1.0986139885462494
1.7392527130926087e-12	0.6641652149028978	0.006180310065598382	2.9815960122663747	-8.551328187365893	1.0924587317344638
5.500000000000001e-13	0.6639818561192932	-2.664647302386136e-5	3.000005172311723	-5.396285440084898	1.098614012770531
1.7392527130926086e-13	0.6641426914536426	0.006236054392790957	2.981431047455519	-2.863941862991282	1.0924034025168545
5.5000000000000005e-14	0.6639575685633462	-2.7066251783613993e-5	3.0000052468004235	-6.198210183698748	1.0986140376000546
1.7392527130926088e-14	0.6641197592329319	0.006292812179308438	2.981263103749939	-10.76857455779226	1.0923470710326746
5.5e-15	0.6639328379974608	-2.7497554543565172e-5	3.0000053231757784	-14.888544284248688	1.0986140630584618
1.7392527130926088e-15	0.6640964070197206	0.006350611294950292	2.981092099793676	-10.866341153439649	1.092289709822055
5.500000000000001e-16	0.663907652198786	-2.794080734158655e-5	3.000005401504882	-6.521566170698529	1.098614089168116
1.7392527130926087e-16	0.6640726231785745	0.006409480638676968	2.9809179512400594	-4.16167662079461	1.092231290412435
5.5000000000000006e-17	0.6638819984907748	-2.83964553193794e-5	3.0000054818540276	1.1184147471433317	1.0986141159511162
1.739252713092609e-17	0.6640483956403405	0.006469450186566306	2.980740570614095	-3.8646120691491936	1.092171783271807
5.500000000000001e-18	0.6638558637222306	-2.886496479104217e-5	3.0000055642932173	-6.565824795226906	1.0986141434307952
1.7392527130926087e-18	0.6640237118819978	0.006530551044150346	2.980559867168624	-5.191231749546166	1.0921111577598364
5.500000000000001e-19	0.6638292342446239	-2.934682386634968e-5	3.000005648893822	-7.195028950293978	1.0986141716309443
1.7392527130926086e-19	0.6639985589049922	0.006592815499325333	2.9803757467282503	-5.48438590695028	1.0920493820748238
5.500000000000001e-20	0.6638020958885915	-2.984254440563383e-5	3.0000057357320857	-7.5547808760286825	1.0986142005769772
1.7392527130926087e-20	0.6639729232126528	0.006656277080240969	2.980188111528444	-5.681980153775642	1.0919864231990093
5.5e-21	0.6637744339388139	-3.035266297191086e-5	3.000005824887364	-0.398985584450676	1.098614230295346
1.7392527130926086e-21	0.6639467907859828	0.006720970614517929	2.979996860041275	-5.257780676702719	1.0919222468393335
5.5e-22	0.663746233107457	-3.087774219645567e-5	3.0000059164420607	-0.3597608104223582	1.0986142608135188
1.7392527130926087e-22	0.663920147058155	0.00678693229266214	2.9798018867931364	-6.049373114597101	1.0918568173654568
5.5e-23	0.6637174775059866	-3.141837241527057e-5	3.0000060104818607	-7.554775009894031	1.0986142921600563
1.7392527130926087e-23	0.6638929768875019	0.006854199735690791	2.9796030821706636	-5.60414852939156	1.0917900977437558
5.5000000000000006e-24	0.663688150615507	-3.1975173355291986e-5	3.0000061070962585	-9.353561793218264	1.0986143243647903
1.739252713092609e-24	0.6638652645289462	0.006922812066331718	2.979400332216499	-7.167077259709805	1.0917220494678466
5.5e-25	0.663658235255288	-3.254879622605067e-5	3.000006206380483	-11.729716247920482	1.0986143574594642
1.739252713092609e-25	0.6638369936036954	0.006992809985437609	2.9791935184124414	-6.892760664854748	1.0916526324848046
5.5e-26	0.6636277135489952	-3.3139924945135846e-5	3.000006308432148	-8.00458109748232	1.0986143914766149
1.7392527130926087e-26	0.6638081470668842	0.007064235850707923	2.978982517448003	-18.384213587065947	1.09158180511641
5.500000000000001e-27	0.6635965668894358	-3.3749278648853576e-5	3.0000064133540207	-8.096222540848071	1.0986144264504982
1.7392527130926087e-27	0.6637787071735416	0.007137133763025494	2.9787672009764847	5.213537846277484	1.0915095239761177
5.500000000000001e-28	0.663564775900764	-3.4377613873370905e-5	3.0000065212540443	9.755739335664543	1.0986144624170953
1.7392527130926088e-28	0.6637486554422511	0.007211549656910843	2.978547435355603	3.642068099661877	1.091435743880757
5.5e-29	0.6635323203982519	-3.5025726460302664e-5	3.000006632243747	-15.119489440602123	1.0986144994135818
1.7392527130926088e-29	0.6637179726165017	0.007287531395754554	2.978323081370391	-9.362074986223721	1.0913604177561793
5.5000000000000005e-30	0.6634991793460101	-3.569445497020318e-5	3.00000674644229	-9.893300653960168	1.0986145374796779
