1.739252713092609	0.24380736212256235	0.5349105520511415	8.91674069265366	0.580949382260672	2.1879304866192943
0.55	0.3047332393120508	1.1095127997565999	11.674421251440915	0.3924585051935644	2.4574002307151916
0.1739252713092609	0.2235627777270878	1.3934533200113621	4.082645917538532	0.24674724018238262	1.4067452874254682
0.05500000000000001	0.16403211862010217	0.5145846833265127	4.723003525237731	1.9055671158140335	1.5524449373116966
0.017392527130926087	0.20131812200224503	1.060925367752513	3.7064505882313274	2.428232208650778	1.3100747039132257
0.005500000000000001	0.1640183214061313	0.514211762253663	4.722723938684657	2.0744113963888338	1.5523857387895663
0.0017392527130926088	0.20131313916829294	1.060945197595153	3.7062184382842367	2.967984802615239	1.3100120679190013
0.00055	0.16401832140798583	0.5142117622836505	4.722723938727584	2.3291643006691816	1.5523857387986557
0.00017392527130926088	0.20131308920334892	1.060945407256055	3.706216101959575	2.9680675907016836	1.3100114375391578
5.500000000000001e-5	0.1640182537869902	0.5142111385876114	4.722722489238901	2.3459116809458127	1.5523854318806727
1.739252713092609e-5	0.20131308888705116	1.0609453976931884	3.706216095819705	7.034708491929211	1.3100114358825168
5.500000000000001e-6	0.1640182537247989	0.5142111380139578	4.722722487905698	5.198877551607098	1.5523854315983772
1.7392527130926088e-6	0.2013130888872571	1.0609453976823922	3.7062160958374633	3.723885102181684	1.3100114358873083
5.5e-7	0.16401825372534362	0.5142111380190487	4.722722487917564	2.5454745627530717	1.5523854316008898
1.7392527130926088e-7	0.20131308888730676	1.0609453976822334	3.7062160958400785	3.7774375907853415	1.310011435888014
5.5e-8	0.1640182537254056	0.5142111380197467	4.722722487918777	3.8378263423947527	1.5523854316011465
1.7392527130926088e-8	0.20131308888728214	1.0609453976822696	3.7062160958400403	4.317333543194973	1.3100114358880037
5.5000000000000004e-9	0.1640182537254038	0.5142111380196589	4.722722487918926	4.446587758166952	1.552385431601178
1.739252713092609e-9	0.20131308888730765	1.0609453976822314	3.706216095840217	7.827074188660723	1.3100114358880512
5.500000000000001e-10	0.16401825372541126	0.5142111380197434	4.722722487918924	5.090949125504727	1.5523854316011778
1.739252713092609e-10	0.20131308888730448	1.060945397682245	3.706216095840258	7.447770204359611	1.3100114358880623
5.5000000000000004e-11	0.16401825372541526	0.5142111380197062	4.7227224879190945	10.397755103189905	1.5523854316012138
1.7392527130926088e-11	0.20131308888730995	1.0609453976822105	3.706216095840304	14.069416983793634	1.3100114358880748
5.5e-12	0.16401825372542317	0.5142111380197377	4.722722487919173	10.39775510318886	1.5523854316012304
1.7392527130926087e-12	0.20131308888731803	1.0609453976822356	3.7062160958402313	8.094509125615522	1.3100114358880552
5.500000000000001e-13	0.16401825372542056	0.5142111380197153	4.722722487919089	5.09094912550453	1.5523854316012127
1.7392527130926086e-13	0.2013130888872901	1.0609453976823877	3.7062160958392694	9.30971275545127	1.3100114358877957
5.5000000000000005e-14	0.16401825372538237	0.5142111380194624	4.72272248791826	12.997193878989409	1.552385431601037
1.7392527130926088e-14	0.20131308888729105	1.0609453976822714	3.706216095839819	17.586771229744183	1.310011435887944
5.5e-15	0.164018253725402	0.514211138019656	4.722722487918672	12.997193878987222	1.5523854316011243
1.7392527130926088e-15	0.20131308888729427	1.0609453976822336	3.7062160958401007	9.309712755449166	1.31001143588802
5.500000000000001e-16	0.16401825372540887	0.5142111380197405	4.7227224879188165	6.363686406881036	1.552385431601155
1.7392527130926087e-16	0.20131308888731075	1.0609453976822374	3.7062160958402686	8.09450912561544	1.3100114358880652
5.5000000000000006e-17	0.16401825372541345	0.5142111380197794	4.7227224879188565	6.564010500151292	1.5523854316011634
1.739252713092609e-17	0.20131308888729968	1.0609453976822925	3.706216095839923	9.983500092674499	1.310011435887972
5.500000000000001e-18	0.16401825372539852	0.514211138019698	4.722722487918524	7.890793837921198	1.552385431601093
1.7392527130926087e-18	0.20131308888729507	1.0609453976822392	3.7062160958402544	11.062495801585118	1.3100114358880615
5.500000000000001e-19	0.16401825372540857	0.5142111380198063	4.722722487918759	8.681433242135785	1.5523854316011427
1.7392527130926086e-19	0.20131308888730615	1.0609453976822176	3.706216095840404	11.602129743125387	1.3100114358881019
5.500000000000001e-20	0.1640182537254153	0.5142111380198255	4.722722487918904	9.104917790532374	1.5523854316011734
1.7392527130926087e-20	0.20131308888731	1.060945397682221	3.706216095840381	11.60244605364731	1.3100114358880954
5.5e-21	0.1640182537254225	0.5142111380197527	4.722722487919111	9.170382027853261	1.5523854316012173
1.7392527130926086e-21	0.2013130888873164	1.0609453976822891	3.706216095839935	11.602446053648706	1.3100114358879753
5.5e-22	0.16401825372541062	0.5142111380196185	4.722722487918829	9.104917790532518	1.5523854316011576
1.7392527130926087e-22	0.20131308888730992	1.0609453976822791	3.7062160958399213	11.602129743126898	1.3100114358879715
5.5e-23	0.1640182537254047	0.5142111380196156	4.722722487918792	9.528402338929455	1.5523854316011496
1.7392527130926087e-23	0.20131308888732702	1.0609453976821939	3.706216095840457	14.030482484399384	1.310011435888116
5.5000000000000006e-24	0.1640182537254253	0.5142111380198209	4.722722487919129	11.030389771926426	1.552385431601221
1.739252713092609e-24	0.2013130888873145	1.0609453976822214	3.7062160958403627	16.13683544277834	1.3100114358880905
5.5e-25	0.16401825372542128	0.5142111380197367	4.722722487919141	10.375371435722418	1.5523854316012236
1.739252713092609e-25	0.20131308888732594	1.0609453976822136	3.7062160958404218	13.22103156774747	1.3100114358881065
5.5e-26	0.16401825372542655	0.5142111380197899	4.722722487919087	22.528469390242424	1.5523854316012122
1.7392527130926087e-26	0.20131308888731614	1.0609453976822287	3.7062160958403374	15.649384304681035	1.3100114358880839
5.500000000000001e-27	0.16401825372541876	0.5142111380197901	4.722722487918966	12.281051903508612	1.5523854316011865
1.7392527130926087e-27	0.20131308888728985	1.0609453976823393	3.70621609583961	16.189018251233758	1.3100114358878876
5.500000000000001e-28	0.16401825372539455	0.5142111380195217	4.722722487918557	13.912120491181245	1.5523854316011
1.7392527130926088e-28	0.20131308888732063	1.060945397682222	3.7062160958402477	22.698515147116908	1.3100114358880597
5.5e-29	0.16401825372541845	0.5142111380197861	4.722722487918894	13.91212049118079	1.5523854316011714
1.7392527130926088e-29	0.20131308888730634	1.060945397682214	3.706216095840358	15.109750363140227	1.3100114358880892
