-1.0	0.0193272383303193
-0.9799308653125577	0.024020670367162794
-0.960264500792218	0.03149634618409189
-0.9409928231902495	0.04056490036690358
-0.9221079114817278	0.048648132231576116
-0.9036020036098449	0.05469946531109353
-0.8854674932955561	0.05920090707009017
-0.8676969269112557	0.06341173419653165
-0.850283000417194	0.06684661058369633
-0.8332185563593787	0.06833241586963917
-0.816496580927726	0.06976193991294775
-0.8001102010732514	0.06620982056845
-0.7840526816831157	0.06258680557407814
-0.7683174228123669	0.0597538060136111
-0.752897956971237	0.057963591184044996
-0.7377879464668811	0.060401600890228876
-0.7229811807984657	0.05920726256520655
-0.7084715741045352	0.058910637394821136
-0.6942531626616071	0.06145240574283979
-0.6803201024329685	0.06682601779128118
-0.6666666666666666	0.07332733081339865
-0.6532872435417052	0.08050418068305637
-0.6401763338614787	0.09016137429428923
-0.6273285487934996	0.09837834328167676
-0.6147386076544852	0.10315238963788727
-0.6024013357398965	0.11134779563626619
-0.5903116621970375	0.11755116532028088
-0.5784646179408371	0.12385030531185748
-0.5668553336114626	0.1287161916994217
-0.555479037572919	0.13195720007964826
-0.5443310539518174	0.14263059303429082
-0.533406800715501	0.1454918361480597
-0.5227017877887438	0.14858407937798718
-0.5122116152082447	0.15192152374252665
-0.5019319713141579	0.15617883692225337
-0.4918586309779207	0.17197342919923672
-0.48198745386564384	0.17794431422876703
-0.47231438273635684	0.18343804227358929
-0.4628354417744047	0.19384221457944914
-0.4535467349553123	0.19595256612299358
-0.4444444444444444	0.21452352600684918
-0.43552482902780343	0.21997374652493065
-0.42678422257431914	0.222185128516589
-0.4182190325289998	0.22725191168220793
-0.4098257384363234	0.24480143774677893
-0.40160089049326436	0.2931116014230883
-0.3935411081313583	0.3267342157404268
-0.38564307862722474	0.3273576200253769
-0.37790355574097506	0.3526988829267004
-0.370319358381946	0.3778462766142275
-0.36288736930121157	0.4260280486304175
-0.35560453381033397	0.45248247570108435
-0.3484678585258292	0.4789504443190889
-0.34147441013882973	0.46326523893732974
-0.33462131420943864	0.48938026809935686
-0.3279057539852805	0.5509251696282508
-0.3213249692437626	0.5912094126944178
-0.3148762551575712	0.5907274541987555
-0.30855696118293646	0.6199697948939064
-0.3023644899702082	0.6830592470988749
-0.2962962962962963	0.8193282023642422
-0.2903498860185356	0.8919420608646206
-0.28452281504954613	0.9170928350656018
-0.2788126883526665	0.9278227010371016
-0.27321715895754894	0.9602075571340287
-0.2677339269955096	1.1373925363293165
-0.2623607387542389	1.2455029772001338
-0.2570953857514832	1.2720130604052302
-0.25193570382731667	1.3734801998757178
-0.2468795722546307	1.529004063104813
-0.2419249128674744	1.6859078614666594
-0.2370696892068893	1.7170724416082241
-0.23231190568388618	1.7941027551926156
-0.2276496067592198	1.881619070233917
-0.22308087613962574	1.989333838052484
-0.21860383599018698	2.178118550366988
-0.21421664616250838	2.3347872908327942
-0.20991750343838084	2.5671407621046045
-0.20570464078862427	2.77619083427608
-0.20157632664680544	2.8571716630736357
-0.19753086419753085	2.960318333951746
-0.19356659067902376	2.9564711238228933
-0.1896818766996974	3.0541904741373993
-0.18587512556844432	3.1932268439349634
-0.18214477263836595	3.2978916608533178
-0.17848928466367306	3.527546955651901
-0.17490715916949257	3.62273322690118
-0.17139692383432215	3.675734697973619
-0.1679571358848778	3.7123422842821316
-0.16458638150308713	3.856422898052199
-0.16128327524498293	4.273593166810297
-0.15804645947125953	4.47355516003055
-0.15487460378925744	4.490000230724093
-0.15176640450614653	4.56591526728502
-0.14872058409308384	4.840080842457336
-0.14573589066012466	5.327781842538041
-0.14281109744167225	5.594047455700678
-0.1399450022922539	5.877879695174137
-0.1371364271924162	6.22429150778599
-0.13438421776453696	6.6006375991272686
-0.13168724279835392	7.288164059678161
-0.12904439378601584	7.805154056376578
-0.12645458446646496	8.355414909610959
-0.12391675037896288	8.927816782847763
-0.12142984842557732	9.517772448226161
-0.1189928564424487	10.51059514678645
-0.11660477277966172	11.1765384163207
-0.11426461588954809	11.888221029948742
-0.11197142392325185	12.652979270586673
-0.10972425433539142	13.517048724417146
-0.10752218349665528	15.191571227854803
-0.10536430631417303	16.469988309981765
-0.10324973585950496	17.71689403242759
-0.10117760300409769	19.160100169342183
-0.09914705606205589	20.971274065024478
-0.0971572604400831	23.75416030105406
-0.09520739829444817	25.989576839702632
-0.09329666819483592	28.39739434865047
-0.09142428479494413	31.15923037407703
-0.08958947850969132	34.20202190565219
-0.0877914951989026	38.669994884198324
-0.08602959585734389	42.803179513489695
-0.08430305631097663	47.34397659853329
-0.08261116691930859	52.53000279281057
-0.0809532322837182	58.42975338693209
-0.07932857096163247	66.40509989570035
-0.07773651518644115	74.14867431948188
-0.07617641059303205	83.26254850872748
-0.07464761594883457	94.86549958875183
-0.07314950289026094	107.6337470873261
-0.07168145566443686	122.97014545427572
-0.07024287087611535	140.02504709006848
-0.06883315723966997	160.435285484506
-0.06745173533606512	176.44339138091593
-0.06609803737470393	195.23293302484527
-0.0647715069600554	215.30055606097238
-0.06347159886296545	231.78859788461574
-0.06219777879655729	232.18937343695774
-0.06094952319662942	249.07583709510646
-0.05972631900646087	260.7671917590485
-0.05852766346593507	283.0810657516939
-0.057353063904895904	293.1235110575376
-0.05620203754065109	295.8231180579252
-0.055074111279539054	293.0698096399048
-0.053968821522478824	285.8610791060856
-0.05288571397442165	283.13423665119683
-0.05182434345762741	272.24683289752136
-0.05078427372868804	260.9902589914489
-0.04976507729922305	246.71717800423215
-0.04876633526017398	230.13834465370124
-0.04778763710962457	222.23126649694154
-0.046828580584076886	210.4871858936283
-0.045888771493113316	193.28119364216798
-0.04496782355737675	175.46095972409256
-0.044065358249802636	162.58533900808186
-0.043181004640036935	153.4517996797045
-0.04231439924197695	142.5930828191959
-0.04146518586437153	132.47213373989467
-0.04063301546441961	122.50874444274196
-0.039817546004307265	113.41430828444165
-0.03901844231062338	105.07540756117443
-0.038235375936597274	95.97041990072799
-0.037468025027100726	89.48311964325033
-0.036716074186359374	84.468354430336
-0.035979214348319216	79.13861662952195
-0.03525714264961443	74.87006879968446
-0.03454956230508494	71.91769641022185
-0.03385618248579202	69.43897217446491
-0.03317671819948203	67.01636050773058
-0.03251089017344932	63.58804772009272
-0.03185842473974971	60.014942071845226
-0.031219053722717924	56.77432167542836
-0.030592514328742212	54.05033518535032
-0.029978549038251166	51.33838314817105
-0.029376905499868423	49.16746721078819
-0.02878733642669129	47.54208847855758
-0.0282095994946513	45.857392235807474
-0.02764345724291435	44.38571313536961
-0.02708867697627974	43.05814058121103
-0.026545030669538176	41.43356278878411
-0.02601229487374892	40.238422374988815
-0.02549025062439818	39.12931181098783
-0.024978683351400483	38.223078802415245
-0.024477382790906246	37.31266026295953
-0.023986142898879476	36.54184202896921
-0.02350476176640962	36.10729471665159
-0.023033041536723295	35.46030927138834
-0.022570788323861352	34.61905344250792
-0.02211781213298802	34.350372187950605
-0.021673926782299548	32.76512462203551
-0.02123894982649981	31.5173026124061
-0.020812702481811947	30.51313471217389
-0.02039500955249481	30.069423237043498
-0.01998569935883411	29.18279475874776
-0.019584603666578947	28.24738315704209
-0.019191557617794192	27.45067601157941
-0.018806399663100867	26.732333815028475
-0.018428971495276232	26.505590370707473
-0.018059117984186496	25.773698426774075
-0.017696687113025453	24.955131056960244
-0.017341529915832612	25.018299290724414
-0.016993500416265454	24.78443529326276
-0.01665245556760032	24.47595838385604
-0.016318255193937498	24.207641786013586
-0.01599076193258632	24.076177701129257
-0.015669841177606413	24.06334685181709
-0.015355361024482195	23.805902687048523
-0.015047192215907567	23.481456697188488
-0.01474520808865868	23.478325056730522
-0.014449284521533032	22.356808579243538
-0.014159299884333206	21.925757843252214
-0.013875134987874632	21.44926182981183
-0.013596673034996539	21.084810114173287
-0.013323799572556074	20.75980790108968
-0.013056402444385965	20.47946596841934
-0.01279437174519613	20.37933703847973
-0.012537599775400577	20.08201238073311
-0.012285980996850823	19.679095313625673
-0.012039411989457663	19.447560333395778
-0.011797791408683634	19.245154276231574
-0.011561019943888409	19.28677104549937
-0.011329000277510302	19.133481560704304
-0.011101637045066882	19.017247902535694
-0.010878836795958332	18.883985740428265
-0.010660507955057545	18.856917523925834
-0.010446560785070943	18.977829159093876
-0.010236907349654798	18.886587479908716
-0.010031461477271712	18.682907188350896
-0.009830138725772453	18.702349609549984
-0.009632856347688687	17.765448994716884
-0.009439533256222137	17.582651716688048
-0.009250089991916422	17.34307163424176
-0.009064448689997692	17.1477424924301
-0.008882533048370717	16.988759059387636
-0.00870426829625731	16.85029083241535
-0.008529581163464086	16.871252494951428
-0.008358399850267052	16.707900995177454
-0.008190653997900548	16.424695862780695
-0.008026274659638441	16.329517632838282
-0.007865194272455757	16.25614659966741
-0.0077073466292589396	16.371048027505076
-0.007552666851673535	16.290757208744914
-0.007401091363377921	16.240246953904887
-0.007252557863972222	16.168497712746415
-0.007107005303371697	16.196774330810644
-0.006964373856713961	16.365489779043013
-0.006824604899769865	16.334404481740457
-0.006687640984847807	16.18393114331704
-0.006553425817181636	16.207394577361256
-0.0064219042317924585	15.378911546337356
-0.006293022170814758	15.292741374367
-0.006166726661277614	15.144837242787851
-0.006042965793331795	15.038242736565856
-0.005921688698913811	14.94864400070509
-0.005802845530838207	14.863934222532357
-0.005686387442309391	14.927209854473507
-0.005572266566844701	14.821115266804938
-0.005460435998600365	14.604552269621216
-0.005350849773092295	14.560057542318741
-0.005243462848303838	14.534926934769627
-0.005138231086172626	14.68775299290184
-0.005035111234449024	14.65183196896605
-0.004934060908918614	14.636733694941826
-0.004835038575981481	14.596982261183518
-0.004738003535581132	14.653795853414406
-0.004642915904475974	14.844295925846653
-0.0045497365998465765	14.847757196579062
-0.004458427323231872	14.730339614836804
-0.004368950544787757	14.75766928338298
-0.004281269487861639	14.00398821752947
-0.004195348113876505	13.970440061785855
-0.0041111511075184095	13.870824152534501
-0.0040286438622211965	13.80436564357009
-0.00394779246594254	13.749334177669724
-0.003868563687225471	13.69612675742252
-0.003790924961539594	13.78760338796583
-0.0037148443778964673	13.716369102358708
-0.003640290665733577	13.532410570596145
-0.00356723318206153	13.519477069015137
-0.003495641898869225	13.52453280242184
-0.0034254873907817508	13.694244577895281
-0.0033567408229660156	13.68388817403898
-0.003289373939279076	13.69093672740234
-0.0032233590506543204	13.66869274012096
-0.0031586690237207543	13.740200641009626
-0.0030952772696506495	13.941791849538157
-0.0030331577332310513	13.964576904949968
-0.002972284882154581	13.864571985003568
-0.0029126336965251713	13.893357195831264
-0.002854179658574426	13.187698975897096
-0.002796898742584337	13.183434071096265
-0.002740767405012273	13.110645770971209
-0.002685762574814131	13.065605877214963
-0.0026318616439616935	13.03093862946552
-0.0025790424581503143	12.997895348334684
-0.0025272833076930624	13.107369568727513
-0.002476562918597645	13.05679345951396
-0.0024268604438223845	12.892100300704733
-0.0023781554547076863	12.898752618007766
-0.002330427932579483	12.921208957167794
-0.002283658260521167	13.099382294019794
-0.0022378272153106772	13.103814082636925
-0.0021929159595193825	13.123687824414485
-0.0021489060337695487	13.110949058189822
-0.0021057793491471694	13.190099281055938
-0.0020635181797670995	13.397488578275352
-0.0020221051554873675	13.430810677969179
-0.0019815232547697194	13.34014342035726
-0.0019417557976834491	13.369623863787982
-0.0019027864390496173	12.694101739414302
-0.0018645991617228914	12.706733340169803
-0.001827178270008182	12.649591094758389
-0.0017905083832094194	12.617660324100992
-0.001754574429307797	12.595374698776514
-0.0017193616387668762	12.574695269346313
-0.0016848555384620417	12.69458578258159
-0.0016510419457317633	12.656047745529209
-0.0016179069625482552	12.503794045175157
-0.0015854369698051255	12.521996231705721
-0.0015536186217196555	12.554134083797607
-0.0015224388403474447	12.737416720282575
-0.001491884810207118	12.750961162655612
-0.0014619439730129216	12.77851232471552
-0.0014326040225130323	12.771428712474139
-0.0014038528994314463	12.855015265873675
-0.0013756787865113998	13.065845699601454
-0.001348070103658245	13.105182412302856
-0.001321015503179813	13.019759534035973
-0.0012945038651222993	13.049455028590378
-0.001268524292699745	12.392725631105574
-0.0012430661078152608	12.415409973070764
-0.0012181188466721213	12.367582011839376
-0.0011936722554729462	12.343830148338737
-0.0011697162862051981	12.329073313424724
-0.0011462410925112507	12.315886895779624
-0.001123237025641361	12.441857634299126
-0.0011006946304878422	12.410541525462339
-0.0010786046416988368	12.26641229631113
-0.0010569579798700836	12.29155625855264
-0.0010357457478131038	12.329378959863341
-0.0010149592268982965	12.516044133116266
-0.000994589873471412	12.535437981335438
-0.0009746293153419477	12.567805658755956
-0.0009550693483420216	12.564346457931165
-0.0009359019329542975	12.650766600947469
-0.0009171191910075999	12.863849273432985
-0.00089871340243883	12.906832190096079
-0.0008806770021198753	12.824505134279281
-0.0008630025767481995	12.854096174525038
-0.0008456828617998299	12.209133751279593
-0.0008287107385435072	12.237984886504531
-0.0008120792311147475	12.19580963351494
-0.0007957815036486309	12.177216413990966
-0.000779810857470132	12.16708847554205
-0.0007641607283408339	12.158487202891017
-0.0007488246837609074	12.288141307895096
-0.0007337964203252282	12.261298914374791
-0.0007190697611325579	12.12248587704014
-0.0007046386532467224	12.151945152121334
-0.0006904971652087358	12.193290725838562
-0.0006766394845988643	12.382273595808236
-0.000663059915647608	12.40551332121721
-0.0006497528768946319	12.44100112354719
-0.0006367128988946811	12.439955568428237
-0.0006239346219695317	12.528280584538754
-0.0006114127940050665	12.742930610610559
-0.0005991422682925533	12.78823271368322
-0.0005871180014132501	12.707804588405997
-0.0005753350511654663	12.737108529092522
-0.0005637885745332199	12.09953331092926
-0.0005524738256956715	12.132284108966909
-0.0005413861540764983	12.093600414394668
-0.0005305210024324205	12.07831603246774
-0.0005198739049800881	12.071084181302192
-0.0005094404855605558	12.065332973395899
-0.000499216455840605	12.197316384173753
-0.0004891976135501521	12.173316697555938
-0.0004793798407550386	12.037989564921853
-0.0004697591021644816	12.070211364202056
-0.0004603314434724905	12.113821415067145
-0.0004510929897325762	12.304422734690668
-0.000442039943765072	12.33023513671154
-0.00043316858459642124	12.36778545456687
-0.00042447526592978736	12.368378385494227
-0.00041595641464635446	12.45801947611373
-0.0004076085293367111	12.673807742670963
-0.0003994281788617022	12.72063573727667
-0.0003914120009421668	12.641400977742503
-0.0003835567007769776	12.670321580349093
-0.0003758590496888133	12.037357892421392
-0.00036831588379711435	12.072643590736167
-0.0003609241027176656	12.036139098248123
-0.0003536806682882804	12.023017718710843
-0.0003465826033200587	12.017629629803539
-0.00033962699037370394	12.013674143989281
-0.00033281097056040327	12.147194869750209
-0.00032613174236676806	12.125034276687702
-0.00031958656050335907	11.991994849234985
-0.0003131727347763211	12.026027552173224
-0.00030688762898166037	12.071128690079103
-0.0003007286598217175	12.262881136070185
-0.0002946932958433813	12.290440830535216
-0.00028877905639761414	12.329373806151695
-0.00028298351061985824	12.331093169840234
-0.000277304276430903	12.421661654774725
-0.00027173901955780737	12.638307450251574
-0.00026628545257446814	12.686163154385277
-0.00026094133396144454	12.60768479874878
-0.00025570446718465174	12.636170080514052
-0.0002505726997925422	12.00602847463263
-0.00024554392253140953	12.043002754937273
-0.00024061606847844373	12.00785773195415
-0.0002357871121921869	11.996178068171213
-0.00023105506888003913	11.991980751230763
-0.00022641799358246928	11.98916489051386
-0.0002218739803736022	12.123742462448137
-0.00021742116157784537	12.102785625420397
-0.00021305770700223936	11.971245440779443
-0.00020878182318421405	12.006489241716293
-0.00020459175265444024	12.052589544418831
-0.00020048577321447834	12.245180020511851
-0.0001964621972289209	12.273945792133231
-0.00019251937093174278	12.313817021232632
-0.00018865567374657218	12.316320870904699
-0.00018486951762060197	12.40755666800503
-0.00018115934637187158	12.624873207737869
-0.00017752363504964543	12.67343398628296
-0.00017396088930762967	12.595431335151776
-0.00017046964478976783	12.623449994543408
-0.00016704846652836148	11.994961184779118
-0.00016369594835427304	12.03308692069344
-0.00016041071231896249	11.998777628011087
-0.0001571914081281246	11.988078241699482
-0.00015403671258669275	11.984658135929617
-0.0001509453290549795	11.982564726047235
-0.0001479159869157348	12.117898699219626
-0.00014494744105189692	12.09773550386842
-0.00014203847133482624	11.967173372169242
-0.00013918788212280938	12.003242830958351
-0.00013639450176962682	12.050023310571866
-0.00013365718214298556	12.243242413861346
-0.00013097479815261392	12.272857155195908
-0.0001283462472878285	12.313373660345219
-0.00012577044916438145	12.316433154075497
-0.00012324634508040133	12.408161912742816
-0.00012077289758124772	12.626024425353238
-0.00011834909003309695	12.675077876746974
-0.00011597392620508646	12.597366403003775
-0.0001136464298598452	12.624897075706137
-0.00011136564435224097	11.99728994505913
-0.00010913063223618202	12.036220848936257
-0.00010694047487930832	12.002407345871491
-0.00010479427208541641	11.992389091844034
-0.00010269114172446183	11.989480045895977
-0.00010063021936998635	11.98783947630311
-9.86106579438232e-5	12.123737869849053
-9.663162736793128e-5	12.104100322715095
-9.46923142232175e-5	11.974170547885203
-9.279192141520625e-5	12.010814910857263
-9.092966784641788e-5	12.058066626154716
-8.910478809532371e-5	12.25177462269099
-8.731653210174262e-5	12.282001905925588
-8.556416485855234e-5	12.322969707447541
-8.384696610958763e-5	12.326431800466242
-8.216423005360088e-5	12.418536861153159
-8.051526505416515e-5	12.636862097832484
-7.889939335539797e-5	12.686267290724368
-7.731595080339098e-5	12.608724109797402
-7.576428657323014e-5	12.635750916915615
-7.424376290149399e-5	12.008513916453943
-7.275375482412135e-5	12.048024632351671
-7.129364991953888e-5	12.014484085149084
-6.986284805694428e-5	12.00495123332228
-6.846076114964122e-5	12.002380086764814
-6.708681291332423e-5	12.001016187154837
-6.574043862921546e-5	12.137354575556616
-6.442108491195419e-5	12.118066259221848
-6.3128209482145e-5	11.988539016262365
-6.186128094347084e-5	12.025593910078644
-6.061977856427859e-5	12.073179293384085
-5.9403192063549134e-5	12.26728312788954
-5.821102140116175e-5	12.29796614401575
-5.7042776572368226e-5	12.339256521546977
-5.5897977406391754e-5	12.343018978007485
-5.4776153369067255e-5	12.435422468252222
-5.3676843369443434e-5	12.654155034847076
-5.259959557026531e-5	12.703818137230439
-5.154396720226065e-5	12.62636086231552
-5.050952438215343e-5	12.652871516616509
-4.949584193432932e-5	12.025663964107812
-4.85025032160809e-5	12.0656071377373
-4.752909994635925e-5	12.032192640105317
-4.6575232037962846e-5	12.023016409128381
-4.564050743309414e-5	12.020669762348927
-4.4724541942216154e-5	12.019466617426598
-4.3826959086143644e-5	12.156163648827125
-4.294738994130279e-5	12.137107925076267
-4.208547298809667e-5	12.007830193471385
-4.1240853962313886e-5	12.045187372452272
-4.041318570951906e-5	12.093015612958585
-3.960212804236609e-5	12.287453433093111
-3.8807347600774495e-5	12.318488094901554
-3.802851771491215e-5	12.360015533173964
-3.726531827092784e-5	12.364010119274319
-3.651743557937817e-5	12.456660161841306
-3.578456224629562e-5	12.675763316602215
-3.506639704684354e-5	12.725621772474135
-3.43626448015071e-5	12.648194979255262
-3.367301625476895e-5	12.674179821002072
-3.299722795621955e-5	12.046774145434313
-3.233500214405393e-5	12.087053280963604
-3.168606663090617e-5	12.053667679522446
-3.1050154691975235e-5	12.044763094630019
-3.0427004955396098e-5	12.042566436867128
-2.981636129481077e-5	12.04144745503898
-2.921797272409576e-5	12.178449671096734
-2.863159329420186e-5	12.15954923143318
-2.8056981992064443e-5	12.030419022940087
-2.749390264154259e-5	12.068007014143886
-2.694212380634604e-5	12.116018101709434
-2.6401418694910726e-5	12.310748881204178
-2.5871565067182997e-5	12.34206608561476
-2.5352345143274767e-5	12.383773742331247
-2.484354551395189e-5	12.387954941877672
-2.434495705291878e-5	12.48081703374294
-2.385637483086375e-5	12.700266498610842
-2.3377598031229026e-5	12.750278591350638
-2.2908429867671398e-5	12.672844924484234
-2.24486775031793e-5	12.698296293802626
-2.199815197081303e-5	12.070540028100696
-2.1556668096035954e-5	12.111091995055094
-2.1124044420604114e-5	12.077670931916106
-2.0700103127983487e-5	12.068981867956209
-2.0284669970264065e-5	12.066886192295645
-1.9877574196540514e-5	12.065800635138963
-1.947864848273051e-5	12.203072821005096
-1.908772886280124e-5	12.184276354040202
-1.8704654661376297e-5	12.055225633901335
-1.832926842769506e-5	12.092997184078548
-1.796141587089736e-5	12.141151466224969
-1.760094579660715e-5	12.336148066103322
-1.7247710044788664e-5	12.367701951859871
-1.6901563428849843e-5	12.409552040989537
-1.6562363675967926e-5	12.413889498964561
-1.622997136861252e-5	12.506940728359648
-1.59042498872425e-5	12.726720541050717
-1.5585065354152683e-5	12.776858460581856
-1.52722865784476e-5	12.699392709651187
-1.4965785002119535e-5	12.724304469885299
-1.4665434647208688e-5	12.096095089906585
-1.437111206402397e-5	12.13687872003073
-1.4082696280402741e-5	12.103379522445778
-1.3800068751988992e-5	12.094868922113209
-1.3523113313509377e-5	12.092842023951748
-1.325171613102701e-5	12.091756223893373
-1.2985765655153672e-5	12.229275171557628
-1.2725152575200827e-5	12.210548598416354
-1.2469769774250864e-5	12.081531937638866
-1.221951228513004e-5	12.119409265199236
-1.1974277247264906e-5	12.16772246513724
-1.1733963864404767e-5	12.362961405141059
-1.1498473363192443e-5	12.394711396499206
-1.1267708952566563e-5	12.436661679950959
-1.1041575783978618e-5	12.441108292900845
-1.0819980912408346e-5	12.534260140846255
-1.0602833258161666e-5	12.753083276874708
-1.0390043569435124e-5	12.785232929587982
-1.0181524385631732e-5	12.588546048528416
-9.977190001413023e-6	11.68940582266279
-9.776956431472459e-6	10.192589078930244
-9.58074137601598e-6	9.239789607623848
-9.388464186935162e-6	8.741888794143472
-9.200045834659329e-6	8.50319350560659
-9.015408875672917e-6	8.359620272054503
-8.834477420684672e-6	8.277587464061634
-8.657177103435782e-6	8.369547532875634
-8.483435050133884e-6	8.312239442415903
-8.313179849500576e-6	8.259298614633142
-8.146341523420028e-6	8.217767581029744
-7.982851498176604e-6	8.200521065831126
-7.822642576269845e-6	8.350944681060758
-7.665648908794962e-6	8.362323482963273
-7.511805968377709e-6	8.384571463579379
-7.361050522652412e-6	8.412152239047144
-7.213320608272231e-6	8.444614731290194
-7.0685555054411104e-6	8.626933048917829
-6.926695712956749e-6	8.645401853466764
-6.787682923754488e-6	8.646804156623379
-6.651460000942015e-6	8.557810211813955
-6.517970954314973e-6	8.229701306251217
-6.387160917343987e-6	7.665033863058964
-6.258976124623441e-6	6.631356042956685
-6.133363889772886e-6	5.571001790165985
-6.010272583781945e-6	4.740688978047235
-5.889651613789781e-6	4.203993864647096
-5.771451402290521e-6	4.027242958140635
-5.655623366755923e-6	3.8187787510089333
-5.5421198996670504e-6	3.6794829139871084
-5.430894348946685e-6	3.5820432745883712
-5.321900998784403e-6	3.5209941440519104
-5.2150950508465636e-6	3.6319217530546593
-5.1104326058633085e-6	3.6058604886063117
-5.007870645585139e-6	3.594516016390327
-4.907367015101608e-6	3.5932054647632734
-4.8088804055148205e-6	3.5975452984501053
-4.71237033696074e-6	3.749055312626234
-4.617797141971165e-6	3.737797049917027
-4.525121949169659e-6	3.7319553115644917
-4.434306667294677e-6	3.7279892612511247
-4.345313969543315e-6	3.7232413545178376
-4.258107278229324e-6	3.849124770020353
4.258107278229324e-6	5.050963632394773
4.345313969543315e-6	4.818561963487347
4.434306667294677e-6	5.134641535388163
4.525121949169659e-6	5.346329435720661
4.617797141971165e-6	5.492600951516703
4.71237033696074e-6	5.615152886315711
4.8088804055148205e-6	5.046950993483099
4.907367015101608e-6	5.1428402562720015
5.007870645585139e-6	5.229627278482517
5.1104326058633085e-6	5.299523264298003
5.2150950508465636e-6	5.331320865511518
5.321900998784403e-6	4.782127385786749
5.430894348946685e-6	4.96185901064996
5.5421198996670504e-6	5.147749965200416
5.655623366755923e-6	5.317854327371027
5.771451402290521e-6	5.467139542886985
5.889651613789781e-6	4.891363250712714
6.010272583781945e-6	5.0552075846663325
6.133363889772886e-6	5.294174297557271
6.258976124623441e-6	5.6852697715655225
6.387160917343987e-6	6.308985695361027
6.517970954314973e-6	6.525142002870333
6.651460000942015e-6	7.686651632234225
6.787682923754488e-6	8.88041980192657
6.926695712956749e-6	9.782649066974967
7.0685555054411104e-6	10.279203206004476
7.213320608272231e-6	9.823450219158984
7.361050522652412e-6	9.931989677741667
7.511805968377709e-6	10.01018954412155
7.665648908794962e-6	10.067120324032436
7.822642576269845e-6	10.082283319542729
7.982851498176604e-6	9.516310679871836
8.146341523420028e-6	9.677781865702782
8.313179849500576e-6	9.843821185282048
8.483435050133884e-6	9.99178486943891
8.657177103435782e-6	10.118458199354063
8.834477420684672e-6	9.516612239211147
9.015408875672917e-6	9.627442972224733
9.200045834659329e-6	9.73761735165182
9.388464186935162e-6	9.83906828388705
9.58074137601598e-6	9.93980126142685
9.776956431472459e-6	9.386836576303315
9.977190001413023e-6	9.663432797939949
1.0181524385631732e-5	10.274371737036363
1.0390043569435124e-5	11.240670964220508
1.0602833258161666e-5	12.116203102292456
1.0819980912408346e-5	11.87120288862972
1.1041575783978618e-5	12.019034527215908
1.1267708952566563e-5	12.096532219503203
1.1498473363192443e-5	12.14663481362219
1.1733963864404767e-5	12.158989393454698
1.1974277247264906e-5	11.588883380350802
1.221951228513004e-5	11.741601667783824
1.2469769774250864e-5	11.901121288260756
1.2725152575200827e-5	12.040462879226652
1.2985765655153672e-5	12.148605617671539
1.325171613102701e-5	11.530225433782666
1.3523113313509377e-5	11.61740650741159
1.3800068751988992e-5	11.713675890340637
1.4082696280402741e-5	11.821815065999054
1.437111206402397e-5	11.914943988936818
1.4665434647208688e-5	11.311558711974108
1.4965785002119535e-5	11.43994556169448
1.52722865784476e-5	11.641461590782281
1.5585065354152683e-5	11.947625021638167
1.59042498872425e-5	12.304665008037512
1.622997136861252e-5	11.872018634312585
1.6562363675967926e-5	11.988786314814522
1.6901563428849843e-5	12.063826306935802
1.7247710044788664e-5	12.113672527314534
1.760094579660715e-5	12.12595953239057
1.796141587089736e-5	11.557363708375018
1.832926842769506e-5	11.709609518957972
1.8704654661376297e-5	11.868626324368243
1.908772886280124e-5	12.007501670928733
1.947864848273051e-5	12.115248164232634
1.9877574196540514e-5	11.498491779809765
2.0284669970264065e-5	11.58533627506608
2.0700103127983487e-5	11.681270843701673
2.1124044420604114e-5	11.789049563241216
2.1556668096035954e-5	11.881832938543752
2.199815197081303e-5	11.280051922124665
2.24486775031793e-5	11.407994858195552
2.2908429867671398e-5	11.60882383433228
2.3377598031229026e-5	11.91406449181182
2.385637483086375e-5	12.270160811122205
2.434495705291878e-5	11.838722581834377
2.484354551395189e-5	11.955052482075125
2.5352345143274767e-5	12.029717030741924
2.5871565067182997e-5	12.079332152819616
2.6401418694910726e-5	12.091525809006296
2.694212380634604e-5	11.524479765088568
2.749390264154259e-5	11.676196834074375
2.8056981992064443e-5	11.834650081699305
2.863159329420186e-5	11.973000227882837
2.921797272409576e-5	12.08029488277999
2.981636129481077e-5	11.46521098625709
3.0427004955396098e-5	11.551670390816462
3.1050154691975235e-5	11.647223806841936
3.168606663090617e-5	11.75459286185538
3.233500214405393e-5	11.84698807045046
3.299722795621955e-5	11.246883108982583
3.367301625476895e-5	11.374344631114308
3.43626448015071e-5	11.574433540753054
3.506639704684354e-5	11.878668416631456
3.578456224629562e-5	12.233702425475876
3.651743557937817e-5	11.803491151233008
3.726531827092784e-5	11.919315429691753
3.802851771491215e-5	11.993554109533747
3.8807347600774495e-5	12.04288738788782
3.960212804236609e-5	12.05494817074045
4.041318570951906e-5	11.489512753256452
4.1240853962313886e-5	11.64061705221951
4.208547298809667e-5	11.798413936960051
4.294738994130279e-5	11.936150003905079
4.3826959086143644e-5	12.042909157567001
4.4724541942216154e-5	11.429572646641684
4.564050743309414e-5	11.515574034056701
4.6575232037962846e-5	11.610676497967225
4.752909994635925e-5	11.717561708027953
4.85025032160809e-5	11.809504582961926
4.949584193432932e-5	11.211185123106365
5.050952438215343e-5	11.338108699434787
5.154396720226065e-5	11.537377375333012
5.259959557026531e-5	11.8404804940994
5.3676843369443434e-5	12.19427313403349
5.4776153369067255e-5	11.76531850640382
5.5897977406391754e-5	11.880535297425995
5.7042776572368226e-5	11.954272293787618
5.821102140116175e-5	12.003247687948328
5.9403192063549134e-5	12.015116518146902
6.061977856427859e-5	11.451384424408165
6.186128094347084e-5	11.601749226482342
6.3128209482145e-5	11.758749818820997
6.442108491195419e-5	11.895738020864714
6.574043862921546e-5	12.001835939469338
6.708681291332423e-5	11.3903610660442
6.846076114964122e-5	11.475795000572239
6.986284805694428e-5	11.570341616310913
7.129364991953888e-5	11.676631433054311
7.275375482412135e-5	11.76802563868433
7.424376290149399e-5	11.17165771377016
7.576428657323014e-5	11.297958322188402
7.731595080339098e-5	11.496285946206225
7.889939335539797e-5	11.79806684458719
8.051526505416515e-5	12.15034849328425
8.216423005360088e-5	11.722696597607124
8.384696610958763e-5	11.83715314591217
8.556416485855234e-5	11.910274720938341
8.731653210174262e-5	11.958778450238313
8.910478809532371e-5	11.9703669470223
9.092966784641788e-5	11.40847850571179
9.279192141520625e-5	11.557913041136745
9.46923142232175e-5	11.713906627327662
9.663162736793128e-5	11.849945797272984
9.86106579438232e-5	11.955193726933025
0.00010063021936998635	11.345753837555343
0.00010269114172446183	11.430456397423992
0.00010479427208541641	11.524289920076823
0.00010694047487930832	11.629817107050304
0.00010913063223618202	11.72051855536792
0.00011136564435224097	11.126353382202968
0.0001136464298598452	11.25190344823604
0.00011597392620508646	11.449108519007739
0.00011834909003309695	11.74928005184512
0.00012077289758124772	12.099645546860831
0.00012324634508040133	11.673367324959303
0.00012577044916438145	11.786834867169983
0.0001283462472878285	11.859170723324079
0.00013097479815261392	11.907032799287567
0.00013365718214298556	11.918208700671247
0.00013639450176962682	11.358375341544301
0.00013918788212280938	11.506592915266287
0.00014203847133482624	11.661262511530618
0.00014494744105189692	11.79605043046961
0.0001479159869157348	11.900165329427601
0.0001509453290549795	11.293022496451309
0.00015403671258669275	11.376748727735617
0.0001571914081281246	11.469634230852515
0.00016041071231896249	11.574149161866428
0.00016369594835427304	11.663943578088174
0.00016704846652836148	11.072360941608279
0.00017046964478976783	11.19696961049102
0.00017396088930762967	11.39278048113836
0.00017752363504964543	11.69091087926192
0.00018115934637187158	12.038752809312284
0.00018486951762060197	11.613957290263569
0.00018865567374657218	11.726093828835737
0.00019251937093174278	11.797389513845841
0.0001964621972289209	11.844356453333242
0.00020048577321447834	11.854921813562733
0.00020459175265444024	11.297460765190031
0.00020878182318421405	11.444031332797262
0.00021305770700223936	11.59690059034374
0.00021742116157784537	11.72998370752656
0.0002218739803736022	11.83254182534179
0.00022641799358246928	11.228091266574546
0.00023105506888003913	11.310476428188228
0.0002357871121921869	11.40206474618191
0.00024061606847844373	11.505197440278808
0.00024554392253140953	11.593769133609033
0.0002505726997925422	11.005343607776256
0.00025570446718465174	11.128726701663028
0.00026094133396144454	11.322738957308179
0.00026628545257446814	11.618181115150154
0.00027173901955780737	11.962591944001712
0.000277304276430903	11.539447476877067
0.00028298351061985824	11.649743116228727
0.00028877905639761414	11.719619425745064
0.0002946932958433813	11.76531418564921
0.0003007286598217175	11.774972771205208
0.00030688762898166037	11.220357833401739
0.0003131727347763211	11.364638000763035
0.00031958656050335907	11.514992226105147
0.00032613174236676806	11.645691221772317
0.00033281097056040327	11.74606002353182
0.00033962699037370394	11.144896471788392
0.0003465826033200587	11.225400639746313
0.0003536806682882804	11.315177271017493
0.0003609241027176656	11.416385821495066
0.00036831588379711435	11.503276813718728
0.0003758590496888133	10.91887948725928
0.0003835567007769776	11.040617427332776
0.0003914120009421668	11.232234110572188
0.0003994281788617022	11.524023364538998
0.0004076085293367111	11.8636547663513
0.00041595641464635446	11.442424216799255
0.00042447526592978736	11.550122332040452
0.00043316858459642124	11.618016190925918
0.000442039943765072	11.661879910360941
0.0004510929897325762	11.670188473554433
0.0004603314434724905	11.119122975287235
0.0004697591021644816	11.260154200469488
0.0004793798407550386	11.406924509696657
0.0004891976135501521	11.534226508231358
0.000499216455840605	11.631467682601757
0.0005094404855605558	11.034483764793023
0.0005198739049800881	11.112315877762224
0.0005305210024324205	11.199533916063881
0.0005413861540764983	11.298040570226796
0.0005524738256956715	11.382603436576684
0.0005637885745332199	10.80355858695872
0.0005753350511654663	10.923041535067915
0.0005871180014132501	11.111394342398103
0.0005991422682925533	11.39810676899431
0.0006114127940050665	11.73097550698845
0.0006239346219695317	11.3120765315644
0.0006367128988946811	11.416064233543327
0.0006497528768946319	11.481144090759425
0.000663059915647608	11.522352821001641
0.0006766394845988643	11.528648634995566
0.0006904971652087358	10.982166848110834
0.0007046386532467224	11.118531799367227
0.0007190697611325579	11.260130768912797
0.0007337964203252282	11.382541553104176
0.0007488246837609074	11.475282089714398
0.0007641607283408339	10.883811525341304
0.000779810857470132	10.957834224742935
0.0007957815036486309	11.041437910603959
0.0008120792311147475	11.136165886496908
0.0008287107385435072	11.217525173203216
0.0008456828617998299	10.645849015432013
0.0008630025767481995	10.762216324599105
0.0008806770021198753	10.94607502083987
0.00089871340243883	11.22564796579254
0.0009171191910075999	11.548889535472748
0.0009359019329542975	11.132999900528723
0.0009550693483420216	11.231667664478621
0.0009746293153419477	11.29271632177176
0.000994589873471412	11.330066097273557
0.0010149592268982965	11.333361213315774
0.0010357457478131038	10.792960822086817
0.0010569579798700836	10.922593748286832
0.0010786046416988368	11.056700525605605
0.0011006946304878422	11.172068499593584
0.001123237025641361	11.25835853971752
0.0011462410925112507	10.67437663763382
0.0011697162862051981	10.743012474450282
0.0011936722554729462	10.821581825610785
0.0012181188466721213	10.911137297956657
0.0012430661078152608	10.988200611972484
0.001268524292699745	10.426949123464105
0.0012945038651222993	10.539052822277245
0.001321015503179813	10.71675553932117
0.001348070103658245	10.986306793111963
0.0013756787865113998	11.295919234508244
0.0014038528994314463	10.884157634958754
0.0014326040225130323	10.97525242059168
0.0014619439730129216	11.030515681219084
0.001491884810207118	11.06227648307092
0.0015224388403474447	11.061112931101539
0.0015536186217196555	10.528909701520984
0.0015854369698051255	10.648887322748319
0.0016179069625482552	10.772226702235205
0.0016510419457317633	10.87761718558108
0.0016848555384620417	10.954864752572174
0.0017193616387668762	10.381246980847093
0.001754574429307797	10.442460403579595
0.0017905083832094194	10.51426559398509
0.001827178270008182	10.597076677317338
0.0018645991617228914	10.668681030596925
0.0019027864390496173	10.122390563481895
0.0019417557976834491	10.22887119995976
0.0019815232547697194	10.398356960428341
0.0020221051554873675	10.654135869149691
0.0020635181797670995	10.944864528539133
0.0021057793491471694	10.539068561644168
0.0021489060337695487	10.619635443171159
0.0021929159595193825	10.66666049544891
0.0022378272153106772	10.690433122452035
0.002283658260521167	10.682728656241757
0.002330427932579483	10.161610842108608
0.0023781554547076863	10.26806354018592
0.0024268604438223845	10.376388532581856
0.002476562918597645	10.468275003786676
0.0025272833076930624	10.533518612599124
0.0025790424581503143	9.974310171786051
0.0026318616439616935	10.025853817391852
0.002685762574814131	10.08919944539538
0.002740767405012273	10.164002407543727
0.002796898742584337	10.229296588860315
0.002854179658574426	9.704315771349785
0.0029126336965251713	9.80398565912259
0.002972284882154581	9.963050098385875
0.0030331577332310513	10.20085778321264
0.0030952772696506495	10.46659951193382
0.0031586690237207543	10.069641190731343
0.0032233590506543204	10.136318318026051
0.003289373939279076	10.171924422423363
0.0033567408229660156	10.184673544220157
0.0034254873907817508	10.167756930604165
0.003495641898869225	9.661548100308035
0.00356723318206153	9.750127757918277
0.003640290665733577	9.839005626292488
0.0037148443778964673	9.914292909796824
0.003790924961539594	9.96518334522309
0.003868563687225471	9.425695951852944
0.00394779246594254	9.465867401833165
0.0040286438622211965	9.519758140608783
0.0041111511075184095	9.586409064856165
0.004195348113876505	9.645374322179102
0.004281269487861639	9.149554222869787
0.004368950544787757	9.241995934984514
0.004458427323231872	9.388823360031243
0.0045497365998465765	9.605116970390805
0.004642915904475974	9.840226404806787
0.004738003535581132	9.456224157810462
0.004835038575981481	9.506161707666738
0.004934060908918614	9.527152724842342
0.005035111234449024	9.526175137641705
0.005138231086172626	9.497842055175079
0.005243462848303838	9.011634305315471
0.005350849773092295	9.07912117741688
0.005460435998600365	9.145810256523978
0.005572266566844701	9.203093307289992
0.005686387442309391	9.238624597007648
0.005802845530838207	8.725116267254425
0.005921688698913811	8.753504729720904
0.006042965793331795	8.79753264632629
0.006166726661277614	8.856862536895424
0.006293022170814758	8.910256922253172
0.0064219042317924585	8.451919266276722
0.006553425817181636	8.53713592660345
0.006687640984847807	8.670102244570035
0.006824604899769865	8.862344347912993
0.006964373856713961	9.063038810000487
0.007107005303371697	8.696143573728532
0.007252557863972222	8.727437778338185
0.007401091363377921	8.731861598550385
0.007552666851673535	8.717258854887119
0.0077073466292589396	8.67777125228763
0.007865194272455757	8.217665482974924
0.008026274659638441	8.263207314611142
0.008190653997900548	8.304862339836568
0.008358399850267052	8.336888830898083
0.008529581163464086	8.350427115147507
0.00870426829625731	7.872778005921229
0.008882533048370717	7.887594227694547
0.009064448689997692	7.919186475023022
0.009250089991916422	7.9666783478635965
0.009439533256222137	8.011489050693658
0.009632856347688687	7.601654326169761
0.009830138725772453	7.675239552247251
0.010031461477271712	7.786470503172255
0.010236907349654798	7.9436169140897395
0.010446560785070943	8.099158813372695
0.010660507955057545	7.750017100003236
0.010878836795958332	7.757564012482405
0.011101637045066882	7.748014078436082
0.011329000277510302	7.7237740503073935
0.011561019943888409	7.675219826134998
0.011797791408683634	7.252041886731655
0.012039411989457663	7.275016606649381
0.012285980996850823	7.294330018631603
0.012537599775400577	7.306904312898373
0.01279437174519613	7.3088305341587105
0.013056402444385965	6.890676248350716
0.013323799572556074	6.894570359567453
0.013596673034996539	6.898612974183118
0.013875134987874632	6.912075602830765
0.014159299884333206	6.9350097436398634
0.014449284521533032	6.5806710954290475
0.01474520808865868	6.644047550671541
0.015047192215907567	6.728428232522857
0.015355361024482195	6.843007675846809
0.015669841177606413	6.949758826642717
0.01599076193258632	6.627793218289738
0.016318255193937498	6.621242559218863
0.01665245556760032	6.597625619942642
0.016993500416265454	6.561174263575219
0.017341529915832612	6.50076876625714
0.017696687113025453	6.124027907699074
0.018059117984186496	6.122977894463724
0.018428971495276232	6.119860098532874
0.018806399663100867	6.1257928832743085
0.019191557617794192	6.132741913637185
0.019584603666578947	5.7729871543457305
0.01998569935883411	5.769840308383151
0.02039500955249481	5.769722441014073
0.020812702481811947	5.760677403181774
0.02123894982649981	5.737517285504394
0.021673926782299548	5.375708878171072
0.02211781213298802	5.370930086528295
0.022570788323861352	5.429674569372445
0.023033041536723295	5.526262069370633
0.02350476176640962	5.580363347013252
0.023986142898879476	5.269469625999378
0.024477382790906246	5.234411880505793
0.024978683351400483	5.20432248284285
0.02549025062439818	5.168665058067922
0.02601229487374892	5.111592519119755
0.026545030669538176	4.794517399241333
0.02708867697627974	4.773396347412764
0.02764345724291435	4.754604430183443
0.0282095994946513	4.74105022823916
0.02878733642669129	4.725122864733494
0.029376905499868423	4.417574265934065
0.029978549038251166	4.387183066317352
0.030592514328742212	4.371287716291065
0.031219053722717924	4.3601611235983855
0.03185842473974971	4.34730386205106
0.03251089017344932	4.081450829771094
0.03317671819948203	4.086948856414232
0.03385618248579202	4.116937381141719
0.03454956230508494	4.146977755863022
0.03525714264961443	4.134842738290843
0.035979214348319216	3.8684337579320696
0.036716074186359374	3.8481616067779676
0.037468025027100726	3.837188936231744
0.038235375936597274	3.8039528419305935
0.03901844231062338	3.7585055150958038
0.039817546004307265	3.5256910408229216
0.04063301546441961	3.5036967895483
0.04146518586437153	3.47607059434368
0.04231439924197695	3.4477278782842817
0.043181004640036935	3.4214808612760206
0.044065358249802636	3.2000091918575406
0.04496782355737675	3.1820117776943504
0.045888771493113316	3.1644539296726406
0.046828580584076886	3.152531712477425
0.04778763710962457	3.1415592126146366
0.04876633526017398	2.9447143778064424
0.04976507729922305	2.919734943638233
0.05078427372868804	2.8832119442543673
0.05182434345762741	2.844486084786363
0.05288571397442165	2.8497316010175187
0.053968821522478824	2.729854689647835
0.055074111279539054	2.741077202887719
0.05620203754065109	2.7195552086375554
0.057353063904895904	2.677785540109718
0.05852766346593507	2.637532918188917
0.05972631900646087	2.4827239278837046
0.06094952319662942	2.462493471728492
0.06219777879655729	2.3998710502933216
0.06347159886296545	2.3355382925409334
0.0647715069600554	2.3236702109694902
0.06609803737470393	2.19766608118987
0.06745173533606512	2.190770656344935
0.06883315723966997	2.18154878922214
0.07024287087611535	2.17475978618111
0.07168145566443686	2.164603868399829
0.07314950289026094	2.033901769131133
0.07464761594883457	2.027432310989827
0.07617641059303205	2.0205074932122216
0.07773651518644115	1.9967754634834758
0.07932857096163247	1.9602548426755508
0.0809532322837182	1.8254158073633202
0.08261116691930859	1.8031977585661951
0.08430305631097663	1.7811803360289231
0.08602959585734389	1.7549980487761991
0.0877914951989026	1.7256868328575192
0.08958947850969132	1.6161535521256882
0.09142428479494413	1.5991875175533727
0.09329666819483592	1.5656909638185765
0.09520739829444817	1.5288822952196754
0.0971572604400831	1.5017049446759347
0.09914705606205589	1.399540692558948
0.10117760300409769	1.3879806580249394
0.10324973585950496	1.3817474435244501
0.10536430631417303	1.3746879689532587
0.10752218349665528	1.364377286096832
0.10972425433539142	1.2800151366276522
0.11197142392325185	1.2653663552364114
0.11426461588954809	1.2435156350707461
0.11660477277966172	1.2167042566873538
0.1189928564424487	1.1979447944767414
0.12142984842557732	1.1241896905934214
0.12391675037896288	1.1018250466760184
0.12645458446646496	1.0675569560818718
0.12904439378601584	1.0342536402153029
0.13168724279835392	1.0049423029929863
0.13438421776453696	0.9335257118171703
0.1371364271924162	0.9203059694887852
0.1399450022922539	0.9054368194959489
0.14281109744167225	0.8895312264568689
0.14573589066012466	0.8700057168740699
0.14872058409308384	0.8012646722295031
0.15176640450614653	0.7821586539439125
0.15487460378925744	0.7685958564922192
0.15804645947125953	0.7565045017003247
0.16128327524498293	0.7366682443827209
0.16458638150308713	0.6645362801518148
0.1679571358848778	0.6407775605528606
0.17139692383432215	0.6464717302394095
0.17490715916949257	0.6572220624567935
0.17848928466367306	0.6530252229882828
0.18214477263836595	0.6145560919846184
0.18587512556844432	0.603506096649261
0.1896818766996974	0.585758832046302
0.19356659067902376	0.5850009109527745
0.19753086419753085	0.5934323234194256
0.20157632664680544	0.5526014633577335
0.20570464078862427	0.526004691074191
0.20991750343838084	0.5036309308670615
0.21421664616250838	0.48795035406587495
0.21860383599018698	0.4739942336005253
0.22308087613962574	0.4334998476580897
0.2276496067592198	0.41398034509724174
0.23231190568388618	0.3988192911055784
0.2370696892068893	0.3954890511424962
0.2419249128674744	0.394106322263858
0.2468795722546307	0.3693303327365063
0.25193570382731667	0.3688268335532973
0.2570953857514832	0.37246939238488036
0.2623607387542389	0.3691393959576055
0.2677339269955096	0.34888354329771404
0.27321715895754894	0.30541601352769776
0.2788126883526665	0.288888173475075
0.28452281504954613	0.2768084938226698
0.2903498860185356	0.26765485856605176
0.2962962962962963	0.26444228275055887
0.3023644899702082	0.24106614208918176
0.30855696118293646	0.23251106097947058
0.3148762551575712	0.22955420318402117
0.3213249692437626	0.2342236518010421
0.3279057539852805	0.22768533381964165
0.33462131420943864	0.2090703357314166
0.34147441013882973	0.2043840748192376
0.3484678585258292	0.20764744450531916
0.35560453381033397	0.20203343218576633
0.36288736930121157	0.19549100801885488
0.370319358381946	0.1742996628271391
0.37790355574097506	0.16324917181030657
0.38564307862722474	0.15010920595039434
0.3935411081313583	0.14982125867298035
0.40160089049326436	0.14007059074134684
0.4098257384363234	0.12172625944274562
0.4182190325289998	0.11672524554570544
0.42678422257431914	0.11619741901878826
0.43552482902780343	0.11643082646543959
0.4444444444444444	0.11426680503810639
0.4535467349553123	0.10583065461151434
0.4628354417744047	0.10557356014287358
0.47231438273635684	0.10578151982271843
0.48198745386564384	0.10806632549970531
0.4918586309779207	0.10479762727487112
0.5019319713141579	0.09560550241402409
0.5122116152082447	0.09328060819543006
0.5227017877887438	0.09623331262252599
0.533406800715501	0.09432149889024562
0.5443310539518174	0.09160652107126054
0.555479037572919	0.08277650656632977
0.5668553336114626	0.08156608902982793
0.5784646179408371	0.07965228157911362
0.5903116621970375	0.07699160265955757
0.6024013357398965	0.07424466868834478
0.6147386076544852	0.06980794952862192
0.6273285487934996	0.06722274609688189
0.6401763338614787	0.06220922704040047
0.6532872435417052	0.056118276283686055
0.6666666666666666	0.051459254742775885
0.6803201024329685	0.0470957472650624
0.6942531626616071	0.04365166851688398
0.7084715741045352	0.04223790858589967
0.7229811807984657	0.042706520786839404
0.7377879464668811	0.04375392489376662
0.752897956971237	0.04222950853896571
0.7683174228123669	0.043923323139746485
0.7840526816831157	0.04646793950146897
0.8001102010732514	0.049566547684750585
0.816496580927726	0.05244988804782202
0.8332185563593787	0.05147246726130826
0.850283000417194	0.05041034447427816
0.8676969269112557	0.048114158501302066
0.8854674932955561	0.04551944187280993
0.9036020036098449	0.04288853615733451
0.9221079114817278	0.03905413290898075
0.9409928231902495	0.03339279706115163
0.960264500792218	0.02655943979751944
0.9799308653125577	0.020564208244683888
1.0	0.01644658439946161
