-1.0	8.903311471363337e-5
-0.9799308653125577	8.180100605239334e-5
-0.960264500792218	6.944198529965542e-5
-0.9409928231902495	0.0001012517013663546
-0.9221079114817278	0.00011379769860053722
-0.9036020036098449	0.00014579704938782128
-0.8854674932955561	0.0002195894747535529
-0.8676969269112557	0.00031175717050072955
-0.850283000417194	0.00029704227120652866
-0.8332185563593787	0.0002421212983248906
-0.816496580927726	0.00017608447192235568
-0.8001102010732514	0.0001655926519404125
-0.7840526816831157	0.000194232950035781
-0.7683174228123669	0.00025323082573963716
-0.752897956971237	0.00030253532881913847
-0.7377879464668811	0.00036421141675936717
-0.7229811807984657	0.0004914105480661232
-0.7084715741045352	0.0006148095193192411
-0.6942531626616071	0.000599339732034537
-0.6803201024329685	0.0004432616133530115
-0.6666666666666666	0.0003559795775651253
-0.6532872435417052	0.00039342298865561597
-0.6401763338614787	0.00048024063041691653
-0.6273285487934996	0.0005041116450097586
-0.6147386076544852	0.00035359334699218534
-0.6024013357398965	0.00024627582438464606
-0.5903116621970375	0.00028337295331035654
-0.5784646179408371	0.0004196810842362994
-0.5668553336114626	0.0003754949798206887
-0.555479037572919	0.00026363300098328885
-0.5443310539518174	0.0002050585076446779
-0.533406800715501	0.00024311003386383686
-0.5227017877887438	0.0002821969583339104
-0.5122116152082447	0.00025589283598568695
-0.5019319713141579	0.0001738802685512424
-0.4918586309779207	0.0001206805505005819
-0.48198745386564384	0.00011121255999163842
-0.47231438273635684	0.0001224002509580736
-0.4628354417744047	0.0001535622095940464
-0.4535467349553123	0.0002350389496660521
-0.4444444444444444	0.00037071717711507034
-0.43552482902780343	0.0006270658898671576
-0.42678422257431914	0.0006173647367537639
-0.4182190325289998	0.0002734151572990815
-0.4098257384363234	0.00010541190332986533
-0.40160089049326436	0.00018753665068928043
-0.3935411081313583	0.0003066317515247295
-0.38564307862722474	0.0004365597115870972
-0.37790355574097506	0.0007131389644613024
-0.370319358381946	0.0009179485512303567
-0.36288736930121157	0.0007304006806819882
-0.35560453381033397	0.00036696449698011234
-0.3484678585258292	0.00018372181637724868
-0.34147441013882973	0.0001780894539552888
-0.33462131420943864	0.00022012741494266454
-0.3279057539852805	0.00028912308232374235
-0.3213249692437626	0.00034907091389322736
-0.3148762551575712	0.00041488207190690913
-0.30855696118293646	0.000655108491859155
-0.3023644899702082	0.0007053598274029558
-0.2962962962962963	0.00041309427044497476
-0.2903498860185356	0.0003357320254978877
-0.28452281504954613	0.00030669160601082284
-0.2788126883526665	0.0001714252260918531
-0.27321715895754894	0.00016257387170757283
-0.2677339269955096	0.00042098127252411104
-0.2623607387542389	0.0006356744083258727
-0.2570953857514832	0.0004679995717588031
-0.25193570382731667	0.00023043507484063336
-0.2468795722546307	0.0002438499071425521
-0.2419249128674744	0.00032639732677819784
-0.2370696892068893	0.000241031231458562
-0.23231190568388618	0.00015968364964620774
-0.2276496067592198	0.00029679878161811336
-0.22308087613962574	0.0003343275392444331
-0.21860383599018698	0.0005889721087562663
-0.21421664616250838	0.0009859104546028875
-0.20991750343838084	0.0007489020464395247
-0.20570464078862427	0.0005514478095565223
-0.20157632664680544	0.0006981090332863902
-0.19753086419753085	0.0010957366285430582
-0.19356659067902376	0.000843190908889454
-0.1896818766996974	0.0005752294879812545
-0.18587512556844432	0.0010235931695746242
-0.18214477263836595	0.0011650931637668673
-0.17848928466367306	0.0007639711163678892
-0.17490715916949257	0.0005311341360959465
-0.17139692383432215	0.001110431523161373
-0.1679571358848778	0.0012842195966414173
-0.16458638150308713	0.001077381913865731
-0.16128327524498293	0.001049465977677977
-0.15804645947125953	0.0010982143191683106
-0.15487460378925744	0.0011001327867087981
-0.15176640450614653	0.0008803463981158648
-0.14872058409308384	0.0006792298305176713
-0.14573589066012466	0.0006967600278662175
-0.14281109744167225	0.0008482513950467291
-0.1399450022922539	0.0011804737490339829
-0.1371364271924162	0.0013913694847706654
-0.13438421776453696	0.0012380521311797232
-0.13168724279835392	0.0013709885708473111
-0.12904439378601584	0.0020307265231926026
-0.12645458446646496	0.002662205855531105
-0.12391675037896288	0.0034704667103920323
-0.12142984842557732	0.0038265691909516943
-0.1189928564424487	0.003323588355311332
-0.11660477277966172	0.004653356084329808
-0.11426461588954809	0.006576224150096492
-0.11197142392325185	0.006370720319398494
-0.10972425433539142	0.005293538957167041
-0.10752218349665528	0.004620418617221506
-0.10536430631417303	0.007954680708322373
-0.10324973585950496	0.008481355003413585
-0.10117760300409769	0.008913495982837978
-0.09914705606205589	0.0069062323299989075
-0.0971572604400831	0.004903385967070614
-0.09520739829444817	0.004073045814134638
-0.09329666819483592	0.007754350543161479
-0.09142428479494413	0.006006772395111291
-0.08958947850969132	0.006729073456123979
-0.0877914951989026	0.008407476534556757
-0.08602959585734389	0.010353895391337445
-0.08430305631097663	0.014500072335578543
-0.08261116691930859	0.019875975974277964
-0.0809532322837182	0.022663554068457797
-0.07932857096163247	0.02779107805530595
-0.07773651518644115	0.03660423953782713
-0.07617641059303205	0.04198304889782888
-0.07464761594883457	0.06350543211443616
-0.07314950289026094	0.11511772821362996
-0.07168145566443686	0.1873328755082275
-0.07024287087611535	0.24526444958628352
-0.06883315723966997	0.275494530897277
-0.06745173533606512	0.545718174130801
-0.06609803737470393	0.42074904722600215
-0.0647715069600554	1.3147621406107253
-0.06347159886296545	3.7242679042992712
-0.06219777879655729	9.641331170082312
-0.06094952319662942	23.071901179863612
-0.05972631900646087	37.98996689022822
-0.05852766346593507	87.54642738040266
-0.057353063904895904	197.30311676802563
-0.05620203754065109	468.61577345695946
-0.055074111279539054	1437.2257921838072
-0.053968821522478824	2318.848893491049
-0.05288571397442165	2689.5278365612453
-0.05182434345762741	2298.4940664044625
-0.05078427372868804	1539.5622626768109
-0.04976507729922305	906.2546192629503
-0.04876633526017398	426.49114264237204
-0.04778763710962457	216.1371441509445
-0.046828580584076886	105.5517354225055
-0.045888771493113316	49.69199134747254
-0.04496782355737675	22.449406167780054
-0.044065358249802636	5.731415373675881
-0.043181004640036935	2.1707555959135805
-0.04231439924197695	0.7805689920495992
-0.04146518586437153	0.2665463616382854
-0.04063301546441961	0.08649314443617678
-0.039817546004307265	0.001465042421007038
-0.03901844231062338	0.00029264540929655744
-0.038235375936597274	5.5337754100722814e-5
-0.037468025027100726	9.953668964659742e-6
-0.036716074186359374	1.710190255986204e-6
-0.035979214348319216	2.036093788874607e-8
-0.03525714264961443	2.379289610794446e-9
-0.03454956230508494	2.6396881599850514e-10
-0.03385618248579202	2.7935669297960305e-11
-0.03317671819948203	2.8328214801697836e-12
-0.03251089017344932	3.11590239033318e-18
-0.03185842473974971	1.508090192110325e-19
-0.031219053722717924	7.052576301496412e-21
-0.030592514328742212	3.2015196295488186e-22
-0.029978549038251166	1.427177810120151e-23
-0.029376905499868423	9.95198314879634e-26
-0.02878733642669129	7.303272430173785e-26
-0.0282095994946513	5.397391910559373e-26
-0.02764345724291435	4.931085095138331e-26
-0.02708867697627974	5.254134161400494e-26
-0.026545030669538176	4.061996121404448e-26
-0.02601229487374892	3.1674802967424144e-26
-0.02549025062439818	2.7783067727533694e-26
-0.024978683351400483	3.626729351394832e-26
-0.024477382790906246	4.956000823347197e-26
-0.023986142898879476	3.9709669274287246e-26
-0.02350476176640962	3.01052021593688e-26
-0.023033041536723295	2.548689379661351e-26
-0.022570788323861352	3.5896918285079e-26
-0.02211781213298802	3.8330354268546516e-26
-0.021673926782299548	3.398807980617236e-26
-0.02123894982649981	2.595831974285905e-26
-0.020812702481811947	2.294240452567393e-26
-0.02039500955249481	3.392051224726741e-26
-0.01998569935883411	4.973365899785634e-26
-0.019584603666578947	4.4649219360900295e-26
-0.019191557617794192	3.271106682184464e-26
-0.018806399663100867	2.409884272597156e-26
-0.018428971495276232	2.2500718509921686e-26
-0.018059117984186496	2.4513382091107394e-26
-0.017696687113025453	1.974779635933e-26
-0.017341529915832612	1.5569895792042828e-26
-0.016993500416265454	1.2824639163790254e-26
-0.01665245556760032	1.3744437895512604e-26
-0.016318255193937498	1.6623498555579565e-26
-0.01599076193258632	1.1418325575435336e-26
-0.015669841177606413	8.566699775941196e-27
-0.015355361024482195	7.238735178921727e-27
-0.015047192215907567	1.1070509641155047e-26
-0.01474520808865868	1.2219258323062264e-26
-0.014449284521533032	1.0842983871433628e-26
-0.014159299884333206	8.907163705103436e-27
-0.013875134987874632	1.0039031285924699e-26
-0.013596673034996539	1.965560011133291e-26
-0.013323799572556074	3.233175586004193e-26
-0.013056402444385965	3.058938491143772e-26
-0.01279437174519613	2.3004970737470895e-26
-0.012537599775400577	1.7113882507919125e-26
-0.012285980996850823	1.5713794059268832e-26
-0.012039411989457663	1.6808859998300457e-26
-0.011797791408683634	1.394005790843313e-26
-0.011561019943888409	1.1033547571911275e-26
-0.011329000277510302	8.88164956891318e-27
-0.011101637045066882	8.662590936446391e-27
-0.010878836795958332	9.712606509032737e-27
-0.010660507955057545	5.7561259461803376e-27
-0.010446560785070943	4.30335606092014e-27
-0.010236907349654798	3.728765290143873e-27
-0.010031461477271712	6.606099502327625e-27
-0.009830138725772453	7.292878694463185e-27
-0.009632856347688687	6.344297558521041e-27
-0.009439533256222137	5.2007177218565424e-27
-0.009250089991916422	6.523141656639064e-27
-0.009064448689997692	1.447159972143569e-26
-0.008882533048370717	2.4982108762689492e-26
-0.00870426829625731	2.4016925290106892e-26
-0.008529581163464086	1.8202704854483845e-26
-0.008358399850267052	1.3584303003289467e-26
-0.008190653997900548	1.2404669797447114e-26
-0.008026274659638441	1.3199148777094154e-26
-0.007865194272455757	1.1088656939283396e-26
-0.0077073466292589396	8.814025580994411e-27
-0.007552666851673535	7.05705051348387e-27
-0.007401091363377921	6.675078570909139e-27
-0.007252557863972222	7.27537468153376e-27
-0.007107005303371697	4.098920190056187e-27
-0.006964373856713961	3.0856711877705765e-27
-0.006824604899769865	2.8283929842284244e-27
-0.006687640984847807	5.72157219804222e-27
-0.006553425817181636	6.568342206795122e-27
-0.0064219042317924585	5.829296978721706e-27
-0.006293022170814758	4.7285299775589645e-27
-0.006166726661277614	5.7497102060553174e-27
-0.006042965793331795	1.2537995933366684e-26
-0.005921688698913811	2.1696531653484676e-26
-0.005802845530838207	2.0937446441871525e-26
-0.005686387442309391	1.5914997241802893e-26
-0.005572266566844701	1.18617548319237e-26
-0.005460435998600365	1.0734304177563783e-26
-0.005350849773092295	1.1322622596997529e-26
-0.005243462848303838	9.581451729298789e-27
-0.005138231086172626	7.633768846817319e-27
-0.005035111234449024	6.1140749277068e-27
-0.004934060908918614	5.7430599245272546e-27
-0.004835038575981481	6.219379848783987e-27
-0.004738003535581132	3.454076823980812e-27
-0.004642915904475974	2.621092108069789e-27
-0.0045497365998465765	2.5201713717066374e-27
-0.004458427323231872	5.5700173599476964e-27
-0.004368950544787757	6.555977493267078e-27
-0.004281269487861639	5.942667328179657e-27
-0.004195348113876505	4.813860291386424e-27
-0.0041111511075184095	5.594081094645777e-27
-0.0040286438622211965	1.1645104929578656e-26
-0.00394779246594254	1.995561451479577e-26
-0.003868563687225471	1.9271450766877407e-26
-0.003790924961539594	1.46854902200363e-26
-0.0037148443778964673	1.0956615836963747e-26
-0.003640290665733577	9.8776169230337e-27
-0.00356723318206153	1.0378962459345572e-26
-0.003495641898869225	8.719378201394011e-27
-0.0034254873907817508	6.954393022427139e-27
-0.0033567408229660156	5.5775769807320754e-27
-0.003289373939279076	5.241481550002269e-27
-0.0032233590506543204	5.681565192793115e-27
-0.0031586690237207543	3.1515256416771412e-27
-0.0030952772696506495	2.404946639018358e-27
-0.0030331577332310513	2.387434487830672e-27
-0.002972284882154581	5.637053352197511e-27
-0.0029126336965251713	6.666431206621186e-27
-0.002854179658574426	6.100608497238595e-27
-0.002796898742584337	4.913725351847307e-27
-0.002740767405012273	5.51541266252831e-27
-0.002685762574814131	1.1097556905460856e-26
-0.0026318616439616935	1.889341179012516e-26
-0.0025790424581503143	1.8272763329709145e-26
-0.0025272833076930624	1.3967790812938824e-26
-0.002476562918597645	1.0436070201631231e-26
-0.0024268604438223845	9.389236257488174e-27
-0.0023781554547076863	9.847679347980338e-27
-0.002330427932579483	8.200541991673192e-27
-0.002283658260521167	6.543714488346204e-27
-0.0022378272153106772	5.2547243236507875e-27
-0.0021929159595193825	4.949133567840744e-27
-0.0021489060337695487	5.379109337520621e-27
-0.0021057793491471694	2.9925388497872166e-27
-0.0020635181797670995	2.293181659967853e-27
-0.0020221051554873675	2.3305886000598395e-27
-0.0019815232547697194	5.7601461075396444e-27
-0.0019417557976834491	6.829047035386352e-27
-0.0019027864390496173	6.282541742384805e-27
-0.0018645991617228914	5.026432289669103e-27
-0.001827178270008182	5.493605398515729e-27
-0.0017905083832094194	1.0774515104781583e-26
-0.001754574429307797	1.8239880537143247e-26
-0.0017193616387668762	1.7638125919428815e-26
-0.0016848555384620417	1.349869010671865e-26
-0.0016510419457317633	1.0091981037349396e-26
-0.0016179069625482552	9.06780456325203e-27
-0.0015854369698051255	9.497487208817601e-27
-0.0015536186217196555	7.876890774308911e-27
-0.0015224388403474447	6.287121697806944e-27
-0.001491884810207118	5.0535070162358134e-27
-0.0014619439730129216	4.7703934655892716e-27
-0.0014326040225130323	5.198407738627447e-27
-0.0014038528994314463	2.9026311740051056e-27
-0.0013756787865113998	2.2314845922598104e-27
-0.001348070103658245	2.307444715144151e-27
-0.001321015503179813	5.861722458649375e-27
-0.0012945038651222993	6.976696847614461e-27
-0.001268524292699745	6.443781817027193e-27
-0.0012430661078152608	5.136325687684438e-27
-0.0012181188466721213	5.513990282773263e-27
-0.0011936722554729462	1.060028759543003e-26
-0.0011697162862051981	1.7836811932077562e-26
-0.0011462410925112507	1.7230496201795718e-26
-0.001123237025641361	1.3190028338625912e-26
-0.0011006946304878422	9.868795702035132e-27
-0.0010786046416988368	8.862180946864457e-27
-0.0010569579798700836	9.272195564731106e-27
-0.0010357457478131038	7.670726847475534e-27
-0.0010149592268982965	6.121941958490629e-27
-0.000994589873471412	4.922423392666157e-27
-0.0009746293153419477	4.653372414052086e-27
-0.0009550693483420216	5.079954902260351e-27
-0.0009359019329542975	2.8489822309104435e-27
-0.0009171191910075999	2.194895774700458e-27
-0.00089871340243883	2.2945166770270262e-27
-0.0008806770021198753	5.931715579185344e-27
-0.0008630025767481995	7.076489003840843e-27
-0.0008456828617998299	6.556946537882483e-27
-0.0008287107385435072	5.2178784837610175e-27
-0.0008120792311147475	5.529374593420254e-27
-0.0007957815036486309	1.0475432409635312e-26
-0.000779810857470132	1.75703719216351e-26
-0.0007641607283408339	1.698754891085376e-26
-0.0007488246837609074	1.302028619168475e-26
-0.0007337964203252282	9.740994518757531e-27
-0.0007190697611325579	8.736513373006871e-27
-0.0007046386532467224	9.134003987538372e-27
-0.0006904971652087358	7.536829372143952e-27
-0.0006766394845988643	6.015725793494194e-27
-0.000663059915647608	4.839827484986599e-27
-0.0006497528768946319	4.582165355183864e-27
-0.0006367128988946811	5.0105059249339274e-27
-0.0006239346219695317	2.815676454926747e-27
-0.0006114127940050665	2.1721659454070567e-27
-0.0005991422682925533	2.28670239244714e-27
-0.0005871180014132501	5.978981987006413e-27
-0.0005753350511654663	7.142008388800096e-27
-0.0005637885745332199	6.629501939495331e-27
-0.0005524738256956715	5.2685388691258635e-27
-0.0005413861540764983	5.53816678747729e-27
-0.0005305210024324205	1.0395428963495164e-26
-0.0005198739049800881	1.739327161222119e-26
-0.0005094404855605558	1.6815265616438975e-26
-0.000499216455840605	1.2895474690934328e-26
-0.0004891976135501521	9.652876906837498e-27
-0.0004793798407550386	8.656727784716658e-27
-0.0004697591021644816	9.048343737725892e-27
-0.0004603314434724905	7.450733869878966e-27
-0.0004510929897325762	5.947371370774819e-27
-0.000442039943765072	4.787127853217711e-27
-0.00043316858459642124	4.5376702637102e-27
-0.00042447526592978736	4.968092158521648e-27
-0.00041595641464635446	2.7944216569936428e-27
-0.0004076085293367111	2.1577061292946858e-27
-0.0003994281788617022	2.282006916583725e-27
-0.0003914120009421668	6.0111104042770744e-27
-0.0003835567007769776	7.186305341614627e-27
-0.0003758590496888133	6.678471292751052e-27
-0.00036831588379711435	5.302939976987093e-27
-0.0003609241027176656	5.5448572942499065e-27
-0.0003536806682882804	1.0343395846239244e-26
-0.0003465826033200587	1.7276769479687753e-26
-0.00033962699037370394	1.670152134032607e-26
-0.00033281097056040327	1.2812116578694194e-26
-0.00032613174236676806	9.59244738555164e-27
-0.00031958656050335907	8.60069799466837e-27
-0.0003131727347763211	8.98762739035313e-27
-0.00030688762898166037	7.39234161055273e-27
-0.0003007286598217175	5.900409929547535e-27
-0.0002946932958433813	4.74980696261088e-27
-0.00028877905639761414	4.504789633893825e-27
-0.00028298351061985824	4.935504589330011e-27
-0.000277304276430903	2.780538254832213e-27
-0.00027173901955780737	2.1482699955051203e-27
-0.00026628545257446814	2.2789825587470774e-27
-0.00026094133396144454	6.032428396978686e-27
-0.00025570446718465174	7.215653987126446e-27
-0.0002505726997925422	6.710938687511091e-27
-0.00024554392253140953	5.3257558789958674e-27
-0.00024061606847844373	5.5491766441137685e-27
-0.0002357871121921869	1.0308358962284726e-26
-0.00023105506888003913	1.7198399330018283e-26
-0.00022641799358246928	1.6624949916758372e-26
-0.0002218739803736022	1.2755955184790165e-26
-0.00021742116157784537	9.551757101424701e-27
-0.00021305770700223936	8.56310588589773e-27
-0.00020878182318421405	8.947070638078702e-27
-0.00020459175265444024	7.353501133684999e-27
-0.00020048577321447834	5.869470113898903e-27
-0.0001964621972289209	4.7256863771932116e-27
-0.00019251937093174278	4.484113715031998e-27
-0.00018865567374657218	4.9155167056369325e-27
-0.00018486951762060197	2.7712838555820477e-27
-0.00018115934637187158	2.1419710295342763e-27
-0.00017752363504964543	2.276901351952963e-27
-0.00017396088930762967	6.0462683981493314e-27
-0.00017046964478976783	7.234743333367867e-27
-0.00016704846652836148	6.73213122402628e-27
-0.00016369594835427304	5.3406216019101436e-27
-0.00016041071231896249	5.551710195687632e-27
-0.0001571914081281246	1.0284366567822102e-26
-0.00015403671258669275	1.7145063177662272e-26
-0.0001509453290549795	1.657282232959728e-26
-0.0001479159869157348	1.2717672718151045e-26
-0.00014494744105189692	9.524009139852789e-27
-0.00014203847133482624	8.537527628546904e-27
-0.00013918788212280938	8.919537162168233e-27
-0.00013639450176962682	7.327197073400134e-27
-0.00013365718214298556	5.8485117366825365e-27
-0.00013097479815261392	4.709335705090549e-27
-0.0001283462472878285	4.470080504538674e-27
-0.00012577044916438145	4.901926818283138e-27
-0.00012324634508040133	2.7649879632971344e-27
-0.00012077289758124772	2.1376694237857602e-27
-0.00011834909003309695	2.2753759063612666e-27
-0.00011597392620508646	6.055022129948101e-27
-0.0001136464298598452	7.246887421652908e-27
-0.00011136564435224097	6.745710776283658e-27
-0.00010913063223618202	5.350104915127341e-27
-0.00010694047487930832	5.552972535900913e-27
-0.00010479427208541641	1.0267610105236059e-26
-0.00010269114172446183	1.7108234911930577e-26
-0.00010063021936998635	1.6536831050433862e-26
-9.86106579438232e-5	1.2691192976088139e-26
-9.663162736793128e-5	9.504796405768102e-27
-9.46923142232175e-5	8.519853872832636e-27
-9.279192141520625e-5	8.900552874558866e-27
-9.092966784641788e-5	7.309146370435553e-27
-8.910478809532371e-5	5.8341268862852954e-27
-8.731653210174262e-5	4.698101276136949e-27
-8.556416485855234e-5	4.460410080096063e-27
-8.384696610958763e-5	4.8925240152216546e-27
-8.216423005360088e-5	2.7606065588104916e-27
-8.051526505416515e-5	2.134656853563886e-27
-7.889939335539797e-5	2.2741892836184047e-27
-7.731595080339098e-5	6.0603486501104815e-27
-7.576428657323014e-5	7.254365349304451e-27
-7.424376290149399e-5	6.754183504806252e-27
-7.275375482412135e-5	5.3559716430665675e-27
-7.129364991953888e-5	5.5533557383281045e-27
-6.986284805694428e-5	1.0255619245062523e-26
-6.846076114964122e-5	1.7083871439490845e-26
-6.708681291332423e-5	1.6511627062549993e-26
-6.574043862921546e-5	1.2672525683735757e-26
-6.442108491195419e-5	9.491227304544427e-27
-6.3128209482145e-5	8.507379191730192e-27
-6.186128094347084e-5	8.887096897232772e-27
-6.061977856427859e-5	7.296381770193514e-27
-5.9403192063549134e-5	5.824026756180353e-27
-5.821102140116175e-5	4.69026681859358e-27
-5.7042776572368226e-5	4.45363037270195e-27
-5.5897977406391754e-5	4.885877734297684e-27
-5.4776153369067255e-5	2.7574748508948486e-27
-5.3676843369443434e-5	2.1324840375821912e-27
-5.259959557026531e-5	2.2732145908293964e-27
-5.154396720226065e-5	6.0633782509929e-27
-5.050952438215343e-5	7.258722875369966e-27
-4.949584193432932e-5	6.759281505424556e-27
-4.85025032160809e-5	5.35998333505663e-27
-4.752909994635925e-5	5.556498126001001e-27
-4.6575232037962846e-5	1.0253810242051764e-26
-4.564050743309414e-5	1.7064648461483658e-26
-4.4724541942216154e-5	1.6476035687927018e-26
-4.3826959086143644e-5	1.2639098629973942e-26
-4.294738994130279e-5	9.47176098393274e-27
-4.208547298809667e-5	8.495996075745589e-27
-4.1240853962313886e-5	8.877147285943312e-27
-4.041318570951906e-5	7.287363412651489e-27
-3.960212804236609e-5	5.816857478173809e-27
-3.8807347600774495e-5	4.684648922587807e-27
-3.802851771491215e-5	4.448738826791322e-27
-3.726531827092784e-5	4.881047106011547e-27
-3.651743557937817e-5	2.7551633697817634e-27
-3.578456224629562e-5	2.1308618263196894e-27
-3.506639704684354e-5	2.2723749776719866e-27
-3.43626448015071e-5	6.064873607444001e-27
-3.367301625476895e-5	7.260999806666603e-27
-3.299722795621955e-5	6.7620869065545e-27
-3.233500214405393e-5	5.36190226270539e-27
-3.168606663090617e-5	5.556070680076666e-27
-3.1050154691975235e-5	1.0247159469582174e-26
-3.0427004955396098e-5	1.7716660982047286e-26
-2.981636129481077e-5	1.648639380216494e-26
-2.921797272409576e-5	1.2624926167348385e-26
-2.863159329420186e-5	9.459051688668565e-27
-2.8056981992064443e-5	8.484635259168364e-27
-2.749390264154259e-5	8.867657939323866e-27
-2.694212380634604e-5	7.280099590908779e-27
-2.6401418694910726e-5	5.811628278444011e-27
-2.5871565067182997e-5	4.680597839680825e-27
-2.5352345143274767e-5	4.445126888072404e-27
-2.484354551395189e-5	4.8773946178886805e-27
-2.434495705291878e-5	2.753356538181771e-27
-2.385637483086375e-5	2.1295899757870632e-27
-2.3377598031229026e-5	2.2716270881323523e-27
-2.2908429867671398e-5	6.065348828967786e-27
-2.24486775031793e-5	7.261933669592037e-27
-2.199815197081303e-5	6.765559302328073e-27
-2.1556668096035954e-5	5.4070046396041165e-27
-2.1124044420604114e-5	5.961345210854395e-27
-2.0700103127983487e-5	1.2013035192564529e-26
-2.0284669970264065e-5	2.0877230097058586e-26
-1.9877574196540514e-5	2.0752733480842885e-26
-1.947864848273051e-5	1.5212251678935673e-26
-1.908772886280124e-5	1.0327727758304009e-26
-1.8704654661376297e-5	8.65086013846472e-27
-1.832926842769506e-5	8.881018784294081e-27
-1.796141587089736e-5	7.272073007043329e-27
-1.760094579660715e-5	5.803139001117959e-27
-1.7247710044788664e-5	4.6755422416981476e-27
-1.6901563428849843e-5	4.442197023377795e-27
-1.6562363675967926e-5	4.8748437335301935e-27
-1.622997136861252e-5	2.7519713951839017e-27
-1.59042498872425e-5	2.1285817220969714e-27
-1.5585065354152683e-5	2.2709329406448664e-27
-1.52722865784476e-5	6.065251827839353e-27
-1.4965785002119535e-5	7.263327136142404e-27
-1.4665434647208688e-5	6.776221846789848e-27
-1.437111206402397e-5	5.436229660867609e-27
-1.4082696280402741e-5	5.8538138700198766e-27
-1.3800068751988992e-5	1.1108322740985391e-26
-1.3523113313509377e-5	1.8201612476575552e-26
-1.325171613102701e-5	1.9290714777649385e-26
-1.2985765655153672e-5	1.5996134307307275e-26
-1.2725152575200827e-5	1.2500994027816795e-26
-1.2469769774250864e-5	1.061566753437924e-26
-1.221951228513004e-5	9.904897275453183e-27
-1.1974277247264906e-5	7.789883901378221e-27
-1.1733963864404767e-5	5.992102591606633e-27
-1.1498473363192443e-5	4.729786334583105e-27
-1.1267708952566563e-5	4.453196690541667e-27
-1.1041575783978618e-5	4.807813143185249e-27
-1.0819980912408346e-5	2.748096574678237e-27
-1.0602833258161666e-5	2.1274525181364288e-27
-1.0390043569435124e-5	2.270162016535262e-27
-1.0181524385631732e-5	4.3121468034301566e-27
-9.977190001413023e-6	6.976577363421255e-27
-9.776956431472459e-6	6.748281657344026e-27
-9.58074137601598e-6	5.2617704583986815e-27
-9.388464186935162e-6	4.4018875235883335e-27
-9.200045834659329e-6	5.136678679781126e-27
-9.015408875672917e-6	7.242540777544518e-27
-8.834477420684672e-6	8.968084848829104e-27
-8.657177103435782e-6	9.26890941918931e-27
-8.483435050133884e-6	8.282709191194235e-27
-8.313179849500576e-6	7.277506948223389e-27
-8.146341523420028e-6	6.884659442528964e-27
-7.982851498176604e-6	5.8767967902170816e-27
-7.822642576269845e-6	5.4275521184419936e-27
-7.665648908794962e-6	4.974377277266628e-27
-7.511805968377709e-6	4.922498545001834e-27
-7.361050522652412e-6	5.4545707022211726e-27
-7.213320608272231e-6	1.994387547024423e-27
-7.0685555054411104e-6	1.7468844453597692e-27
-6.926695712956749e-6	1.6841247223757465e-27
-6.787682923754488e-6	2.1249978364067876e-27
-6.651460000942015e-6	3.094180466276223e-27
-6.517970954314973e-6	3.559996084226659e-27
-6.387160917343987e-6	3.692289543373713e-27
-6.258976124623441e-6	3.261051289219195e-27
-6.133363889772886e-6	2.765472810988752e-27
-6.010272583781945e-6	2.522555867533793e-27
-5.889651613789781e-6	2.377792797285142e-27
-5.771451402290521e-6	2.693214689723615e-27
-5.655623366755923e-6	3.258746262577704e-27
-5.5421198996670504e-6	3.9224154797961325e-27
-5.430894348946685e-6	4.462230599617434e-27
-5.321900998784403e-6	3.794082842006852e-27
-5.2150950508465636e-6	3.538291065088571e-27
-5.1104326058633085e-6	3.2251152543001032e-27
-5.007870645585139e-6	3.05550856725488e-27
-4.907367015101608e-6	3.1195118010890715e-27
-4.8088804055148205e-6	1.2054282716827239e-27
-4.71237033696074e-6	9.814405721490468e-28
-4.617797141971165e-6	8.666275894014892e-28
-4.525121949169659e-6	8.565090893221786e-28
-4.434306667294677e-6	9.495453503836365e-28
-4.345313969543315e-6	7.00609263055911e-28
-4.258107278229324e-6	8.851731169980553e-28
4.258107278229324e-6	8.853554958128883e-28
4.345313969543315e-6	7.006478902956681e-28
4.434306667294677e-6	9.494329598931673e-28
4.525121949169659e-6	8.563962358833692e-28
4.617797141971165e-6	8.66433687394444e-28
4.71237033696074e-6	9.811034503149082e-28
4.8088804055148205e-6	1.2049053179940233e-27
4.907367015101608e-6	3.1175951921613846e-27
5.007870645585139e-6	3.0532963735479036e-27
5.1104326058633085e-6	3.2228344850755523e-27
5.2150950508465636e-6	3.536059963948459e-27
5.321900998784403e-6	3.792013540137562e-27
5.430894348946685e-6	4.4605960441864894e-27
5.5421198996670504e-6	3.9211289931235374e-27
5.655623366755923e-6	3.258190094396439e-27
5.771451402290521e-6	2.6937137451957453e-27
5.889651613789781e-6	2.3797003141287503e-27
6.010272583781945e-6	2.5262497954133847e-27
6.133363889772886e-6	2.770946892631922e-27
6.258976124623441e-6	3.267420187185688e-27
6.387160917343987e-6	3.69794530563371e-27
6.517970954314973e-6	3.5635059599359744e-27
6.651460000942015e-6	3.0949747282472012e-27
6.787682923754488e-6	2.124033335680136e-27
6.926695712956749e-6	1.6823323543816814e-27
7.0685555054411104e-6	1.7448259417660195e-27
7.213320608272231e-6	1.9920819778955454e-27
7.361050522652412e-6	5.449605485118757e-27
7.511805968377709e-6	4.917232173771355e-27
7.665648908794962e-6	4.968940013576845e-27
7.822642576269845e-6	5.4229878287769625e-27
7.982851498176604e-6	5.8747538268086505e-27
8.146341523420028e-6	6.886688778001295e-27
8.313179849500576e-6	7.282766623180421e-27
8.483435050133884e-6	8.288900381188519e-27
8.657177103435782e-6	9.273130337918254e-27
8.834477420684672e-6	8.969820632896674e-27
9.015408875672917e-6	7.244473775555626e-27
9.200045834659329e-6	5.1427852766322274e-27
9.388464186935162e-6	4.416676419193182e-27
9.58074137601598e-6	5.286399480704755e-27
9.776956431472459e-6	6.770405418611241e-27
9.977190001413023e-6	6.982003148672307e-27
1.0181524385631732e-5	4.3070379202359974e-27
1.0390043569435124e-5	2.2640431151876807e-27
1.0602833258161666e-5	2.1208233734386286e-27
1.0819980912408346e-5	2.742186242624471e-27
1.1041575783978618e-5	4.802852338495423e-27
1.1267708952566563e-5	4.448524851271603e-27
1.1498473363192443e-5	4.7205601389853714e-27
1.1733963864404767e-5	5.976567469479585e-27
1.1974277247264906e-5	7.773440679548081e-27
1.221951228513004e-5	9.895181005033652e-27
1.2469769774250864e-5	1.0612400489793837e-26
1.2725152575200827e-5	1.2508950597530714e-26
1.2985765655153672e-5	1.602032965696053e-26
1.325171613102701e-5	1.930725798307193e-26
1.3523113313509377e-5	1.818855652278636e-26
1.3800068751988992e-5	1.1093324456030799e-26
1.4082696280402741e-5	5.861630046380155e-27
1.437111206402397e-5	5.4616875585756744e-27
1.4665434647208688e-5	6.800920194877549e-27
1.4965785002119535e-5	7.270256211855373e-27
1.52722865784476e-5	6.062118835007237e-27
1.5585065354152683e-5	2.2646097526700414e-27
1.59042498872425e-5	2.121014810712641e-27
1.622997136861252e-5	2.7443910406496763e-27
1.6562363675967926e-5	4.866897181786801e-27
1.6901563428849843e-5	4.4344247369811295e-27
1.7247710044788664e-5	4.665877613127812e-27
1.760094579660715e-5	5.7923085423911985e-27
1.796141587089736e-5	7.261902764780923e-27
1.832926842769506e-5	8.874956756029174e-27
1.8704654661376297e-5	8.648149682062911e-27
1.908772886280124e-5	1.0323897864965538e-26
1.947864848273051e-5	1.5198497841919838e-26
1.9877574196540514e-5	2.0726070798274645e-26
2.0284669970264065e-5	2.0847010161685303e-26
2.0700103127983487e-5	1.2006130211231866e-26
2.1124044420604114e-5	5.9759708920750064e-27
2.1556668096035954e-5	5.4363789128721755e-27
2.199815197081303e-5	6.794424783348914e-27
2.24486775031793e-5	7.272690885497084e-27
2.2908429867671398e-5	6.065048498409596e-27
2.3377598031229026e-5	2.2651144351726296e-27
2.385637483086375e-5	2.1210902016160386e-27
2.434495705291878e-5	2.7443959704193365e-27
2.484354551395189e-5	4.866759619878298e-27
2.5352345143274767e-5	4.43388401324717e-27
2.5871565067182997e-5	4.663789361956829e-27
2.6401418694910726e-5	5.7879069734166046e-27
2.694212380634604e-5	7.256393689799132e-27
2.749390264154259e-5	8.85494746524126e-27
2.8056981992064443e-5	8.483937307957338e-27
2.863159329420186e-5	9.470938339323233e-27
2.921797272409576e-5	1.2647098885448376e-26
2.981636129481077e-5	1.6490724978644924e-26
3.0427004955396098e-5	1.7684099285443457e-26
3.1050154691975235e-5	1.0225063323474946e-26
3.168606663090617e-5	5.566273461112228e-27
3.233500214405393e-5	5.394690884267398e-27
3.299722795621955e-5	6.797077459750812e-27
3.367301625476895e-5	7.277518622201702e-27
3.43626448015071e-5	6.0688500381728024e-27
3.506639704684354e-5	2.2656004642918747e-27
3.578456224629562e-5	2.1209001778148946e-27
3.651743557937817e-5	2.7439670603939492e-27
3.726531827092784e-5	4.865672470331509e-27
3.802851771491215e-5	4.432390375261622e-27
3.8807347600774495e-5	4.661439634701865e-27
3.960212804236609e-5	5.784285810150809e-27
4.041318570951906e-5	7.251221794927349e-27
4.1240853962313886e-5	8.849252388761762e-27
4.208547298809667e-5	8.476662455772933e-27
4.294738994130279e-5	9.46260652690545e-27
4.3826959086143644e-5	1.2638224497341768e-26
4.4724541942216154e-5	1.6456504515397292e-26
4.564050743309414e-5	1.7011117790199151e-26
4.6575232037962846e-5	1.0224691742801131e-26
4.752909994635925e-5	5.569222614152657e-27
4.85025032160809e-5	5.399622925000628e-27
4.949584193432932e-5	6.803628907768628e-27
5.050952438215343e-5	7.283912977167614e-27
5.154396720226065e-5	6.073778042467175e-27
5.259959557026531e-5	2.2660338713825123e-27
5.3676843369443434e-5	2.1203619163658733e-27
5.4776153369067255e-5	2.7430279173912003e-27
5.5897977406391754e-5	4.8634897484069716e-27
5.7042776572368226e-5	4.4298419749049736e-27
5.821102140116175e-5	4.6581691155197536e-27
5.9403192063549134e-5	5.7800015149971756e-27
6.061977856427859e-5	7.245899500977268e-27
6.186128094347084e-5	8.8441283253173e-27
6.3128209482145e-5	8.469785676612231e-27
6.442108491195419e-5	9.447728022500569e-27
6.574043862921546e-5	1.2610617192422359e-26
6.708681291332423e-5	1.6428804573244342e-26
6.846076114964122e-5	1.700106508701541e-26
6.986284805694428e-5	1.0229479816189396e-26
7.129364991953888e-5	5.575965640623126e-27
7.275375482412135e-5	5.406776308578208e-27
7.424376290149399e-5	6.812606663456297e-27
7.576428657323014e-5	7.29258261502075e-27
7.731595080339098e-5	6.0804042256343085e-27
7.889939335539797e-5	2.266398406349493e-27
8.051526505416515e-5	2.1192871155259974e-27
8.216423005360088e-5	2.7412726934585283e-27
8.384696610958763e-5	4.859592163263221e-27
8.556416485855234e-5	4.4254599495660626e-27
8.731653210174262e-5	4.652678468878833e-27
8.910478809532371e-5	5.772764646180028e-27
9.092966784641788e-5	7.23684207410998e-27
9.279192141520625e-5	8.835670570577583e-27
9.46923142232175e-5	8.461923073233607e-27
9.663162736793128e-5	9.438693848723123e-27
9.86106579438232e-5	1.2597733803689083e-26
0.00010063021936998635	1.6411826281083514e-26
0.00010269114172446183	1.6986631505019677e-26
0.00010479427208541641	1.0225131775061294e-26
0.00010694047487930832	5.580426047824176e-27
0.00010913063223618202	5.4159933210456185e-27
0.00011136564435224097	6.825165784279371e-27
0.0001136464298598452	7.304675321325298e-27
0.00011597392620508646	6.089586599730373e-27
0.00011834909003309695	2.266667970533208e-27
0.00012077289758124772	2.11741842739878e-27
0.00012324634508040133	2.7383070937480883e-27
0.00012577044916438145	4.853128905713849e-27
0.0001283462472878285	4.418296262192423e-27
0.00013097479815261392	4.643801423837442e-27
0.00013365718214298556	5.7612396706200024e-27
0.00013639450176962682	7.22255918899586e-27
0.00013918788212280938	8.821995449950717e-27
0.00014203847133482624	8.44905164465103e-27
0.00014494744105189692	9.42390212379257e-27
0.0001479159869157348	1.2576744995000052e-26
0.0001509453290549795	1.6384034899740345e-26
0.00015403671258669275	1.6960554471711838e-26
0.0001571914081281246	1.021727442742416e-26
0.00016041071231896249	5.5864063418914905e-27
0.00016369594835427304	5.42914348894521e-27
0.00016704846652836148	6.843158619808387e-27
0.00017046964478976783	7.321913757789001e-27
0.00017396088930762967	6.102615876437383e-27
0.00017752363504964543	2.266813522137325e-27
0.00018115934637187158	2.114384714405497e-27
0.00018486951762060197	2.733559974142547e-27
0.00018865567374657218	4.842855216122277e-27
0.00019251937093174278	4.407005995705497e-27
0.0001964621972289209	4.62989649448776e-27
0.00020048577321447834	5.743217646369124e-27
0.00020459175265444024	7.200215900834622e-27
0.00020878182318421405	8.800355897849009e-27
0.00021305770700223936	8.428650645726067e-27
0.00021742116157784537	9.400481549844382e-27
0.0002218739803736022	1.2543611471924565e-26
0.00022641799358246928	1.634019433071727e-26
0.00023105506888003913	1.6919217875220305e-26
0.0002357871121921869	1.0204154279624524e-26
0.00024061606847844373	5.594662440594051e-27
0.00024554392253140953	5.448187173061202e-27
0.0002505726997925422	6.869297534681836e-27
0.00025570446718465174	7.34687725278112e-27
0.00026094133396144454	6.121432137790399e-27
0.00026628545257446814	2.266813405724382e-27
0.00027173901955780737	2.1096625565704124e-27
0.000277304276430903	2.726218611483031e-27
0.00028298351061985824	4.826949198669312e-27
0.00028877905639761414	4.389584632096086e-27
0.0002946932958433813	4.608495731685575e-27
0.0003007286598217175	5.715504609510909e-27
0.00030688762898166037	7.165852092975916e-27
0.0003131727347763211	8.766833676122738e-27
0.00031958656050335907	8.396999516153249e-27
0.00032613174236676806	9.36415438407448e-27
0.00033281097056040327	1.2492309477917117e-26
0.00033962699037370394	1.6272340457191038e-26
0.0003465826033200587	1.6855053124613653e-26
0.0003536806682882804	1.0183148555827232e-26
0.0003609241027176656	5.606311315155309e-27
0.00036831588379711435	5.476034530890083e-27
0.0003758590496888133	6.907615029338015e-27
0.0003835567007769776	7.383412976716528e-27
0.0003914120009421668	6.1489425233050014e-27
0.0003994281788617022	2.2666815666724935e-27
0.0004076085293367111	2.1025400509582333e-27
0.00041595641464635446	2.7151616426660528e-27
0.00042447526592978736	4.805007024374769e-27
0.00043316858459642124	4.364349341931483e-27
0.000442039943765072	4.576575170254643e-27
0.0004510929897325762	5.673648459120184e-27
0.0004603314434724905	7.113722077069788e-27
0.0004697591021644816	8.71566868770479e-27
0.0004793798407550386	8.348591342055466e-27
0.0004891976135501521	9.308569318844647e-27
0.000499216455840605	1.2413893915445028e-26
0.0005094404855605558	1.616864290808457e-26
0.0005198739049800881	1.6756817829923707e-26
0.0005305210024324205	1.0150333204930751e-26
0.0005413861540764983	5.622972523703382e-27
0.0005524738256956715	5.516954272395771e-27
0.0005637885745332199	6.964040940458919e-27
0.0005753350511654663	7.437204196964873e-27
0.0005871180014132501	6.18946938387159e-27
0.0005991422682925533	2.2665344202950962e-27
0.0006114127940050665	2.0921077162875816e-27
0.0006239346219695317	2.6989219969057044e-27
0.0006367128988946811	4.766701189062056e-27
0.0006497528768946319	4.323455796216837e-27
0.000663059915647608	4.527330892861825e-27
0.0006766394845988643	5.61097783242644e-27
0.0006904971652087358	7.037500041773578e-27
0.0007046386532467224	8.640996630449471e-27
0.0007190697611325579	8.281996145932581e-27
0.0007337964203252282	9.233809870431295e-27
0.0007488246837609074	1.2304635682321612e-26
0.0007641607283408339	1.6018535132072606e-26
0.000779810857470132	1.66115164397299e-26
0.0007957815036486309	1.0101142542060462e-26
0.0008120792311147475	5.647219430437329e-27
0.0008287107385435072	5.577100311197742e-27
0.0008456828617998299	7.047099396022292e-27
0.0008630025767481995	7.516470279416504e-27
0.0008806770021198753	6.249319527172877e-27
0.00089871340243883	2.2667326678413927e-27
0.0009171191910075999	2.0773300553689055e-27
0.0009359019329542975	2.6757303248980096e-27
0.0009550693483420216	4.713619227770994e-27
0.0009746293153419477	4.26448485302593e-27
0.000994589873471412	4.4540925375313986e-27
0.0010149592268982965	5.515518029073994e-27
0.0010357457478131038	6.917936903920715e-27
0.0010569579798700836	8.519944581477028e-27
0.0010786046416988368	8.165935505506061e-27
0.0011006946304878422	9.107027123254895e-27
0.001123237025641361	1.2138646387689087e-26
0.0011462410925112507	1.579718152980996e-26
0.0011697162862051981	1.6387246007369995e-26
0.0011936722554729462	1.0013831605797273e-26
0.0012181188466721213	5.6721859825883165e-27
0.0012430661078152608	5.6580637634945984e-27
0.001268524292699745	7.163836381869352e-27
0.0012945038651222993	7.630006907812914e-27
0.001321015503179813	6.3362661256671525e-27
0.001348070103658245	2.2678537449806248e-27
0.0013756787865113998	2.05726539064347e-27
0.0014038528994314463	2.6438577717557542e-27
0.0014326040225130323	4.644783965867951e-27
0.0014619439730129216	4.1832068870547334e-27
0.001491884810207118	4.349226004010277e-27
0.0015224388403474447	5.377387006326115e-27
0.0015536186217196555	6.745761111246533e-27
0.0015854369698051255	8.351310940279096e-27
0.0016179069625482552	8.001556560222544e-27
0.0016510419457317633	8.908483213034473e-27
0.0016848555384620417	1.1849755453524351e-26
0.0017193616387668762	1.5421640775692558e-26
0.001754574429307797	1.6045294005777482e-26
0.0017905083832094194	9.898928109794825e-27
0.001827178270008182	5.7164608787396634e-27
0.0018645991617228914	5.7722582307306476e-27
0.0019027864390496173	7.3266095138435e-27
0.0019417557976834491	7.79427298956313e-27
0.0019815232547697194	6.465739675761199e-27
0.0020221051554873675	2.2737276949859047e-27
0.0020635181797670995	2.032247468785356e-27
0.0021057793491471694	2.6025082101227793e-27
0.0021489060337695487	4.540524397577708e-27
0.0021929159595193825	4.0619358916933155e-27
0.0022378272153106772	4.194603437226436e-27
0.002283658260521167	5.176127704305186e-27
0.002330427932579483	6.497781700944141e-27
0.0023781554547076863	8.107152051434752e-27
0.0024268604438223845	7.773323175775351e-27
0.002476562918597645	8.646779750612144e-27
0.0025272833076930624	1.1474502781466562e-26
0.0025790424581503143	1.491499544390767e-26
0.0026318616439616935	1.5558579000133435e-26
0.002685762574814131	9.725470893760171e-27
0.002740767405012273	5.781686595983258e-27
0.002796898742584337	5.9480494193348125e-27
0.002854179658574426	7.56994185757524e-27
0.0029126336965251713	8.028448069025501e-27
0.002972284882154581	6.64459075533342e-27
0.0030331577332310513	2.2849738929482213e-27
0.0030952772696506495	2.00396064538234e-27
0.0031586690237207543	2.5535103035275857e-27
0.0032233590506543204	4.3980924908101905e-27
0.003289373939279076	3.891152208051829e-27
0.0033567408229660156	3.9725570196645705e-27
0.0034254873907817508	4.885390303206811e-27
0.003495641898869225	6.1371366251967626e-27
0.00356723318206153	7.742756310762446e-27
0.003640290665733577	7.423035921486493e-27
0.0037148443778964673	8.247038816594715e-27
0.003790924961539594	1.0921463553695995e-26
0.003868563687225471	1.4175923298379473e-26
0.00394779246594254	1.4834424877969977e-26
0.0040286438622211965	9.439750719563976e-27
0.0041111511075184095	5.837758259682538e-27
0.004195348113876505	6.1572263825568616e-27
0.004281269487861639	7.862743632995716e-27
0.004368950544787757	8.305670121287487e-27
0.004458427323231872	6.861542474193996e-27
0.0045497365998465765	2.3031792087736335e-27
0.004642915904475974	1.9784727075900564e-27
0.004738003535581132	2.504291758649831e-27
0.004835038575981481	4.211594616091273e-27
0.004934060908918614	3.6580127997236236e-27
0.005035111234449024	3.661998774273581e-27
0.005138231086172626	4.477105089105194e-27
0.005243462848303838	5.629961117008642e-27
0.005350849773092295	7.220064044557263e-27
0.005460435998600365	6.907422535871083e-27
0.005572266566844701	7.639380154797418e-27
0.005686387442309391	1.0068102935375874e-26
0.005802845530838207	1.3047117022510405e-26
0.005921688698913811	1.374989013926398e-26
0.006042965793331795	8.98622016871751e-27
0.006166726661277614	5.85152053746866e-27
0.006293022170814758	6.3426611997426274e-27
0.0064219042317924585	8.122681580433752e-27
0.006553425817181636	8.548771493278558e-27
0.006687640984847807	7.040317095445217e-27
0.006824604899769865	2.333136970605992e-27
0.006964373856713961	1.9687158402220486e-27
0.007107005303371697	2.4702315258302657e-27
0.007252557863972222	3.980977679418826e-27
0.007401091363377921	3.354033868867291e-27
0.007552666851673535	3.244759621004332e-27
0.0077073466292589396	3.9244070711776186e-27
0.007865194272455757	4.939777803248416e-27
0.008026274659638441	6.43356234012058e-27
0.008190653997900548	6.1308772600012836e-27
0.008358399850267052	6.731890217473245e-27
0.008529581163464086	8.81698719455692e-27
0.00870426829625731	1.1405340415232185e-26
0.008882533048370717	1.2152558661454838e-26
0.009064448689997692	8.201531602288829e-27
0.009250089991916422	5.6369128196910276e-27
0.009439533256222137	6.270082480526987e-27
0.009632856347688687	8.065614516141877e-27
0.009830138725772453	8.481064550545123e-27
0.010031461477271712	6.967122772034413e-27
0.010236907349654798	2.346495025098146e-27
0.010446560785070943	1.980309772049466e-27
0.010660507955057545	2.4623027618387498e-27
0.010878836795958332	3.714981146330126e-27
0.011101637045066882	2.9877512180272794e-27
0.011329000277510302	2.7269198653002136e-27
0.011561019943888409	3.228942298875031e-27
0.011797791408683634	4.0611572842508704e-27
0.012039411989457663	5.3548846689780275e-27
0.012285980996850823	5.055927503594246e-27
0.012537599775400577	5.47568722494315e-27
0.01279437174519613	7.109689024299845e-27
0.013056402444385965	9.172134181978993e-27
0.013323799572556074	9.903632631787911e-27
0.013596673034996539	6.795100569111105e-27
0.013875134987874632	4.7246552830926484e-27
0.014159299884333206	5.244691787498119e-27
0.014449284521533032	6.76541420063792e-27
0.01474520808865868	7.18653172919024e-27
0.015047192215907567	6.012528587856109e-27
0.015355361024482195	2.1839269896265958e-27
0.015669841177606413	1.9406435319545322e-27
0.01599076193258632	2.406495472850426e-27
0.016318255193937498	3.380548160387315e-27
0.01665245556760032	2.5876638708545168e-27
0.016993500416265454	2.1899902674200868e-27
0.017341529915832612	2.5009278153285427e-27
0.017696687113025453	3.119021812062859e-27
0.018059117984186496	4.044033519165946e-27
0.018428971495276232	3.760811179947946e-27
0.018806399663100867	3.9883860258818534e-27
0.019191557617794192	5.155176055343442e-27
0.019584603666578947	6.683420407149944e-27
0.01998569935883411	7.398242463452081e-27
0.02039500955249481	4.891131341285476e-27
0.020812702481811947	3.0029956789082003e-27
0.02123894982649981	2.9545020091471177e-27
0.021673926782299548	3.66666913062535e-27
0.02211781213298802	3.9520993851808376e-27
0.022570788323861352	3.401152167573863e-27
0.023033041536723295	1.5788606396682034e-27
0.02350476176640962	1.5799136075163402e-27
0.023986142898879476	1.9689576322799525e-27
0.024477382790906246	2.6911950285181532e-27
0.024978683351400483	2.0180411397449365e-27
0.02549025062439818	1.6154825046334377e-27
0.02601229487374892	1.7683225550348226e-27
0.026545030669538176	2.1730424162261642e-27
0.02708867697627974	2.581820501751912e-27
0.02764345724291435	2.2665478642443294e-27
0.0282095994946513	2.1936668345316078e-27
0.02878733642669129	2.7616362300510595e-27
0.029376905499868423	3.63284183227811e-27
0.029978549038251166	4.0098724057157745e-27
0.030592514328742212	2.4184445330144874e-27
0.031219053722717924	9.428889619845837e-28
0.03185842473974971	4.794120240657385e-28
0.03251089017344932	4.595123493560734e-28
0.03317671819948203	5.708335213903841e-28
0.03385618248579202	5.716237036429491e-28
0.03454956230508494	5.759723418028592e-28
0.03525714264961443	7.073545831286034e-28
0.035979214348319216	8.95701492259484e-28
0.036716074186359374	1.4026062087072189e-27
0.037468025027100726	1.1954421138501267e-27
0.038235375936597274	1.0840316387100167e-27
0.03901844231062338	1.2240852120966283e-27
0.039817546004307265	1.5282587385884432e-27
0.04063301546441961	1.7498464264216624e-27
0.04146518586437153	1.5134194992432608e-27
0.04231439924197695	1.2637492959595836e-27
0.043181004640036935	1.4364416218372284e-27
0.044065358249802636	1.9092928276812625e-27
0.04496782355737675	2.330207306463395e-27
0.045888771493113316	1.690800922798402e-27
0.046828580584076886	8.709827271205107e-28
0.04778763710962457	6.686418509192493e-28
0.04876633526017398	8.989772262810893e-28
0.04976507729922305	1.2615371737449295e-27
0.05078427372868804	1.3672004253461482e-27
0.05182434345762741	1.3090966941908906e-27
0.05288571397442165	1.3362500710267251e-27
0.053968821522478824	1.3030267994783506e-27
0.055074111279539054	1.4361201063790841e-27
0.05620203754065109	1.0487482802454854e-27
0.057353063904895904	9.287316370652186e-28
0.05852766346593507	1.0227270606792856e-27
0.05972631900646087	1.293908829448379e-27
0.06094952319662942	1.540751000132681e-27
0.06219777879655729	1.329302783878825e-27
0.06347159886296545	1.058190892185012e-27
0.0647715069600554	1.1387737747070687e-27
0.06609803737470393	1.4728108696650301e-27
0.06745173533606512	1.8742415090599914e-27
0.06883315723966997	1.6437243007246206e-27
0.07024287087611535	1.560229289046026e-27
0.07168145566443686	1.9841623213577212e-27
0.07314950289026094	2.7563213963124538e-27
0.07464761594883457	3.410879811405801e-27
0.07617641059303205	2.968605632617622e-27
0.07773651518644115	1.1276271792767193e-27
0.07932857096163247	6.606818500444784e-28
0.0809532322837182	7.257114039796952e-28
0.08261116691930859	7.571157508136478e-28
0.08430305631097663	6.510820426386031e-28
0.08602959585734389	6.954290697911726e-28
0.0877914951989026	8.089752145250646e-28
0.08958947850969132	9.878528632976751e-28
0.09142428479494413	1.3467531007313657e-27
0.09329666819483592	1.3991454445095132e-27
0.09520739829444817	1.313765681536994e-27
0.0971572604400831	1.4365783400816358e-27
0.09914705606205589	1.7658526375509787e-27
0.10117760300409769	1.9187832710058604e-27
0.10324973585950496	1.849772707283469e-27
0.10536430631417303	1.8128146403544443e-27
0.10752218349665528	1.9683621608376055e-27
0.10972425433539142	2.6737914592298108e-27
0.11197142392325185	3.745160978347829e-27
0.11426461588954809	3.6766622675499006e-27
0.11660477277966172	2.2206465910969507e-27
0.1189928564424487	1.1670309336785384e-27
0.12142984842557732	1.00422202199124e-27
0.12391675037896288	1.0350260829171305e-27
0.12645458446646496	9.293795363820131e-28
0.12904439378601584	8.121742916368415e-28
0.13168724279835392	7.090672586735726e-28
0.13438421776453696	7.187320064867224e-28
0.1371364271924162	8.374570977032997e-28
0.1399450022922539	7.554823740507207e-28
0.14281109744167225	5.933943599193321e-28
0.14573589066012466	4.734578599235534e-28
0.14872058409308384	4.921289426314107e-28
0.15176640450614653	6.037426661409011e-28
0.15487460378925744	6.280015911454204e-28
0.15804645947125953	5.786570195547513e-28
0.16128327524498293	5.019348250446441e-28
0.16458638150308713	4.975137085069515e-28
0.1679571358848778	5.557774558116245e-28
0.17139692383432215	5.307965946239602e-28
0.17490715916949257	4.556909422622843e-28
0.17848928466367306	3.506304830820509e-28
0.18214477263836595	2.882207069411611e-28
0.18587512556844432	2.92141650120911e-28
0.1896818766996974	2.3696212682052834e-28
0.19356659067902376	2.079189732776873e-28
0.19753086419753085	2.117015409382425e-28
0.20157632664680544	2.6615956619300075e-28
0.20570464078862427	3.6700754794569064e-28
0.20991750343838084	3.517554433995868e-28
0.21421664616250838	2.772483905691357e-28
0.21860383599018698	2.3567745922249796e-28
0.22308087613962574	2.4306439617226223e-28
0.2276496067592198	2.724675152841323e-28
0.23231190568388618	2.6706064441963378e-28
0.2370696892068893	2.9981670993687896e-28
0.2419249128674744	3.164977786761305e-28
0.2468795722546307	2.73358723559175e-28
0.25193570382731667	2.5303851941897547e-28
0.2570953857514832	2.2009897889897963e-28
0.2623607387542389	1.8872495965484152e-28
0.2677339269955096	1.7665137693859158e-28
0.27321715895754894	1.951503001487289e-28
0.2788126883526665	2.599381824369366e-28
0.28452281504954613	2.4118468167092946e-28
0.2903498860185356	1.6039789011108687e-28
0.2962962962962963	1.1734886132538303e-28
0.3023644899702082	1.233691423761726e-28
0.30855696118293646	1.9208812447961752e-28
0.3148762551575712	2.280421272253162e-28
0.3213249692437626	2.9084760711874367e-28
0.3279057539852805	4.328590389877893e-28
0.33462131420943864	5.3486225899206105e-28
0.34147441013882973	4.970883462416395e-28
0.3484678585258292	3.1723683690503107e-28
0.35560453381033397	1.8148944219534917e-28
0.36288736930121157	1.2993296938411769e-28
0.370319358381946	1.21128143492345e-28
0.37790355574097506	1.319447010943048e-28
0.38564307862722474	1.6612497113849873e-28
0.3935411081313583	2.3077454308883807e-28
0.40160089049326436	2.231269860759111e-28
0.4098257384363234	1.473972122745096e-28
0.4182190325289998	1.2170330290818537e-28
0.42678422257431914	9.213936905229339e-29
0.43552482902780343	7.925624047019357e-29
0.4444444444444444	7.012699008787678e-29
0.4535467349553123	6.617892736825518e-29
0.4628354417744047	7.98765757236228e-29
0.47231438273635684	1.1519956530775934e-28
0.48198745386564384	1.823826221952088e-28
0.4918586309779207	1.8155446776311905e-28
0.5019319713141579	1.1279204651418747e-28
0.5122116152082447	1.068869390453986e-28
0.5227017877887438	7.13655182413421e-29
0.533406800715501	6.805776135752762e-29
0.5443310539518174	6.666594598943677e-29
0.555479037572919	7.141270864711169e-29
0.5668553336114626	7.83785272557076e-29
0.5784646179408371	7.424744311598043e-29
0.5903116621970375	6.474357883588118e-29
0.6024013357398965	5.770357833709353e-29
0.6147386076544852	5.130175227616968e-29
0.6273285487934996	6.004852154498498e-29
0.6401763338614787	3.259573196051092e-29
0.6532872435417052	3.032068539915007e-29
0.6666666666666666	2.4059950008424085e-29
0.6803201024329685	2.0920330781292363e-29
0.6942531626616071	2.1647748135787112e-29
0.7084715741045352	1.4735327549600178e-29
0.7229811807984657	1.3030009921255837e-29
0.7377879464668811	1.3189291738544584e-29
0.752897956971237	1.3431964844139244e-29
0.7683174228123669	1.4901696963939022e-29
0.7840526816831157	1.6337043541529773e-29
0.8001102010732514	1.988771220710646e-29
0.816496580927726	2.4005032430634448e-29
0.8332185563593787	2.5736965534106364e-29
0.850283000417194	2.7250388050562026e-29
0.8676969269112557	3.023097261483747e-29
0.8854674932955561	3.616457062244103e-29
0.9036020036098449	4.494841408811923e-29
0.9221079114817278	4.858994058858885e-29
0.9409928231902495	4.571397238220482e-29
0.960264500792218	4.0074650464138695e-29
0.9799308653125577	3.524979963299661e-29
1.0	2.962093270025607e-29
