0.5500247039109821	0.12505433652727746	0.00046408624058003056	3.9980585583276196	-0.40689870302051484	1.3862729691168814	3.385465997762793e-5	1.385808882876301
0.17393308337184263	0.12517369911787382	0.01439650759196287	3.9425733267447503	-0.42114752763619323	1.3862301463215543	2.0285250789786602e-5	1.3718336387295915
0.055002470391098214	0.12554321292927387	0.004616885104190782	3.980685908896966	0.3402429194266969	1.3860710284707274	0.00035330246595033366	1.3814541433665364
0.01739330833718426	0.12673508152611282	0.046767125258171394	3.8144381134734933	-1.3628445152324329	1.385560495654126	0.0003873739887532146	1.3387933703959547
0.005500247039109822	0.1304117174957747	0.04384242786072168	3.816368407124821	-1.5799270200098987	1.3831417195344056	0.005360695324338582	1.3392992916736834
0.0017393308337184262	0.14205168310927208	0.17444276096207	3.305477669166551	-1.8362350873783106	1.370023753070952	0.021376459414269355	1.1955809921088822
0.0005500247039109821	0.17430548947330102	0.24870495503865953	2.7975669125623415	-1.90687660935999	1.2774550346562306	0.18529850679448856	1.0287500796175713
0.00017393308337184264	0.22620348294461878	0.20733892049445268	2.0269881885803565	-0.9980266851181874	0.9138899609026203	0.3558031588897943	0.7065510404081676
5.500247039109822e-5	0.2376751813307132	0.001265820206229229	2.0076304834140184	-0.6504826842092966	0.6982209828973742	0.02494850980567853	0.6969551626911454
1.7393308337184264e-5	0.23804825825180811	0.06408119825654579	1.886240802343822	-0.9258939249012985	0.6986670531849088	-0.001133832968780446	0.634585854928363
5.5002470391098216e-6	0.23618007338705765	-0.0016268026739403307	2.000550797120915	-0.8100918544545497	0.6917957385312401	0.003342414041742625	0.6934225412051804
1.7393308337184262e-6	0.2363217830826235	0.06927768584996497	1.8693111390082415	-2.1418741067037437	0.6948476739878706	-0.00594326538022516	0.6255699881379058
5.500247039109821e-7	0.23427826817824646	-0.002022414072351486	1.9998263606235607	-1.0790604516843192	0.6910379430303273	0.004228811537146715	0.6930603571026785
1.739330833718426e-7	0.23431990779053402	0.07906124014991245	1.8508788503655986	-1.5915805615803238	0.6947218206892734	-0.008234420996189096	0.6156605805393607
5.500247039109821e-8	0.23182413189759643	-0.0026713424735453906	1.9995779427083256	1.9437126010700836	0.6902647871708849	0.005698467156112219	0.6929361296444303
1.739330833718426e-8	0.2316959994298218	0.09235760956028005	1.8270251617708104	-1.2749891994377331	0.6950466590401922	-0.011192131429098362	0.6026890494799124
5.500247039109821e-9	0.22849817719528054	-0.003691172304250978	1.9992072559686813	0.7122502912543958	0.6890595576638838	0.008077074485792757	0.6927507299681346
1.7393308337184263e-9	0.22806424497318237	0.11076628303497316	1.7945363467255933	-1.9654569862387632	0.695512968949501	-0.01590226210421375	0.5847466859145278
5.500247039109822e-10	0.22375089702958537	-0.005399973381736922	1.99842076066962	-3.2351555634203857	0.6869572755992039	0.012244504450072302	0.6923572489809411
1.7393308337184262e-10	0.2227329311501059	0.1376111532646257	1.7479466748275438	-1.9947480996599718	0.6960529236410746	-0.024107217296332806	0.558441770376449
5.5002470391098214e-11	0.2164856356964247	-0.008545157008693405	1.9964825151746433	-2.3819542164428107	0.6828417327353753	0.02043154144972137	0.6913868897440687
1.739330833718426e-11	0.214255868051525	0.17957391027281533	1.676552372971785	-3.9193176188069847	0.6963134361792163	-0.03997117542892714	0.5167395259064012
5.500247039109821e-12	0.20421135386554964	-0.01512313440962032	1.9906773019078934	-10.003208404752616	0.6733517991374676	0.03939958096455842	0.6884749335470879
1.7393308337184262e-12	0.19918370925343648	0.2509159771070196	1.557637864377634	-2.2741263348057092	0.6940864613234798	-0.07501841614676485	0.44317048421646055
5.500247039109821e-13	0.18030399480795722	-0.03138456698494063	1.9676254478389879	-3.3334715078591284	0.645442892311713	0.09530856756725758	0.6768274592966534
1.739330833718426e-13	0.16833512742058945	0.3783105340067022	1.3449026295444377	-2.585112055750772	0.6746321500491517	-0.16411101948612727	0.29632161604244933
5.500247039109821e-14	0.12531035397750273	-0.08038041658007689	1.8453111581334736	-2.966384874807063	0.53226749608754	0.3127394291852188	0.6126479126676168
1.7393308337184265e-14	0.10491325397736087	0.5351083356729761	1.018169135625253	8.501189855740549	0.5531143850157361	-0.3976484994037399	0.018006049342759844
5.500247039109821e-15	0.020668918447704188	-0.2797406050615213	1.4690147469624524	-6.549491175639396	0.1048513308561767	0.8574492097396293	0.38459193591769814
1.7393308337184263e-15	0.04912579547954635	0.5452775159327979	0.8196025483668967	-4.1129321218750245	0.3463417625918024	-0.7602361796412982	-0.19893575334099545
5.500247039109822e-16	-0.030421981977090118	-0.5046838560009681	1.295679928031909	-3.052229341650804	-0.2456482576839596	0.863315563216307	0.2590355983170085
1.7393308337184262e-16	0.038547617836018205	0.546003116241237	0.7883447315628291	1.6940426209059485	0.30818330805456506	-0.8157806264256926	-0.23781980818667203
5.500247039109821e-17	-0.03661294508929547	-0.5424002893529243	1.2763705512205041	-1.7526916061099413	-0.29837974594540295	0.8224968325491926	0.2440205434075211
1.7393308337184262e-17	0.037420923961663216	0.5466547829480874	0.7851219480545929	2.0082298042131344	0.3047385575233781	-0.8170865111165679	-0.24191622542470914
5.500247039109822e-18	-0.037226741386661294	-0.5462998306051889	1.2744801142787847	-0.4744997445909087	-0.3037614886557014	0.8177030579776015	0.24253834194948776
1.7393308337184264e-18	0.03730745237223351	0.5467262506792486	0.7847985686322302	3.1711953005961977	0.30439805608349024	-0.8171557191808234	-0.24232819459575827
5.500247039109822e-19	-0.0372880267812539	-0.5466908067549505	1.274291613719564	-2.381205206495098	-0.30430037962850776	0.8172168188877504	0.24239042712644276
1.739330833718426e-19	0.037296096966380365	0.5467334581522653	0.7847662193018893	2.920643359263652	0.30436404279187945	-0.817162022463725	-0.24236941536038592
5.500247039109821e-20	-0.03729415433379113	-0.5467299142708162	1.2742727692473235	-2.49722691295743	-0.30435427544822513	0.8171681268832092	0.24237563882259083
