5.500514336516761e-19	5.323715590088707e-6	2.050778214973681e-5	1.0295325854972954	0.2696648341602019	3.568890389926693e-5	2.8108175498031684e-5	1.5181121749696658e-5
1.739415360580285e-18	1.666458681386096e-5	6.207494578963635e-5	1.029566462227359	0.3948494586440212	0.00010996185674194692	8.575089021223281e-5	4.788691095236608e-5
5.500514336516761e-18	5.3238276982447985e-5	0.00020505608149490318	1.0296760265579898	1.34783073797978	0.00035687218275337607	0.0002810264442539845	0.0001518161012584729
1.7394153605802847e-17	0.00016664989710515887	0.0006205900910790096	1.0300149728752164	0.7658785460223689	0.0010994860471733592	0.0008574395140439339	0.00047889595609440505
5.500514336516761e-17	0.0005324758451216299	0.0020482635166572116	1.0311126295800925	0.1238712808454343	0.003566858425766206	0.0028044533711356623	0.0015185949091088835
1.7394153605802847e-16	0.00166639743598275	0.006186865229998784	1.0345181699431598	-0.04002314771152804	0.010977086643912726	0.008559314806272034	0.004790221413913942
5.500514336516762e-16	0.005316206886545979	0.0201443597127981	1.0456333728877123	-0.7157674022946763	0.035324508326594284	0.027193670722645447	0.01518014861379624
1.739415360580285e-15	0.01623752807074058	0.05743784531653179	1.079819641078069	-3.6869049626825485	0.10431848207735217	0.07557523380096876	0.04688063676082033
5.500514336516761e-15	0.04467269854527428	0.1362640408804201	1.1755558869964537	-5.668148584115905	0.26583339831189834	0.1252882334008879	0.12956935743147835
1.739415360580285e-14	0.08951710438050821	0.1926492462720492	1.3429597034687033	0.17324906561927556	0.4573900585879409	0.09615019651796797	0.26474081231589164
5.500514336516761e-14	0.13269795771808995	0.19344570445257053	1.5141337319810595	1.8197412041635963	0.5837779854154008	0.027286748512631687	0.39033228096283024
1.7394153605802847e-13	0.16312373253054158	0.16441144288751847	1.6371625140391384	-2.8522389868174356	0.6411825922857011	0.0029118138387632664	0.4767711493981823
5.500514336516761e-13	0.1832599594103688	0.13825409469823008	1.7154802417208386	-3.1121978631137104	0.6670268751967139	-0.007490672441359814	0.5287727804984836
1.7394153605802847e-12	0.19662517517779418	0.11468316601547707	1.7703053797240709	-2.819787993997712	0.6785669985217	-0.007481374972936661	0.5638838325062232
5.5005143365167606e-12	0.20593671442784106	0.09812631546868733	1.806977247424408	-6.221119860535502	0.6845873144544412	-0.007479354609410183	0.586460998985754
1.7394153605802848e-11	0.21264344116153946	0.08414319034425133	1.8354430269008661	-6.964990472039943	0.687667953288333	-0.005958663533964792	0.6035247629440819
5.500514336516761e-11	0.21768802749479843	0.0741082863198973	1.8558301576722105	-3.231352524476281	0.6895601055982086	-0.005233084216868966	0.6154518192783113
1.7394153605802848e-10	0.2215755975856759	0.06542224984962225	1.872799326871284	-2.2123941119758737	0.6906293752014594	-0.004191293134825469	0.6252071253518372
5.500514336516761e-10	0.2246687220591761	0.05893784769587723	1.885570949862999	-2.639635154867176	0.6913743385592803	-0.003643437596417942	0.6324364908634033
1.7394153605802848e-9	0.22716860358878982	0.05315503558454371	1.896708408820503	-2.600683512247034	0.6918220081873032	-0.0029930457254496723	0.6386669726027594
5.5005143365167614e-9	0.22923812064871735	0.04869112558350647	1.9053940697704843	-0.6399251878804213	0.6921664307725319	-0.002625437778783768	0.6434753051890254
1.7394153605802847e-8	0.2309684823556652	0.04460987636357261	1.9132210893843196	-0.27332233641183623	0.6923822243870059	-0.0022081851610183945	0.6477723480234334
5.500514336516761e-8	0.23244303251960136	0.04137767850501678	1.919490280954801	0.3278731250260205	0.6925661710415971	-0.001956104430444139	0.6511884925365803
1.7394153605802847e-7	0.23370801340857983	0.03836922455383052	1.9252881515666318	0.18075390541185554	0.6926974625738962	-0.00166446994859748	0.6543282380200655
5.500514336516761e-7	0.23481224631267095	0.03595785557224479	1.930062633699395	-1.3387957038964875	0.6928566228141655	-0.001446450323935089	0.6568987672419208
1.7394153605802847e-6	0.23578611823082496	0.03373875978916924	1.9346720210624075	-1.6105632636305098	0.6931055698495754	-0.0011078795441064049	0.6593668100604062
5.500514336516761e-6	0.23667379507354483	0.0321363565492328	1.938900237729458	-1.4786097828738778	0.6937515114770192	-0.0005187142134154277	0.6616151549277864
1.739415360580285e-5	0.2375157165510365	0.0312734061632321	1.944161636533149	-0.8688105837148172	0.6956602707332356	0.001196118376303179	0.6643868645700033
5.500514336516762e-5	0.23815464147471085	0.03501693606327755	1.9536231263812747	-0.7910354105627029	0.7043203369404296	0.020616096985697885	0.6693034008771522
0.0001739415360580285	0.22590301758359255	0.1767708557014369	2.080246309875928	-0.8879649271973875	0.9089293262020903	0.38014421304689205	0.7321584705006535
0.0005500514336516762	0.17449603435560224	0.2758879229717919	2.7261503730596	-1.6068882632323391	1.2784351621076113	0.17208460993591979	1.0025472391358194
0.0017394153605802848	0.1419662016205938	0.14826515734025492	3.3935166041294638	-1.9756631821379995	1.3697952473478916	0.025706016220150785	1.221530090007637
0.005500514336516761	0.13044002683424832	0.06606909267556893	3.7336439517278572	-1.7413682734389209	1.3832082648482482	0.003986981496564179	1.3171391721726793
0.017394153605802848	0.1267255777260412	0.03059311046518054	3.8770557851436163	-1.4845286920083312	1.385538716110111	0.0008230237944469865	1.35494560564493
0.05500514336516761	0.12554592900269312	0.015173202790734364	3.939095178191669	-0.5163193947493923	1.3860685060048763	0.00016709026393035842	1.3708953032141418
0.17394153605802848	0.1251722246045398	0.007916881845608625	3.9682064902284733	-0.05590852016262132	1.3862102449081943	-3.453688067756033e-5	1.378293363062586
