0.5500247039109821	0.20118256076804833	1.0594675871641432	3.7015821672705576	0.7831560338397326	2.36822792818986	0.7249888528282706	1.3087603410257171
0.17393308337184263	0.16402725812230365	0.5142941850299544	4.722915508423901	0.47972343790497546	2.0667204863966426	1.5592656197602266	1.5524263013666881
0.055002470391098214	0.20130806975809798	1.0609670082129077	3.705980982178306	0.2698377695800322	2.3709150044326623	0.7420728181216656	1.3099479962197547
0.01739330833718426	0.1640136424611546	0.5141686053180078	4.722623645117509	1.905720352987404	2.0665331075006073	1.5590963224011678	1.5523645021825994
0.005500247039109822	0.20131608106932833	1.0609327561950483	3.7063560810083467	2.4282941104797695	2.3709819617438344	0.7419441844649457	1.3100492055487862
0.0017393308337184262	0.16402236326656527	0.5142490411252133	4.722810579337227	2.5408598965415234	2.066653125229681	1.5592047683509507	1.5524040841044675
0.0005500247039109821	0.2013172293895156	1.060929578251245	3.706408476651404	2.9678326253824223	2.3709929203998517	0.7419402012635434	1.3100633421486068
0.00017393308337184264	0.1640232444213594	0.5142571679584981	4.72282946799919	2.3291122566532447	2.0666652515086077	1.5592157235549546	1.5524080835501097
5.500247039109822e-5	0.2013135289576068	1.0609444444326381	3.7062359636407654	2.968051720722762	2.370961240976081	0.7419916331172756	1.3100167965434428
1.7393308337184264e-5	0.16401876314187955	0.5142158365644692	4.722733407524627	2.3459067334828787	2.066603580305119	1.5591600045357659	1.5523877437406497
5.5002470391098216e-6	0.20131313294347303	1.06094530380911	3.7062180835934315	2.9680660069658718	2.3709572760265685	0.7419910350118581	1.3100119722174586
1.7393308337184262e-6	0.16401830467757447	0.5142116079729774	4.722723580102856	3.387875603689593	2.0665972708356377	1.5591543035169597	1.5523856628626604
5.500247039109821e-7	0.2013130932929799	1.0609453882962046	3.706216294617288	2.9679865192907973	2.3709568778176813	0.7419909621340404	1.310011489521477
1.739330833718426e-7	0.16401825882074716	0.5142111850165991	4.7227225971402635	2.9643917702211393	2.066596639744551	1.559153733279452	1.5523854547279523
5.500247039109821e-8	0.20131308932789466	1.0609453967435776	3.7062161157184765	2.967986662555314	2.370956837995121	0.7419909548338233	1.3100114412515431
1.739330833718426e-8	0.1640182542350553	0.5142111427208172	4.722722498843596	3.8378263401959627	2.06659657663521	1.559153676255454	1.5523854339143925
5.500247039109821e-9	0.20131308893136968	1.0609453975883665	3.706216097828308	5.396666926113475	2.3709568340128384	0.7419909541038505	1.310011436424472
1.7393308337184263e-9	0.16401825377647047	0.5142111384911981	4.722722489013596	4.797282927717668	2.066596570324164	1.559153670553004	1.552385431832966
5.500247039109822e-10	0.20131308889171076	1.060945397672848	3.7062160960392556	6.475607300144676	2.3709568336146036	0.7419909540308491	1.3100114359417554
1.7393308337184262e-10	0.16401825373061807	0.5142111380682252	4.722722488030464	5.09094912538731	2.066596569693021	1.55915366998273	1.5523854316247956
5.5002470391098214e-11	0.20131308888776667	1.0609453976813477	3.7062160958601207	7.447770204328433	2.3709568335747693	0.7419909540235909	1.3100114358934216
1.739330833718426e-11	0.16401825372601989	0.5142111380258165	4.722722487932144	10.397755103165547	2.0665965696297937	1.5591536699256934	1.552385431603977
5.500247039109821e-12	0.20131308888735486	1.0609453976821297	3.706216095842505	14.069416983786622	2.3709568335707987	0.7419909540227789	1.3100114358886688
1.7393308337184262e-12	0.16401825372556061	0.51421113802177	4.722722487922093	6.352268225948508	2.066596569623619	1.559153669920036	1.5523854316018488
5.500247039109821e-13	0.2013130888872956	1.0609453976822587	3.7062160958405803	7.4477702043590766	2.370956833570408	0.7419909540227485	1.3100114358881494
1.739330833718426e-13	0.16401825372551135	0.5142111380212272	4.722722487921074	6.363686406878303	2.06659656962286	1.5591536699194315	1.552385431601633
5.500247039109821e-14	0.20131308888732447	1.0609453976822174	3.7062160958405754	6.4756073004918155	2.3709568335703652	0.7419909540226926	1.310011435888148
1.7393308337184265e-14	0.16401825372552012	0.5142111380212079	4.722722487921412	5.08181458075954	2.0665965696229125	1.5591536699193986	1.5523854316017045
5.500247039109821e-15	0.20131308888731098	1.0609453976822425	3.7062160958404435	17.58677122974155	2.370956833570355	0.741990954022741	1.3100114358881125
1.7393308337184263e-15	0.16401825372551032	0.5142111380212379	4.7227224879211045	12.997193878983161	2.0665965696228774	1.5591536699193749	1.5523854316016394
5.500247039109822e-16	0.20131308888729688	1.0609453976822685	3.706216095840319	9.309712755449379	2.3709568335703475	0.7419909540227552	1.3100114358880788
1.7393308337184262e-16	0.16401825372551276	0.5142111380211635	4.722722487921135	6.363686406878216	2.0665965696228095	1.5591536699193638	1.5523854316016459
5.500247039109821e-17	0.20131308888732644	1.060945397682258	3.7062160958403556	8.09450912561525	2.3709568335703466	0.7419909540227463	1.3100114358880888
1.7393308337184262e-17	0.16401825372551748	0.5142111380211514	4.722722487921185	6.35226822594973	2.066596569622808	1.5591536699193558	1.5523854316016565
5.500247039109822e-18	0.2013130888873157	1.0609453976823147	3.7062160958401047	8.364326093881768	2.370956833570336	0.741990954022788	1.310011435888021
1.7393308337184264e-18	0.16401825372550374	0.5142111380210556	4.722722487921046	7.890793837918425	2.0665965696226825	1.559153669919344	1.552385431601627
5.500247039109822e-19	0.2013130888873265	1.0609453976821468	3.7062160958409636	11.062495801583001	2.3709568335703994	0.7419909540225906	1.3100114358882526
1.739330833718426e-19	0.1640182537255374	0.5142111380213298	4.7227224879217955	8.681433242130204	2.0665965696231154	1.5591536699194861	1.5523854316017858
5.500247039109821e-20	0.20131308888734512	1.0609453976821834	3.7062160958409773	11.602129743123593	2.37095683357044	0.7419909540225829	1.3100114358882564
