1.739252713092609	0.2534543456613278
0.55	0.23381303503563122
0.1739252713092609	0.26254405539400677
0.05500000000000001	0.29360704156601364
0.017392527130926087	0.3041368226345164
0.005500000000000001	0.3128588818286298
0.0017392527130926088	0.3457380248742045
0.00055	0.45096402503502664
0.00017392527130926088	0.6336673386938245
5.500000000000001e-5	0.6653514826445617
1.739252713092609e-5	0.6653286143194803
5.500000000000001e-6	0.6654120916490873
1.7392527130926088e-6	0.665324027573855
5.5e-7	0.6654070081177954
1.7392527130926088e-7	0.6653207850794403
5.5e-8	0.6654039174923917
1.7392527130926088e-8	0.665317733735524
5.5000000000000004e-9	0.6654010492468843
1.739252713092609e-9	0.6653146898985332
5.500000000000001e-10	0.6653981920253886
1.739252713092609e-10	0.6653116344290244
5.5000000000000004e-11	0.6653953242688759
1.7392527130926088e-11	0.6653085653219646
5.5e-12	0.6653924437390737
1.7392527130926087e-12	0.6653054822917551
5.500000000000001e-13	0.6653895501322323
1.7392527130926086e-13	0.6653023852241158
5.5000000000000005e-14	0.6653866433373021
1.7392527130926088e-14	0.6652992740210094
5.5e-15	0.6653837232617354
1.7392527130926088e-15	0.665296148585266
5.500000000000001e-16	0.6653807898141703
1.7392527130926087e-16	0.665293008819076
5.5000000000000006e-17	0.6653778429025262
1.739252713092609e-17	0.6652898546236312
5.500000000000001e-18	0.6653748824339272
1.7392527130926087e-18	0.6652866858992577
5.500000000000001e-19	0.6653719083146321
1.7392527130926086e-19	0.6652835025454122
5.500000000000001e-20	0.6653689204500475
1.7392527130926087e-20	0.6652803044605753
5.5e-21	0.6653659187447047
1.7392527130926086e-21	0.6652770915422628
5.5e-22	0.6653629031021997
1.7392527130926087e-22	0.6652738636870819
5.5e-23	0.665359873425313
1.7392527130926087e-23	0.6652706207906952
5.5000000000000006e-24	0.6653568296158867
1.739252713092609e-24	0.665267362747733
5.5e-25	0.6653537715748001
1.739252713092609e-25	0.6652640894518438
5.5e-26	0.6653506992020624
1.7392527130926087e-26	0.6652608007957859
5.500000000000001e-27	0.6653476123967711
1.7392527130926087e-27	0.6652574966711433
5.500000000000001e-28	0.6653445110569688
1.7392527130926088e-28	0.6652541769685887
5.5e-29	0.6653413950797831
1.7392527130926088e-29	0.6652508415777139
