0.7334367876898283	0.05179490870390735
0.55	0.04898553452415633
0.4124418151328508	0.045797873809640066
0.309287728854692	0.04246676132916094
0.23193307688572026	0.06303205579694215
0.1739252713092609	0.16975443930235834
0.13042555381139107	0.20658934289913525
0.09780536755214075	0.2096339510320198
0.07334367876898283	0.2196280817198939
0.05500000000000001	0.18505051669619954
0.04124418151328508	0.15328064661760932
0.0309287728854692	0.12953778224458262
0.02319330768857203	0.4878742055253801
0.01739252713092609	0.4281740504709257
0.013042555381139107	0.3563595231770964
0.009780536755214076	0.28562756244685183
0.007334367876898283	0.2195940283450568
0.0055000000000000005	0.11068509915421099
0.004124418151328508	0.055211225235228256
0.0030928772885469203	0.031260105976022745
0.002319330768857203	0.21514702256535528
0.0017392527130926088	0.18593944933273812
0.0013042555381139107	0.16889375393579226
0.0009780536755214077	0.16051666297421419
0.0007334367876898284	-0.013025368590989572
0.0005500000000000001	-0.010236564158780714
0.0004124418151328508	-0.0037496775401764104
0.00030928772885469204	0.0028645164006855794
0.0002319330768857203	0.19593613698016404
0.00017392527130926088	0.18980238693917154
0.00013042555381139107	0.18168897115954635
9.780536755214076e-5	0.17511406283321804
7.334367876898283e-5	-0.01651247798333877
5.5e-5	-0.014459288982375362
4.1244181513285075e-5	-0.007072348232497361
3.09287728854692e-5	0.0014925737371876413
2.3193307688572025e-5	0.22038844930562929
1.7392527130926086e-5	0.21470648756604216
1.3042555381139105e-5	0.20533923034597648
9.780536755214075e-6	0.19712589028543953
7.334367876898283e-6	-0.021407863187608456
5.500000000000001e-6	-0.019082168811870526
4.124418151328508e-6	-0.00968914739066462
3.09287728854692e-6	0.0014813829480958551
2.319330768857203e-6	0.25601147212508013
1.739252713092609e-6	0.24896328908993232
1.3042555381139107e-6	0.2367595004500808
9.780536755214076e-7	0.22578012132193923
7.334367876898283e-7	-0.028906965749009528
5.5e-7	-0.026092518525132835
4.124418151328508e-7	-0.013607294861453512
3.09287728854692e-7	0.001542410344170908
2.3193307688572022e-7	0.3045526897468536
1.7392527130926086e-7	0.29523963820307253
1.3042555381139104e-7	0.2784888227252246
9.780536755214075e-8	0.26302078589288047
7.334367876898283e-8	-0.0411215688478046
5.5e-8	-0.037673732799873516
4.1244181513285075e-8	-0.020276346391524647
3.09287728854692e-8	0.0013504124794661565
2.319330768857203e-8	0.37270986344848045
1.7392527130926088e-8	0.35978716409288425
1.3042555381139106e-8	0.3354391871294722
9.780536755214076e-9	0.3122131388871993
7.334367876898283e-9	-0.06250507944827621
5.5000000000000004e-9	-0.05832738762012446
4.124418151328508e-9	-0.032645720048918525
3.09287728854692e-9	0.0002479648936572487
2.319330768857203e-9	0.47278404058960993
1.739252713092609e-9	0.4537489266800362
1.3042555381139107e-9	0.4157177752034895
9.780536755214076e-10	0.37790885634555915
7.334367876898282e-10	-0.10340486113721159
5.500000000000001e-10	-0.0987167578772501
4.124418151328508e-10	-0.05805004010732673
3.0928772885469197e-10	-0.004028495280275879
2.3193307688572027e-10	0.6273283971575965
1.739252713092609e-10	0.5970052151276372
1.3042555381139107e-10	0.5318789999720359
9.780536755214076e-11	0.4635957356186581
7.334367876898283e-11	-0.19104013389757912
5.5000000000000004e-11	-0.18776048981533855
4.1244181513285074e-11	-0.11790227275058729
3.09287728854692e-11	-0.0208571011148988
2.3193307688572024e-11	0.8744230692244855
1.7392527130926085e-11	0.82003627168297
1.3042555381139105e-11	0.6936089538557019
9.780536755214075e-12	0.5515609131253226
7.334367876898282e-12	-0.41164582648142334
5.5e-12	-0.41926740965962606
4.1244181513285074e-12	-0.2872278274307152
3.0928772885469195e-12	-0.09810699454564015
2.3193307688572025e-12	1.1930223157411686
1.7392527130926087e-12	1.0744841907360863
1.3042555381139106e-12	0.8023047418045294
9.780536755214075e-13	0.5022457220426141
7.334367876898284e-13	-0.9376692483395594
5.500000000000001e-13	-0.8850327799779802
4.124418151328508e-13	-0.5993805935431195
3.0928772885469203e-13	-0.2837687091058189
2.3193307688572023e-13	1.2973152864242643
1.7392527130926086e-13	1.1061982794538543
1.3042555381139104e-13	0.7333974325711456
9.780536755214075e-14	0.38187330011645015
7.334367876898282e-14	-1.2264823672430065
5.5000000000000005e-14	-1.0417851968422134
4.124418151328508e-14	-0.6691069441688748
3.09287728854692e-14	-0.32136370364987005
2.3193307688572022e-14	1.3008619299186333
1.7392527130926085e-14	1.094694720135392
1.3042555381139105e-14	0.7122448879004535
9.780536755214074e-15	0.36164776213108946
7.334367876898282e-15	-1.2547128836245443
5.5e-15	-1.0493804745737934
4.124418151328508e-15	-0.667154587995494
3.0928772885469198e-15	-0.3169331881233539
2.3193307688572025e-15	1.3009249402830105
1.7392527130926088e-15	1.0931681100551038
1.3042555381139105e-15	0.7099284947663125
9.780536755214076e-16	0.35956859091139015
7.334367876898283e-16	-1.257503276010242
5.500000000000001e-16	-1.0500896124065426
4.1244181513285075e-16	-0.6669353389585554
3.09287728854692e-16	-0.31648372247051926
2.319330768857203e-16	1.3009272385454436
1.739252713092609e-16	1.0930115246384353
1.3042555381139107e-16	0.7096950807601452
9.780536755214076e-17	0.3593602946641931
7.334367876898283e-17	-1.2577817430577407
5.5000000000000006e-17	-1.050159960995344
4.1244181513285074e-17	-0.6669131718549735
3.09287728854692e-17	-0.3164387194880417
2.3193307688572025e-17	1.300927422545441
1.7392527130926087e-17	1.0929958209907928
1.3042555381139105e-17	0.7096717174703296
9.780536755214075e-18	0.35933945966660735
7.334367876898284e-18	-1.2578095948515997
5.500000000000001e-18	-1.0501670002118362
4.124418151328508e-18	-0.6669109623902699
3.09287728854692e-18	-0.3164342280343114
2.3193307688572027e-18	1.3009274412114133
1.7392527130926087e-18	1.0929942508115533
1.3042555381139106e-18	0.7096693812315392
9.780536755214075e-19	0.3593373760499472
7.334367876898284e-19	-1.2578123905336898
5.500000000000002e-19	-1.0501677144074995
4.1244181513285083e-19	-0.6669107514007002
3.0928772885469203e-19	-0.3164337885871079
2.3193307688572027e-19	1.3009274437706566
1.7392527130926088e-19	1.0929940943676877
1.3042555381139108e-19	0.7096691478554834
9.780536755214076e-20	0.3593371675887312
7.334367876898283e-20	-1.2578126807097398
5.500000000000001e-20	-1.0501677961811007
4.1244181513285076e-20	-0.6669107402959232
3.09287728854692e-20	-0.3164337543567687
