0.55	-0.2200887740397019
0.1739252713092609	-0.27292460206560776
0.05500000000000001	-0.6132546721531945
0.017392527130926087	-0.14309942877961862
0.005500000000000001	-0.7980524853242771
0.0017392527130926088	-0.16878857154041405
0.00055	-0.8027685426403061
0.00017392527130926088	-0.6686519931631938
5.500000000000001e-5	-1.666954878938279
1.739252713092609e-5	-0.7604637742525316
5.500000000000001e-6	-0.3088151616838055
1.7392527130926088e-6	-1.0793900027765075
5.5e-7	-1.6928927135781602
1.7392527130926088e-7	-0.9396868853338411
5.5e-8	-2.2981784039460624
1.7392527130926088e-8	-1.3497779890495567
5.5000000000000004e-9	-2.887979894703648
1.739252713092609e-9	-5.082231069805312
5.500000000000001e-10	-3.270385156986853
1.739252713092609e-10	-1.3905247136888752
5.5000000000000004e-11	-2.2500881478206542
1.7392527130926088e-11	-1.231921748312601
5.5e-12	-2.4413351341121867
1.7392527130926087e-12	-1.3727351011156486
5.500000000000001e-13	-2.32573534899083
1.7392527130926086e-13	-2.0309010153187432
5.5000000000000005e-14	-2.9904144059747058
1.7392527130926088e-14	0.22042515068640167
5.5e-15	-3.523359579112359
1.7392527130926088e-15	-2.271494342995245
5.500000000000001e-16	-4.17077420857555
1.7392527130926087e-16	-1.132459270541728
5.5000000000000006e-17	-4.865936242110572
1.739252713092609e-17	-1.3175926449493738
5.500000000000001e-18	-4.511750367437648
1.7392527130926087e-18	-2.658466556212097
5.500000000000001e-19	-4.5308862646672265
1.7392527130926086e-19	-1.6173730177523893
5.500000000000001e-20	-5.09915307304588
1.7392527130926087e-20	-3.4235296419570442
5.5e-21	-5.087003530096079
1.7392527130926086e-21	-3.171374802343303
5.5e-22	-7.911233658814478
1.7392527130926087e-22	-3.8179583650378737
5.5e-23	-4.69707540119532
1.7392527130926087e-23	-1.8354015779254524
5.5000000000000006e-24	-5.249784085016612
1.739252713092609e-24	-3.7250548725069756
5.5e-25	-5.4726111811812235
1.739252713092609e-25	-1.6293021770392966
5.5e-26	-3.794410182526446
1.7392527130926087e-26	-4.105853753788633
5.500000000000001e-27	-6.3022444878938195
1.7392527130926087e-27	-3.662371372604994
5.500000000000001e-28	-6.665992130483731
1.7392527130926088e-28	-0.12423973380005116
5.5e-29	-11.935375984059682
1.7392527130926088e-29	-4.734847961299837
5.5000000000000005e-30	-5.689400215672455
