0.9780536755214077	-0.1429414852417814
0.7334367876898282	-0.2016982995295154
0.55	-0.3167101537649716
0.4124418151328507	-0.5436166602913837
0.3092877288546921	-0.29682312077612405
0.2319330768857203	-0.2801784396381159
0.17392527130926091	-0.2618396948069072
0.13042555381139107	-0.24432903758412514
0.09780536755214075	-1.1380004283499032
0.07334367876898282	-2.156574148162554
0.055	-3.753721605842953
0.041244181513285065	-5.64769062466595
0.0309287728854692	-0.10961116383858022
0.023193307688572026	-0.07941599702934524
0.017392527130926087	-0.021207241747125516
0.013042555381139104	0.06549579692412599
0.009780536755214076	-2.1254026300798885
0.007334367876898283	-3.93543085815248
0.005500000000000001	-6.779713039242874
0.004124418151328507	-10.141534733876783
0.0030928772885469203	-0.30843247908349597
0.002319330768857203	-0.3082935783053731
0.001739252713092609	-0.27961405810911494
0.0013042555381139105	-0.23096792353787987
0.0009780536755214077	-1.8071441498473044
0.0007334367876898283	-2.7110328945406406
0.00055	-4.199435279140776
0.0004124418151328507	-6.058853213431257
0.00030928772885469204	-0.6812466164768033
0.00023193307688572026	-0.7071385052897385
0.0001739252713092609	-0.6513019911813513
0.00013042555381139105	-0.5419354836495628
9.780536755214076e-5	-1.8294911328220953
7.334367876898283e-5	-3.453041716916796
5.500000000000001e-5	-6.051733871075331
4.124418151328507e-5	-9.162380977700108
3.0928772885469206e-5	-0.31256013478806277
2.3193307688572025e-5	-0.30584211433820907
1.739252713092609e-5	-0.21552453719378517
1.3042555381139105e-5	-0.05685175476428017
9.780536755214077e-6	-1.7328001887365658
7.334367876898283e-6	-3.9554100717504985
5.500000000000001e-6	-7.5499292346518745
4.1244181513285075e-6	-11.794541844004247
3.0928772885469205e-6	-0.8378393036845149
2.3193307688572026e-6	-0.7673846649648132
1.739252713092609e-6	-0.6376168016533494
1.3042555381139105e-6	-0.43372682601891555
9.780536755214076e-7	-2.446180170349309
7.334367876898283e-7	-4.520975933643551
5.500000000000001e-7	-7.901444695843008
4.1244181513285074e-7	-11.968466251473586
3.0928772885469203e-7	-0.5923891364835566
2.3193307688572025e-7	-0.5073442172135294
1.7392527130926088e-7	-0.30667642504246206
1.3042555381139104e-7	0.020343709021589884
9.780536755214076e-8	-3.479492639441485
7.334367876898283e-8	-6.599165297366216
5.500000000000001e-8	-11.621040929898902
4.124418151328507e-8	-17.63514103522236
3.0928772885469203e-8	-0.908391092605207
2.3193307688572025e-8	-0.8019645689372559
1.7392527130926088e-8	-0.47231079927301667
1.3042555381139104e-8	0.10232512729806498
9.780536755214076e-9	-3.6537329452832448
7.334367876898283e-9	-6.634917760033298
5.5000000000000004e-9	-11.601463326611615
4.124418151328507e-9	-17.72298052734677
3.09287728854692e-9	-5.054692592569517
2.3193307688572024e-9	-5.132669696646304
1.7392527130926087e-9	-4.693879424534279
1.3042555381139103e-9	-3.782944481763106
9.780536755214076e-10	-4.388194240559685
7.334367876898283e-10	-7.41190159252477
5.500000000000001e-10	-12.390913716610221
4.1244181513285073e-10	-18.492524143043624
3.09287728854692e-10	-0.24826315406686983
2.3193307688572025e-10	0.34244180939079527
1.739252713092609e-10	1.4700926978782292
1.3042555381139105e-10	3.4353193511827387
9.780536755214076e-11	-3.303342685544399
7.334367876898283e-11	-6.55360906136229
5.500000000000001e-11	-12.024139400120799
4.124418151328507e-11	-18.667238857788128
3.0928772885469205e-11	0.5055605199151474
2.3193307688572027e-11	2.122487899954051
1.7392527130926088e-11	5.1286415983312175
1.3042555381139104e-11	10.319087634097894
9.780536755214075e-12	-3.530596025741198
7.334367876898282e-12	-7.503159827118939
5.5e-12	-14.42483246189124
4.124418151328507e-12	-22.976850436808753
3.0928772885469203e-12	2.7257853700749077
2.3193307688572025e-12	7.051557102297536
1.739252713092609e-12	14.86731781103327
1.3042555381139104e-12	26.12078733491769
9.780536755214077e-13	-4.391334641402468
7.334367876898284e-13	-10.246984508467957
5.500000000000001e-13	-20.112995240697032
4.1244181513285076e-13	-32.10227443697135
3.09287728854692e-13	3.9900464183977253
2.3193307688572023e-13	9.828344600093999
1.7392527130926089e-13	19.617542728443407
1.3042555381139104e-13	31.724236657115213
9.780536755214078e-14	-3.748724005333633
7.334367876898283e-14	-9.691632846270666
5.500000000000002e-14	-19.6199922768065
4.124418151328508e-14	-31.62180888768697
3.09287728854692e-14	4.8269258353264135
2.3193307688572025e-14	11.680521442887047
1.7392527130926088e-14	23.010419278531824
1.3042555381139104e-14	36.732432619681056
9.780536755214077e-15	-4.664338603925943
7.334367876898284e-15	-11.459291274455506
5.500000000000001e-15	-22.727352882071802
4.124418151328507e-15	-36.3271063892067
3.0928772885469206e-15	5.4057579259102795
2.319330768857203e-15	12.76380437827755
1.739252713092609e-15	24.881172183947342
1.3042555381139105e-15	39.519507945613164
9.780536755214076e-16	-4.616724419408389
7.334367876898283e-16	-11.824924375048116
5.500000000000001e-16	-23.823268333515742
4.124418151328507e-16	-38.311902763620026
3.0928772885469206e-16	6.00276257653137
2.3193307688572027e-16	13.812188034534763
1.739252713092609e-16	26.970630125443037
1.3042555381139105e-16	42.96217348446855
9.780536755214079e-17	-5.506548661119048
7.334367876898284e-17	-13.16299768090241
5.500000000000002e-17	-26.188051291972698
4.124418151328508e-17	-42.017678451015904
3.0928772885469206e-17	5.798092188297477
2.3193307688572025e-17	13.542990304358266
1.739252713092609e-17	26.668756150790422
1.3042555381139104e-17	42.65158799953151
9.780536755214076e-18	-5.801637034473442
7.334367876898284e-18	-13.492270251891892
5.500000000000001e-18	-26.534790782749212
4.124418151328507e-18	-42.37846767018143
3.0928772885469207e-18	6.8796580312807585
2.3193307688572027e-18	15.254179902225797
1.739252713092609e-18	29.27540153952512
1.3042555381139106e-18	46.357075494936645
9.780536755214077e-19	-6.320977325776373
7.334367876898283e-19	-14.572983092319724
5.500000000000002e-19	-28.485018280355888
4.1244181513285073e-19	-45.416242599515655
3.0928772885469203e-19	6.077138685443166
2.3193307688572027e-19	14.680917760900375
1.7392527130926088e-19	28.87741476779388
1.3042555381139105e-19	46.03057434477955
9.780536755214077e-20	-5.232804321403244
7.334367876898283e-20	-13.661263761452098
5.500000000000001e-20	-27.711545034737867
4.124418151328507e-20	-44.68193781574726
