1.739252713092609	-0.0944813148571258
0.55	-0.3118143520683428
0.1739252713092609	-0.4913217676784883
0.05500000000000001	-0.15266840213099825
0.017392527130926087	-0.8840776436512995
0.005500000000000001	-0.34791583405823673
0.0017392527130926088	-0.8100651987389285
0.00055	-0.7393842711157504
0.00017392527130926088	-1.4785806077672772
5.500000000000001e-5	-0.6662925904101453
1.739252713092609e-5	0.030671604858298895
5.500000000000001e-6	-0.9888515608561176
1.7392527130926088e-6	-1.3900117118045632
5.5e-7	-0.695839049814573
1.7392527130926088e-7	-1.8442912021631486
5.5e-8	-1.0852843103873155
1.7392527130926088e-8	-2.4502337721585667
5.5000000000000004e-9	-4.820394212300332
1.739252713092609e-9	-2.8183936785701356
5.500000000000001e-10	-1.0498226546426799
1.739252713092609e-10	-1.7472250445327526
5.5000000000000004e-11	-1.0408294504944395
1.7392527130926088e-11	-1.917051612986825
5.5e-12	-1.154556828702895
1.7392527130926087e-12	-1.7912161991841575
5.500000000000001e-13	-1.594042154006102
1.7392527130926086e-13	-2.3539047904703074
5.5000000000000005e-14	-0.5973528474729368
1.7392527130926088e-14	-2.8151800478650477
5.5e-15	-1.8839152746316667
1.7392527130926088e-15	-3.397327022565909
5.500000000000001e-16	-1.4735364142988407
1.7392527130926087e-16	-3.9661930050150667
5.5000000000000006e-17	-2.2338036631400344
1.739252713092609e-17	-3.640128509048952
5.500000000000001e-18	-2.014074517581163
1.7392527130926087e-18	-3.6400590398968826
5.500000000000001e-19	-1.613405154366232
1.7392527130926086e-19	-4.125358549986583
5.500000000000001e-20	-2.6258839737623365
1.7392527130926087e-20	-4.174378728687662
5.5e-21	-2.7648925356855165
1.7392527130926086e-21	-7.0074669608124935
5.5e-22	-3.0209646802800045
1.7392527130926087e-22	-4.125439079242473
5.5e-23	-1.8306104766809272
1.7392527130926087e-23	-4.3966536307371245
5.5000000000000006e-24	-2.865923701835059
1.739252713092609e-24	-4.440573347807881
5.5e-25	-2.8200968159533524
1.739252713092609e-25	-5.023588414421168
5.5e-26	-3.1252147047296543
1.7392527130926087e-26	-5.0232814620195585
5.500000000000001e-27	-2.982870367877596
1.7392527130926087e-27	-5.363020301117714
5.500000000000001e-28	2.903159250638959
1.7392527130926088e-28	-10.467632930455514
5.5e-29	-3.6894001239903282
1.7392527130926088e-29	-4.2255201356758665
