1.739252713092609	0.07785421474734999
0.55	-0.11769664544431846
0.1739252713092609	0.03316002735191459
0.05500000000000001	0.356717036672642
0.017392527130926087	0.02978068443528592
0.005500000000000001	0.5207125963661905
0.0017392527130926088	0.03668406377806699
0.00055	0.6962539690473748
0.00017392527130926088	-0.19125432621335192
5.500000000000001e-5	0.8849926834678636
1.739252713092609e-5	-0.3470666806540994
5.500000000000001e-6	1.0411218387921517
1.7392527130926088e-6	-0.5335243037977948
5.5e-7	1.0030267849712493
1.7392527130926088e-7	-0.6783311835474237
5.5e-8	0.9978304995742369
1.7392527130926088e-8	-0.6955242403110979
5.5000000000000004e-9	0.9974407720658638
1.739252713092609e-9	-0.6972480664417906
5.500000000000001e-10	0.9974016733640259
1.739252713092609e-10	-0.6974170318055863
5.5000000000000004e-11	0.9973961313452671
1.7392527130926088e-11	-0.697430531849234
5.5e-12	0.9973939279621749
1.7392527130926087e-12	-0.6974284916225935
5.500000000000001e-13	0.9973920581597613
1.7392527130926086e-13	-0.697424898098836
5.5000000000000005e-14	0.9973902217206656
1.7392527130926088e-14	-0.6974211493884823
