3.0928772885469202	2.772179917348769
2.3193307688572027	2.7718669598769754
1.739252713092609	2.771319292179867
1.3042555381139105	2.770369833408691
0.9780536755214077	1.1616661506051473
0.7334367876898282	1.3416935769595906
0.55	1.5701924435995451
0.4124418151328507	1.8180953969643063
0.3092877288546921	1.7299211326259627
0.2319330768857203	2.0520939300369285
0.17392527130926091	2.410071674106673
0.13042555381139107	2.7168229226837446
0.09780536755214075	2.5890817934654295
0.07334367876898282	2.563577079325528
0.055	2.4681702937889654
0.041244181513285065	2.3401744261006376
0.0309287728854692	2.2575515299974693
0.023193307688572026	2.1560744009953554
0.017392527130926087	2.08112645920857
0.013042555381139104	2.021917908678404
0.009780536755214076	1.831570712916529
0.007334367876898283	1.657210805505144
0.005500000000000001	1.4406085350271418
0.004124418151328507	1.2400210365238942
0.0030928772885469203	1.1782946298037533
0.002319330768857203	1.1462281854412368
0.001739252713092609	1.1679685183711044
0.0013042555381139105	1.2090483869970146
0.0009780536755214077	1.1702499307145167
0.0007334367876898283	1.134797708213974
0.00055	1.0823148610543964
0.0004124418151328507	1.027752556052011
0.00030928772885469204	1.0507660375590273
0.00023193307688572026	1.0591431319056142
0.0001739252713092609	1.1020440949184622
0.00013042555381139105	1.169496869750532
9.780536755214076e-5	1.1464283399910027
7.334367876898283e-5	1.1205308641987988
5.500000000000001e-5	1.0615113360070838
4.124418151328507e-5	0.9877453099317144
3.0928772885469206e-5	1.0164533336385722
2.3193307688572025e-5	1.0253181354230558
1.739252713092609e-5	1.0870615695247485
1.3042555381139105e-5	1.1896250404619426
9.780536755214077e-6	1.1584941740277177
7.334367876898283e-6	1.1232226046857505
5.500000000000001e-6	1.0333291745402056
4.1244181513285075e-6	0.9143320664993868
3.0928772885469205e-6	0.9559722194475633
2.3193307688572026e-6	0.9660383754855291
1.739252713092609e-6	1.0631449110917015
1.3042555381139105e-6	1.2313302328385258
9.780536755214076e-7	1.1792624535727274
7.334367876898283e-7	1.1234029927990052
5.500000000000001e-7	0.9690078016029462
4.1244181513285074e-7	0.7522229989029423
3.0928772885469203e-7	0.816042532448181
2.3193307688572025e-7	0.8239113744112339
1.7392527130926088e-7	0.9909568475794286
1.3042555381139104e-7	1.2949664196502524
9.780536755214076e-8	1.190821154655814
7.334367876898283e-8	1.0886295006971132
5.500000000000001e-8	0.7827582240197319
4.124418151328507e-8	0.3221746370374361
3.0928772885469203e-8	0.41790418795236395
2.3193307688572025e-8	0.41051938855609205
1.7392527130926088e-8	0.7320032604588884
1.3042555381139104e-8	1.3214061258110723
9.780536755214076e-9	1.0742686234375243
7.334367876898283e-9	0.8524747168213489
5.5000000000000004e-9	0.220362140214434
4.124418151328507e-9	-0.6657149325585352
3.09287728854692e-9	-0.4496207296149395
2.3193307688572024e-9	-0.29936155977247836
1.7392527130926087e-9	0.3552357387829339
1.3042555381139103e-9	1.2503669586224142
9.780536755214076e-10	0.876544249661293
7.334367876898283e-10	0.5618521948400335
5.500000000000001e-10	-0.2143674854036406
4.1244181513285073e-10	-1.1684335450590864
3.09287728854692e-10	-0.7893823743352089
2.3193307688572025e-10	-0.4817611426294688
1.739252713092609e-10	0.29300401639503715
1.3042555381139105e-10	1.2403499103014748
9.780536755214076e-11	0.8362497843043109
7.334367876898283e-11	0.5065774295951302
5.500000000000001e-11	-0.2808344866409773
4.124418151328507e-11	-1.2317208488826255
3.0928772885469205e-11	-0.8260449898925568
2.3193307688572027e-11	-0.49856021386970983
1.7392527130926088e-11	0.28816903296551377
1.3042555381139104e-11	1.2395607969077052
9.780536755214075e-12	0.8318681394244907
7.334367876898282e-12	0.5006675465388057
5.5e-12	-0.2877036804673776
4.124418151328507e-12	-1.2381167148418661
3.0928772885469203e-12	-0.8296724985074544
2.3193307688572025e-12	-0.5001963175137583
1.739252713092609e-12	0.28770606518823305
1.3042555381139104e-12	1.2394832643509959
9.780536755214077e-13	0.8314259546233385
7.334367876898284e-13	0.500072659671579
5.500000000000001e-13	-0.28839267717078565
4.1244181513285076e-13	-1.2387568198003924
3.09287728854692e-13	-0.8300347514698334
2.3193307688572023e-13	-0.5003594448009121
1.7392527130926089e-13	0.2876599718530479
1.3042555381139104e-13	1.2394754945648627
9.780536755214078e-14	0.8313816793546183
7.334367876898283e-14	0.5000131216310857
5.500000000000002e-14	-0.28846158866606286
4.124418151328508e-14	-1.238820800796179
3.09287728854692e-14	-0.8300709471854342
2.3193307688572025e-14	-0.5003757402011653
1.7392527130926088e-14	0.28765535618603577
1.3042555381139104e-14	1.2394746878737772
9.780536755214077e-15	0.8313772330046114
7.334367876898284e-15	0.5000071545251168
5.500000000000001e-15	-0.28846847390418473
4.124418151328507e-15	-1.238827166576151
3.0928772885469206e-15	-0.83007454344349
2.319330768857203e-15	-0.5003773577537025
1.739252713092609e-15	0.2876548860028998
1.3042555381139105e-15	1.2394745773340146
9.780536755214076e-16	0.8313767697876093
7.334367876898283e-16	0.5000065446869248
5.500000000000001e-16	-0.28846915655561567
4.124418151328507e-16	-1.2388277710072257
3.0928772885469206e-16	-0.8300748799324462
2.3193307688572027e-16	-0.5003775076260739
1.739252713092609e-16	0.2876548303306872
1.3042555381139105e-16	1.2394745364052326
9.780536755214079e-17	0.8313767048722935
7.334367876898284e-17	0.500006470558592
5.500000000000002e-17	-0.28846921897035127
4.124418151328508e-17	-1.2388277993251577
3.0928772885469206e-17	-0.8300748904575785
2.3193307688572025e-17	-0.5003775107365223
1.739252713092609e-17	0.28765481610786026
1.3042555381139104e-17	1.2394745024374652
9.780536755214076e-18	0.8313766797857496
7.334367876898284e-18	0.5000064499992587
5.500000000000001e-18	-0.28846921936384273
4.124418151328507e-18	-1.2388277700341341
3.0928772885469207e-18	-0.8300748683876398
2.3193307688572027e-18	-0.5003774991713215
1.739252713092609e-18	0.28765480602988047
1.3042555381139106e-18	1.2394744691658377
9.780536755214077e-19	0.8313766586820193
7.334367876898283e-19	0.5000064347967421
5.500000000000002e-19	-0.28846921355530153
4.1244181513285073e-19	-1.2388277349823118
3.0928772885469203e-19	-0.8300748430583025
2.3193307688572027e-19	-0.5003774861386732
1.7392527130926088e-19	0.2876547963663092
1.3042555381139105e-19	1.2394744359638463
