0.55	0.3383640135934391
0.1739252713092609	0.4797626783400181
0.05500000000000001	0.5111311106661365
0.017392527130926087	0.7018640677746064
0.005500000000000001	0.7130201993427588
0.0017392527130926088	0.8355653453556273
0.00055	0.7634365744212819
0.00017392527130926088	0.8390196501317768
5.500000000000001e-5	0.7608277621328208
1.739252713092609e-5	0.8379980891280955
5.500000000000001e-6	0.7597024832806567
1.7392527130926088e-6	0.8371734209556951
5.5e-7	0.758864461919621
1.7392527130926088e-7	0.8364032772696488
5.5e-8	0.7581986970024595
1.7392527130926088e-8	0.8356927129913709
5.5000000000000004e-9	0.7579784746426377
1.739252713092609e-9	0.8350816368965861
5.500000000000001e-10	0.7574792864026167
1.739252713092609e-10	0.8345008872566484
5.5000000000000004e-11	0.7572975403575947
1.7392527130926088e-11	0.8339890457654597
5.5e-12	0.7572390497878111
1.7392527130926087e-12	0.8335671761666152
5.500000000000001e-13	0.7568850321399683
1.7392527130926086e-13	0.8331542035593532
5.5000000000000005e-14	0.755450049289011
1.7392527130926088e-14	0.8327376113411815
5.5e-15	0.7541686678550041
1.7392527130926088e-15	0.8323445145361708
5.500000000000001e-16	0.75364612423458
1.7392527130926087e-16	0.8320077998227762
5.5000000000000006e-17	0.7533109013218271
1.739252713092609e-17	0.8316860463104274
5.500000000000001e-18	0.7465551383771544
1.7392527130926087e-18	0.8310423061838199
5.500000000000001e-19	0.7430006072948296
1.7392527130926086e-19	0.8306202369291347
5.500000000000001e-20	0.7422059431130885
1.7392527130926087e-20	0.8303886295593939
5.5e-21	0.7422477058926746
1.7392527130926086e-21	0.8302651308306512
5.5e-22	0.7423544186753844
1.7392527130926087e-22	0.830184455719227
5.5e-23	0.7422792210749611
1.7392527130926087e-23	0.8301000849029923
5.5000000000000006e-24	0.7421949874847968
1.739252713092609e-24	0.8300151504251387
5.5e-25	0.7421098305360226
1.739252713092609e-25	0.8299300805398635
5.5e-26	0.7420242632268975
1.7392527130926087e-26	0.8298444995965684
5.500000000000001e-27	0.7377437614673297
1.7392527130926087e-27	0.8294924713808305
5.500000000000001e-28	0.736344391101934
1.7392527130926088e-28	0.8293709711900348
5.5e-29	0.7362928027712574
1.7392527130926088e-29	0.8293355019484827
5.5000000000000005e-30	0.736257214013267
