0.17392527130926086	12.021293577221385
0.05500000000000001	5.294841946807288
0.017392527130926087	5.43100060382979
0.0055	2.0566569927672673
0.001739252713092609	3.0726858198050486
0.00055	1.8738533002607816
0.00017392527130926085	3.046298649098271
5.5e-5	1.7823357762316916
1.7392527130926086e-5	3.053723890099461
5.500000000000001e-6	1.6668237616185948
1.7392527130926088e-6	3.067790320832469
5.5e-7	1.5289869480969298
1.7392527130926086e-7	3.089118215988291
5.5e-8	1.366215045758812
1.7392527130926085e-8	3.123270701531963
5.5000000000000004e-9	1.1749636213361416
1.7392527130926087e-9	3.180952947648215
5.500000000000001e-10	0.9507502274089172
1.7392527130926086e-10	3.287807691910964
5.5000000000000004e-11	0.7002359323959061
1.7392527130926085e-11	3.5107168296360527
5.5e-12	0.4378092703057019
1.7392527130926087e-12	4.088137702433701
5.5e-13	0.21522017792076192
1.7392527130926089e-13	6.045487710628825
5.499999999999999e-14	0.1108114208149662
1.7392527130926088e-14	9.61798143871479
5.5e-15	0.09417590114378242
1.7392527130926086e-15	9.522400093536335
5.500000000000001e-16	0.0925550695146018
1.7392527130926087e-16	9.452966289561761
5.5e-17	0.09239422391007823
1.7392527130926087e-17	9.44633883919701
5.500000000000001e-18	0.09237807768811722
1.7392527130926087e-18	9.446009235085326
5.5e-19	0.09237637814018522
1.7392527130926086e-19	9.446308849929267
5.5e-20	0.09237612201278442
1.7392527130926087e-20	9.446671223109169
