0.55	0.26213819001870675
0.1739252713092609	0.9214799113453649
0.05500000000000001	0.634514642050501
0.017392527130926087	1.053156540291822
0.005500000000000001	0.7188407430025894
0.0017392527130926088	1.0412884525386026
0.00055	0.8812367702646351
0.00017392527130926088	1.0327481935227225
5.500000000000001e-5	0.8776901368527317
1.739252713092609e-5	1.0338140385417185
5.500000000000001e-6	0.8703909170393915
1.7392527130926088e-6	1.0354187745472816
5.5e-7	0.8694846551255644
1.7392527130926088e-7	1.0371046739987877
5.5e-8	0.8670043255515054
1.7392527130926088e-8	1.0388840297989679
5.5000000000000004e-9	0.8629546285641618
1.739252713092609e-9	1.0405838682376911
5.500000000000001e-10	0.8606602638223912
1.739252713092609e-10	1.0421073667429792
5.5000000000000004e-11	0.8590415652416254
1.7392527130926088e-11	1.043443810913284
5.5e-12	0.8565350258479913
1.7392527130926087e-12	1.0445614895367756
5.500000000000001e-13	0.8559171322638113
1.7392527130926086e-13	1.045612747725701
5.5000000000000005e-14	0.8525134768753384
1.7392527130926088e-14	1.0464942941890936
5.5e-15	0.8495151896101172
1.7392527130926088e-15	1.047265452792332
5.500000000000001e-16	0.8487153169050821
1.7392527130926087e-16	1.0480507383047482
5.5000000000000006e-17	0.8486953499671803
1.739252713092609e-17	1.048865651399278
5.500000000000001e-18	0.8386445448128268
1.7392527130926087e-18	1.049408130618611
5.500000000000001e-19	0.8309005062225818
1.7392527130926086e-19	1.0498012537352712
5.500000000000001e-20	0.8284796019823477
1.7392527130926087e-20	1.0502340031144604
5.5e-21	0.8260105009956935
1.7392527130926086e-21	1.0505736211043115
5.5e-22	0.8254315276427535
1.7392527130926087e-22	1.0507472900815407
5.5e-23	0.8254161602470416
1.7392527130926087e-23	1.050939624163077
5.5000000000000006e-24	0.8254068100845222
1.739252713092609e-24	1.0511485492880868
5.5e-25	0.8254075559319691
1.739252713092609e-25	1.0513648858146551
5.5e-26	0.8254116521185693
1.7392527130926087e-26	1.0515849643889486
5.500000000000001e-27	0.8153772237492949
1.7392527130926087e-27	1.0515190663443243
5.500000000000001e-28	0.8130507580185968
1.7392527130926088e-28	1.0515698573487662
5.5e-29	0.8130126025112641
1.7392527130926088e-29	1.0516634501260798
5.5000000000000005e-30	0.813009410625944
