1.739252713092609	0.4876147242451245	1.0698211041022851	79.5082645800255	0.42484919142623767	4.375860973238586
0.55	0.609466478624102	2.219025599513204	136.29211155609465	0.3271076977645949	4.914800461430379
0.1739252713092609	0.44708005036079607	2.7858399852540554	16.6659017554579	0.5401478514610458	2.8133648210343174
0.05500000000000001	0.3280620874141906	1.0291243922309599	22.306593640407094	0.22414899234521415	3.104882313703692
0.017392527130926087	0.4026361852781494	2.1218508686905206	13.73776630207703	1.0191040053720277	2.6201487045884058
0.005500000000000001	0.328036555322153	1.028422475710552	22.30411313516007	0.44845483062979324	3.104771106980962
0.0017392527130926088	0.40262627394391554	2.1218904014152473	13.73605438843186	1.0192310127995445	2.6200240831411983
0.00055	0.32803661885571056	1.028423095129549	22.30411947075322	0.9863648743833173	3.1047713910358454
0.00017392527130926088	0.4026261777921791	2.1218908154318825	13.736037693935334	1.8928311482051243	2.6200228677625894
5.500000000000001e-5	0.3280364879171986	1.0284218876877353	22.304106214700226	1.1659829208501165	3.104770796703621
1.739252713092609e-5	0.40262617752817803	2.1218907955241715	13.736037710053997	1.3104215626042846	2.6200228689360476
5.500000000000001e-6	0.3280364882190307	1.028421890472083	22.304106245254427	1.489608705715549	3.1047707980735124
1.7392527130926088e-6	0.4026261775654459	2.1218907954240596	13.736037716347285	2.0209654962142083	2.6200228693942065
5.5e-7	0.3280364882627508	1.028421890875337	22.304106249680494	1.165982919025553	3.104770798271954
1.7392527130926088e-7	0.40262617756923297	2.1218907954160082	13.73603771698054	2.766445519915421	2.6200228694403083
5.5e-8	0.3280364882671266	1.028421890915652	22.304106250124494	1.710129201711606	3.104770798291861
1.7392527130926088e-8	0.4026261775696176	2.121890795415195	13.736037717044018	3.740548449884853	2.6200228694449295
5.5000000000000004e-9	0.3280364882675663	1.0284218909197063	22.304106250168953	5.445726271678212	3.104770798293854
1.739252713092609e-9	0.40262617756965063	2.1218907954150814	13.736037717050957	3.740548449883547	2.620022869445435
5.500000000000001e-10	0.32803648826761717	1.0284218909202072	22.30410625017326	1.7101292017079572	3.104770798294047
1.739252713092609e-10	0.4026261775696624	2.1218907954150845	13.73603771705157	2.7664455199011155	2.6200228694454792
5.5000000000000004e-11	0.32803648826762366	1.0284218909202318	22.304106250173803	1.8866020663941327	3.1047707982940715
1.7392527130926088e-11	0.40262617756966756	2.1218907954150628	13.736037717051799	3.057650311327581	2.620022869445496
5.5e-12	0.3280364882676269	1.0284218909202862	22.30410625017353	2.1072625309696353	3.104770798294059
1.7392527130926087e-12	0.40262617756966124	2.121890795415125	13.736037717051	3.421656300612639	2.620022869445438
5.500000000000001e-13	0.3280364882676128	1.0284218909201874	22.304106250172516	2.3948727102916596	3.104770798294014
1.7392527130926086e-13	0.402626177569658	2.1218907954151067	13.736037717050962	3.640059894268812	2.620022869445435
5.5000000000000005e-14	0.32803648826761217	1.0284218909201752	22.304106250172648	2.3762440604222705	3.1047707982940196
1.7392527130926088e-14	0.40262617756965835	2.1218907954150987	13.73603771705109	4.36833725516954	2.620022869445444
5.5e-15	0.3280364882676177	1.0284218909201845	22.30410625017347	2.8694267899437684	3.1047707982940564
1.7392527130926088e-15	0.40262617756966024	2.1218907954151214	13.736037717050834	5.096083851976479	2.6200228694454255
5.500000000000001e-16	0.3280364882676151	1.028421890920175	22.304106250172513	3.139934012344429	3.104770798294014
1.7392527130926087e-16	0.4026261775696634	2.1218907954150583	13.736037717051776	5.786223806561202	2.6200228694454943
5.5000000000000006e-17	0.32803648826762677	1.0284218909202523	22.304106250174403	3.362609519465213	3.1047707982940986
1.739252713092609e-17	0.4026261775696596	2.1218907954150827	13.736037717051685	5.460188298833771	2.6200228694454877
5.500000000000001e-18	0.32803648826762216	1.0284218909202265	22.304106250174158	3.139934012344198	3.1047707982940875
1.7392527130926087e-18	0.4026261775696611	2.121890795415139	13.736037717050724	5.460089841403393	2.6200228694454175
5.500000000000001e-19	0.32803648826761284	1.0284218909201428	22.304106250172783	3.3757684402148347	3.104770798294026
1.7392527130926086e-19	0.402626177569664	2.121890795415098	13.736037717051149	6.1881018219632615	2.6200228694454486
5.500000000000001e-20	0.3280364882676193	1.0284218909202019	22.304106250173426	3.945461836172689	3.1047707982940547
1.7392527130926087e-20	0.40262617756966085	2.121890795415135	13.736037717050687	6.406544338342543	2.620022869445415
5.5e-21	0.32803648826761034	1.0284218909201346	22.304106250172858	4.340566807053977	3.104770798294029
1.7392527130926086e-21	0.40262617756965735	2.1218907954151276	13.736037717050714	9.240110410143076	2.620022869445417
5.5e-22	0.3280364882676154	1.028421890920191	22.304106250172097	4.340566807054119	3.104770798293995
1.7392527130926087e-22	0.4026261775696676	2.1218907954150983	13.736037717051142	6.40654433834233	2.620022869445448
5.5e-23	0.32803648826762	1.0284218909202099	22.304106250173266	3.9454618361727176	3.1047707982940476
1.7392527130926087e-23	0.40262617756965946	2.121890795415075	13.736037717051673	6.989127274029473	2.620022869445487
5.5000000000000006e-24	0.32803648826762105	1.0284218909202798	22.304106250172982	4.305852711593801	3.1047707982940347
1.739252713092609e-24	0.40262617756965513	2.1218907954150876	13.736037717051403	6.988914998619094	2.6200228694454673
5.5e-25	0.3280364882676189	1.0284218909202347	22.304106250173394	4.707653327251513	3.1047707982940533
1.739252713092609e-25	0.402626177569662	2.1218907954150494	13.736037717052058	7.644432745649608	2.6200228694455148
5.5e-26	0.3280364882676238	1.0284218909202976	22.304106250173856	4.744559143030361	3.1047707982940738
1.7392527130926087e-26	0.40262617756965285	2.1218907954150925	13.736037717051532	7.644125790612279	2.6200228694454766
5.500000000000001e-27	0.32803648826761855	1.0284218909202583	22.304106250173078	4.7076533272515775	3.104770798294039
1.7392527130926087e-27	0.40262617756966007	2.121890795415135	13.736037717050726	8.153734168465006	2.620022869445418
5.500000000000001e-28	0.32803648826761045	1.0284218909201486	22.304106250172634	5.021496882401783	3.104770798294019
1.7392527130926088e-28	0.4026261775696549	2.121890795415115	13.736037717050719	13.476750485866944	2.620022869445417
5.5e-29	0.32803648826761556	1.028421890920181	22.304106250172723	5.5595144055162375	3.104770798294023
1.7392527130926088e-29	0.4026261775696609	2.121890795415106	13.736037717051106	9.027430791482137	2.6200228694454455
