# 1 temperature | 2 magnetic susceptibility | 3 entropy | 4 heat capacity | 5 free energy | 6 number of particles | 7 energy | 8 partition function
7.548926813915114e-10	0.6474252720490254	0.932485017831155	0.88210906391655	-1.0546123405614019	1.9878441709095966	-0.12212732273024685	69.87765850570155
1.3075124784320023e-9	0.646283064306663	0.9317668344000589	0.8821885660931866	-1.0543329878204446	1.9874386001960147	-0.12256615342038568	69.8665601347833
2.264678044174534e-9	0.644304702464093	0.9305229042082459	0.8823265457299697	-1.0538491346798735	1.9867361311140428	-0.12332623047162761	69.84733719247163
3.922537435296007e-9	0.6420376127996568	0.9294884832710268	0.8836365820397055	-1.053190740254072	1.9865333769621714	-0.12370225698304571	69.82920027150334
6.794034132523602e-9	0.639354185566823	0.9254736377694037	0.8837190382944283	-1.0514617277448055	1.9864445982965293	-0.12598808997540134	69.76765579705358
1.1767612305888023e-8	0.6355409728421573	0.9175653740096781	0.8831411209877432	-1.048226132018752	1.9860174180398076	-0.1306607580090744	69.65733741590176
2.0382102397570805e-8	0.630537198643255	0.9021358937921429	0.8789681171183633	-1.042534212021594	1.9855955764352728	-0.14039831822945237	69.48522466512307
3.530283691766407e-8	0.6259478256564723	0.8867619737152728	0.8788724205590318	-1.035753413140224	1.9848170888322727	-0.14899143942495208	69.28899390964638
6.114630719271242e-8	0.620377207812653	0.8602036007031444	0.8775096725300248	-1.0238517174180748	1.983887479154987	-0.1636481167149304	68.9039989497627
1.059085107529922e-7	0.6137443787024235	0.8262690836015469	0.8800192483269017	-1.007721590718348	1.9838960393361873	-0.1814525071168025	68.38708861895422
1.8343892157813727e-7	0.605739727962943	0.7830513992847106	0.8877870178070214	-0.9835065635496822	1.984195943059305	-0.20045516426497212	67.68829080029204
3.177255322589766e-7	0.5967550557422632	0.7356120447263024	0.9019075403791371	-0.9564617187110738	1.9836840456513727	-0.22084967398477273	66.8144438664709
5.503167647344117e-7	0.5858787384361289	0.6779694125657052	0.9196807915722768	-0.9139867875853609	1.9832088131548673	-0.23601737501965658	65.45223765860874
9.531765967769298e-7	0.5746486517737215	0.6146099500031346	0.9319725455086378	-0.8771026827438368	1.982881855282578	-0.26249273274070184	64.00421630488451
1.6509502942032352e-6	0.5619199136806985	0.5514632686846825	0.9442173224739221	-0.8199097258759243	1.982684277796558	-0.2684464571912435	61.695860966250834
2.8595297903307894e-6	0.5495053097957485	0.5155247903213631	0.9618143906190313	-0.7881041255186276	1.982038565919403	-0.27257933519726363	59.758803801718344
4.952850882609706e-6	0.5361386844426899	0.49058717059846035	0.9814392969784684	-0.7401130007030545	1.9813226437015743	-0.24952583010459373	57.49614721354029
8.578589370992368e-6	0.5214791754276001	0.46676263608780566	0.9896943279720025	-0.714826939496727	1.980377173154693	-0.24806430340892227	55.658909397061194
1.4858552647829118e-5	0.5050233039106765	0.4470184474295893	0.9968996484591207	-0.6734709241772592	1.9781659279595303	-0.22645247674766988	53.31314087740455
2.5735768112977103e-5	0.4872890782910344	0.42676770658756613	0.9973916479414215	-0.6504056455409328	1.9752774780963733	-0.22363793895336626	51.266368151507734
4.457565794348736e-5	0.46744018254542086	0.40190844278186066	0.9929383614048852	-0.6126089226061064	1.9764161288810271	-0.21070047982424578	48.89478594561561
7.720730433893132e-5	0.44437770140860633	0.3781438171547471	0.9868519413534931	-0.5870769857664109	1.9778932765460624	-0.20893316861166333	46.65865644009689
0.00013372697383046204	0.4210335334618882	0.3639018337103739	0.9910624212629012	-0.5533493481688998	1.9761152685274936	-0.18944751445852548	44.66675231558662
0.00023162191301679395	0.3918489517578061	0.33413407637878567	0.9928764214677797	-0.5179354766631059	1.9743234030042984	-0.18380140028432157	42.240606537519255
0.0004011809214913862	0.3556569800137448	0.2884948509712375	0.9959254167821929	-0.45996410324242376	1.971906022559395	-0.17146925227118537	38.39440500229692
0.0006948657390503819	0.30957080670727055	0.23017064841219081	1.008449838084505	-0.3845023944275008	1.968916388366015	-0.15433174601530908	32.745880601873196
0.0012035427644741586	0.25664665850167556	0.1623468350415127	1.0093480458533188	-0.2948259470558643	1.9679088550751658	-0.13247911201435247	26.13803562559025
0.0020845972171511453	0.21113404672761926	0.11501269958299343	1.0184063329781052	-0.20385433397287667	1.9673253121007264	-0.08884163438988324	18.893271769495087
0.003610628293422476	0.17364417156736045	0.09747316980582088	1.0300290505200096	-0.12768259709364393	1.9635093974672344	-0.03020942728782261	12.07235246051178
0.006253791651453436	0.1390202328140736	0.07954896576886838	1.0327400760165455	-0.07051011414020625	1.9582488605542139	0.009038851628662137	7.173505123212337
0.010831884880267428	0.11119760753324592	0.06314515946856858	1.0255494950312123	-0.04328359141757243	1.9550041865033094	0.01986156805099526	4.272886689706951
0.01876137495436031	0.09023811151577188	0.06606695019470532	1.0260880928732472	-0.023859277441716564	1.9509471924508972	0.04220767275298831	2.504795953175602
0.032495654640802285	0.07361841483498444	0.0639376141741721	1.0175032812502518	-0.03587992730437861	1.9473491192742856	0.02805768686979304	3.654548275769244
0.05628412486308093	0.06178406722886487	0.06605154995994766	1.0076062419008638	-0.029075548202197155	1.9462180360873127	0.03697600175775051	2.724625904218385
0.09748696392240686	0.05184641774517296	0.05471251021193524	0.981383852384331	-0.04778826821516091	1.9423507764651085	0.0069242419967747715	4.408282675342818
0.16885237458924277	0.046459962174587255	0.05652113411788662	0.9803057985855238	-0.051818959372830875	1.9324257164335048	0.004702174745056631	4.361943877350257
0.2924608917672205	0.05564764944043288	0.151744321268648	1.019402644053451	-0.09192484907290677	1.9155484657226811	0.05981947219574213	8.218979900733729
0.5065571237677283	0.10698545333635989	0.5917930502097404	1.1923922728730496	-0.26331741841239165	1.8869310449590184	0.3284756317973483	22.24829300550128
0.8773826753016616	0.19590513803311305	1.353979806541818	2.1928338807978616	-0.5601780565481533	1.8373642182147805	0.7938017499936645	46.547776098250566
