1.1547005383792515	0.7266001957362243	1.5364098725852902	696.0129337251647	0.3327339781408611	6.545368243100214
0.6666666666666666	0.7945198489864601	1.600912167275639	1160.9289374030125	0.014210658298581895	7.056975771730726
0.38490017945975047	0.7999351527657113	2.7536083162701592	389.1151277411129	0.016237204881448256	5.9638752580348315
0.2222222222222222	0.7288796446290353	1.6374536844038272	430.8635282756207	0.10973722491781072	6.065791400231065
0.12830005981991682	0.7707256705423451	2.5879130642544728	200.13655599544623	0.06308454251214052	5.298999913537067
0.07407407407407407	0.775687431430931	1.817619571641483	331.7325670684255	0.06123299073048833	5.804329123431979
0.04276668660663894	0.8565092914495761	2.5920686821789114	140.2914348473795	0.15983032082208254	4.943721936402232
0.024691358024691357	0.9302246786964368	2.1055860357950267	254.6822896005092	0.20896848419526823	5.540016845215643
0.014255562202212982	1.0155388602734774	2.808765982263383	106.95072473178548	0.18128887389106227	4.672368211866236
0.008230452674897118	1.1244642519561514	2.1877373170871106	196.127870517249	0.38653168415501044	5.2787668471079705
0.004751854067404327	1.1428884199724092	2.813722324157484	84.9670806029456	1.0028123488891612	4.442263894451159
0.0027434842249657067	1.1618860252598187	2.099108803722741	175.98259155020278	0.41778049407913903	5.170385078499497
0.0015839513558014425	1.1358992267932835	2.9166377482413015	82.62817719008666	0.32830008327795224	4.414350750565215
0.0009144947416552353	1.155612851364373	2.094011079423889	171.2589038697349	0.22842963475219047	5.143176469190636
0.0005279837852671474	1.1329124114990519	2.8982852789064446	80.31616113988947	0.4784150928718462	4.385970860228133
0.0003048315805517451	1.153981526221579	2.090040839265251	169.415632410094	0.36616017764931785	5.132355059011642
0.00017599459508904917	1.1320871266599712	2.89497958735646	79.66168280947149	0.881967843353035	4.377788702429586
0.00010161052685058171	1.1535093025536702	2.088779006807814	168.8513577755768	0.3756547015367378	5.129018788111516
5.866486502968305e-5	1.1317934931139257	2.893908498010943	79.46678576312446	0.4855671574783101	4.375339145218998
3.387017561686057e-5	1.1533525665061377	2.088462167141683	168.67488676068638	0.328689753025605	5.127973115167103
1.955495500989435e-5	1.131265046358379	2.8949760421933513	79.45105367003958	0.5325932147953008	4.3751411549468875
1.1290058538953523e-5	1.1532216574253047	2.0885905112301546	168.58900316293997	0.6627863935655434	5.127463819021451
6.51831833663145e-6	1.1311485713228147	2.894867413072608	79.43938189526722	0.6357800292037714	4.374994238932065
3.763352846317841e-6	1.1531264614581578	2.088809196213669	168.53928598580632	0.7347477558764106	5.127168873867963
2.17277277887715e-6	1.1310574831340723	2.8948423275051303	79.43603934049413	1.1182447198048262	4.374952161249468
1.2544509487726139e-6	1.1530385077868197	2.0890379387361384	168.49739276380487	0.37144958967893826	5.126920276460864
7.2425759295905e-7	1.1309695337369507	2.894828298808676	79.43468191330189	0.6678805372448932	4.374935072799419
4.1815031625753794e-7	1.1529507252284505	2.089269873313994	168.45729985930063	2.578771507193798	5.126682304379922
2.4141919765301666e-7	1.1301435985719845	2.8920893087311557	79.3620282571124	0.8519903817479202	4.374020020325333
