-1.0	0.011853300116141788
-0.955219103952324	0.03073120004724992
-0.9124435365554808	0.04304428306205695
-0.8715834973956161	0.03511490490541544
-0.8325532074018732	0.030980422257469966
-0.7952707287670506	0.029593539345275678
-0.7596577929323739	0.023516389326333282
-0.7256396362752623	0.02144386627729389
-0.6931448431551465	0.024512563598289357
-0.6621051959878331	0.07716645542341137
-0.6324555320336759	0.241658448084049
-0.6041336065988983	0.2504537262259218
-0.5770799623628854	0.4748997901088091
-0.5512378045571164	0.9188720616153656
-0.526552881733695	0.620964750097873
-0.5029733718731741	0.33131050550590363
-0.48044977359257246	0.15732025030722993
-0.458934802225194	0.05861613026687944
-0.438383290554087	0.026377038049439198
-0.41875209399074625	0.07295201789916941
-0.4	0.2283333374845197
-0.38208764158092967	0.23155869799934786
-0.3649774146221923	0.3143515929157865
-0.34863339895824647	0.9379009630558034
-0.3330212829607492	2.06389585805209
-0.31810829150682024	3.5383926486748094
-0.3038631171729496	3.7235304527331285
-0.2902558545101049	3.213255499668299
-0.2772579372620586	2.854720558790659
-0.2648420783951332	2.6451334450963344
-0.25298221281347033	3.232090750745737
-0.24165344263955935	1.6370614754373887
-0.23083198494515414	0.34372728382026724
-0.22049512182284653	1.0718981927375197
-0.21062115269347795	2.7089250363459803
-0.20118934874926966	8.868811258655194
-0.19217990943702903	37.71725784812991
-0.1835739208900776	55.84468399283298
-0.17535331622163478	28.494284860759453
-0.16750083759629847	19.306986534453596
-0.16000000000000003	12.201390754079473
-0.15283505663237187	8.531817216254552
-0.1459909658488769	9.303482344059535
-0.13945335958329858	9.31932077537054
-0.1332085131842997	5.607321152447366
-0.1272433166027281	2.7226853590539073
-0.12154524686917983	1.5959976895366466
-0.11610234180404196	3.4763473513687355
-0.11090317490482343	2.606025101681182
-0.10593683135805329	1.0863648222635542
-0.10119288512538814	0.37923526645205197
-0.09666137705582374	0.8161469585100026
-0.09233279397806166	0.9339259507975992
-0.08819804872913861	0.8076727301184811
-0.08424846107739119	0.8789514201609867
-0.08047573949970786	1.3929110574490635
-0.0768719637748116	5.008045902413363
-0.07342956835603104	6.985325763902706
-0.07014132648865391	5.087099895173343
-0.06700033503851939	5.790424694302507
-0.064	6.018149180468103
-0.06113402265294875	6.106477147810413
-0.05839638633955079	7.048332375915636
-0.05578134383331941	5.014657467829528
-0.05328340527371987	1.793509953735063
-0.05089732664109124	0.8845256403611698
-0.04861809874767194	1.8901347294608348
-0.0464409367216168	8.41299978332331
-0.04436126996192936	3.0272395305548607
-0.04237473254322131	1.9367323209821599
-0.040477154050155256	0.6178533860232331
-0.038664550822329495	0.7719808001217646
-0.03693311759122468	0.665919433681266
-0.03527921949165543	0.4551810977155797
-0.03369938443095647	1.0640317166095692
-0.03219029579988315	3.1986976038255395
-0.030748785509924645	1.5385069798518016
-0.029371827342412428	1.6315926241949221
-0.028056530595461555	3.7059278190091476
-0.026800134015407755	6.596598021776788
-0.0256	6.744143768139434
-0.0244536090611795	5.172699967386518
-0.02335855453582032	4.200002193024323
-0.022312537533327764	7.715822658276985
-0.02131336210948795	16.404879599302312
-0.020358930656436496	15.257626904642237
-0.019447239499068774	6.799994130158085
-0.018576374688646723	3.5234101595348144
-0.017744507984771743	3.32974100100736
-0.016949893017288525	3.656370086322001
-0.016190861620062103	0.036900206545146384
-0.015465820328931797	0.008830509226846167
-0.014773247036489872	0.0022568552752021418
-0.014111687796662173	0.1344526777898166
-0.013479753772382589	1.1762980239846055
-0.012876118319953259	0.7459480994375559
-0.012299514203969858	0.07161327226337555
-0.011748730936964972	0.4234031851178674
-0.011222612238184621	1.6587468743201323
-0.010720053606163103	1.8967964662528778
-0.01024	3.322366640052363
-0.0097814436244718	8.385455768064555
-0.009343421814328127	24.114469653481233
-0.008925015013331105	44.53800948194235
-0.00852534484379518	38.55927162183321
-0.0081435722625746	22.513677700275338
-0.00777889579962751	14.679854315899842
-0.007430549875458688	10.412062030857047
-0.007097803193908697	6.64247142937411
-0.00677995720691541	3.844359829522204
-0.006476344648024841	0.019394162498467576
-0.006186328131572719	0.002814010918848675
-0.005909298814595948	0.0025962129058958675
-0.005644675118664869	0.12698005889105574
-0.005391901508953035	0.35789540542779363
-0.005150447327981303	0.08400255513347335
-0.004919805681587943	0.09101369752986438
-0.004699492374785988	0.6152096053816021
-0.004489044895273848	1.3358952097071035
-0.004288021442465241	3.2776771222918883
-0.004096	9.411188357690758
-0.00391257744978872	31.6942519099408
-0.0037373687257312507	60.74638592593819
-0.003570006005332442	48.58499535557383
-0.003410137937518072	26.52255245601805
-0.0032574289050298394	17.327992423899506
-0.0031115583198510037	11.845109601363854
-0.002972219950183475	7.356497214002982
-0.0028391212775634787	4.096973755888587
-0.002711982882766164	2.0717487715561544
-0.0025905378592099362	0.0014515071901266094
-0.0024745312526290877	0.00012716481290966095
-0.0023637195258383796	0.0013920609724707227
-0.0022578700474659478	0.0405594972353939
-0.0021567606035812143	0.061962012016376945
-0.0020601789311925213	0.015562119897977175
-0.0019679222726351774	0.1031791422786014
-0.0018797969499143954	0.5398338164345929
-0.0017956179581095394	1.8598667011085646
-0.0017152085769860962	5.730460254079059
-0.0016384	21.017003398363727
-0.0015650309799154867	59.585486003815696
-0.0014949474902925003	65.29944923174722
-0.001428002402132977	36.475637152778795
-0.00136405517500723	22.1021494016091
-0.001302971562011936	15.418231028953763
-0.0012446233279404006	9.868187684918846
-0.00118888798007339	5.631608964456821
-0.0011356485110253914	2.900554615475738
-0.0010847931531064664	1.3702840286187274
-0.0010362151436839745	0.00012562815585603063
-0.0009898125010516343	9.239365889274134e-6
-0.0009454878103353518	0.00038401037538645137
-0.0009031480189863791	0.00833671639265368
-0.0008627042414324864	0.010044484745677295
-0.0008240715724770085	0.012750377664182086
-0.0007871689090540703	0.11250800366553976
-0.0007519187799657582	0.6241402157981467
-0.0007182471832438158	2.3879384347342616
-0.0006860834307944391	7.78784696705509
-0.00065536	31.11864615152467
-0.0006260123919661946	71.11698899286199
-0.0005979789961170002	59.992323946535905
-0.0005712009608531907	31.824018779187295
-0.0005456220700028919	20.926980795700146
-0.0005211886248047743	14.443849898468294
-0.0004978493311761602	8.90116566690421
-0.0004755551920293561	4.888073774315542
-0.0004542594044101566	2.430367170697737
-0.0004339172612425866	1.1113233042914836
-0.00041448605747358984	1.4860392849953179e-5
-0.0003959250004206537	1.072788547532985e-6
-0.0003781951241341407	7.618016607386562e-5
-0.00036125920759455163	0.0014672914252842574
-0.00034508169657299456	0.002364283144883697
-0.0003296286289908034	0.014175618808815942
-0.0003148675636216281	0.12430343769345746
-0.00030076751198630325	0.6962289678371224
-0.0002872988732975263	2.6691010951969556
-0.00027443337231777566	8.997393881233116
-0.000262144	36.4295609297328
-0.00025040495678647787	74.67210072653691
-0.00023919159844680004	56.88866682303687
-0.00022848038434127632	30.28168575350471
-0.00021824882800115678	20.48992626108954
-0.00020847544992190972	14.002152563754906
-0.0001991397324704641	8.488544678632753
-0.00019022207681174241	4.587098919846801
-0.00018170376176406263	2.2466409914991914
-0.00017356690449703464	1.0128166613479141
-0.00016579442298943594	1.8618162269514072e-6
-0.00015837000016826147	1.4660895365535315e-7
-0.0001512780496536563	1.4027005690816546e-5
-0.00014450368303782065	0.0002775705874720478
-0.00013803267862919782	0.0012752966343697694
-0.00013185145159632137	0.015129217211923323
-0.00012594702544865125	0.13137106833934825
-0.0001203070047945213	0.7327353879128328
-0.00011491954931901053	2.795798418519011
-0.00010977334892711025	9.572552526225687
-0.0001048576	38.769407601230554
-0.00010016198271459114	75.84365138645813
-9.567663937872002e-5	55.55066006005311
-9.139215373651052e-5	29.731098428566042
-8.72995312004627e-5	20.320661894302404
-8.339017996876389e-5	13.820667833732637
-7.965589298818563e-5	8.322280576001042
-7.608883072469697e-5	4.467909653337801
-7.268150470562505e-5	2.1747370612616734
-6.942676179881386e-5	0.9746334262520365
-6.631776919577437e-5	2.2953340160659975e-7
-6.334800006730459e-5	2.789609731609911e-8
-6.0511219861462516e-5	3.079744731560991e-6
-5.780147321512826e-5	8.144536539505051e-5
-5.521307145167913e-5	0.0011292793530555034
-5.274058063852855e-5	0.015570323598612927
-5.03788101794605e-5	0.13462043333821277
-4.812280191780852e-5	0.7484872473179003
-4.596781972760421e-5	2.8484424161418973
-4.39093395708441e-5	9.817875494572053
-4.194304e-5	39.733676191477365
-4.006479308583646e-5	76.257368212035
-3.8270655751488006e-5	54.99648908214745
-3.655686149460421e-5	29.516371096972215
-3.491981248018508e-5	20.249593166405912
-3.335607198750556e-5	13.744588998176415
-3.1862357195274255e-5	8.253972973152653
-3.043553228987879e-5	4.419565180197429
-2.9072601882250022e-5	2.1458097816728565
-2.7770704719525543e-5	0.9593674101190883
-2.652710767830975e-5	1.9712794371823813e-8
-2.5339200026921837e-5	1.2271251196587607e-8
-2.4204487944585006e-5	1.3484958009148615e-6
-2.3120589286051304e-5	5.144775198316558e-5
-2.2085228580671653e-5	0.00111683315336357
-2.109623225541142e-5	0.015756065745711083
-2.01515240717842e-5	0.13598805022180213
-1.9249120767123408e-5	0.7549482582974585
-1.8387127891041685e-5	2.8697232306265867
-1.756373582833764e-5	9.91822935975926
-1.6777216e-5	40.12222654286202
-1.6025917234334584e-5	76.41069430088339
-1.5308262300595205e-5	54.76992511465403
-1.4622744597841684e-5	29.430274505124185
-1.3967924992074034e-5	20.21988616672556
-1.3342428795002223e-5	13.713115343650095
-1.2744942878109702e-5	8.22607545419969
-1.2174212915951514e-5	4.3999688092696285
-1.1629040752900008e-5	2.1341394420000643
-1.1108281887810218e-5	0.9532298711502569
-1.0610843071323899e-5	1.0790440503458902e-10
-1.0135680010768735e-5	1.0720127769104758e-8
-9.681795177834002e-6	1.1096040313764056e-6
-9.248235714420522e-6	4.7449449642739294e-5
-8.834091432268661e-6	0.001119142534513032
-8.438492902164567e-6	0.015831225962880356
-8.06060962871368e-6	0.13654065706234014
-7.699648306849364e-6	0.7575269598281834
-7.354851156416673e-6	2.8781513353595787
-7.025494331335056e-6	9.958319435126251
-6.7108864e-6	40.276391968071714
-6.4103668937338335e-6	76.46676134063006
-6.123304920238081e-6	54.67614078884518
-5.849097839136674e-6	29.394518474295786
-5.587169996829613e-6	20.206915914184698
-5.336971518000889e-6	13.699759094017216
-5.09797715124388e-6	8.214463236403288
-4.869685166380606e-6	4.3918948957060016
-4.651616301160004e-6	2.1293609558970497
-4.443312755124087e-6	0.9507275436106818
-4.24433722852956e-6	2.1575294525434624e-9
-4.054272004307494e-6	1.0827912544045723e-8
-3.872718071133601e-6	1.0886276953286776e-6
-3.6992942857682087e-6	4.714535687401086e-5
-3.533636572907464e-6	0.0011211853493523047
-3.375397160865827e-6	0.01586076939704573
-3.2242438514854718e-6	0.13675686591171549
-3.0798593227397456e-6	0.7585253984623829
-2.9419404625666695e-6	2.881386193995674
-2.8101977325340225e-6	9.97392390194827
-2.68435456e-6	40.3361322650452
-2.5641467574935333e-6	76.4849927766142
-2.4493219680952324e-6	54.635682965596295
-2.3396391356546694e-6	29.37869551384485
-2.2348679987318455e-6	20.200654652403042
-2.1347886072003556e-6	13.693681618091492
-2.0391908604975524e-6	8.209376865116516
-1.9478740665522424e-6	4.388429452828185
-1.8606465204640015e-6	2.1273353623704714
-1.7773251020496348e-6	0.9496757510213655
-1.697734891411824e-6	4.5301082169651696e-9
-1.6217088017229976e-6	1.0985449596251545e-8
-1.5490872284534404e-6	1.0922806662269382e-6
-1.4797177143072835e-6	4.723048915201741e-5
-1.4134546291629856e-6	0.00112213539632089
-1.3501588643463309e-6	0.015871840778621887
-1.2896975405941886e-6	0.1368368095878868
-1.2319437290958982e-6	0.758887215852481
-1.1767761850266678e-6	2.882534846757584
-1.1240790930136089e-6	9.979671030405703
-1.073741824e-6	40.357988185717986
-1.0256587029974134e-6	76.48824350717865
-9.797287872380915e-7	54.61657378161996
-9.358556542618692e-7	29.370805791855446
-8.939471994927382e-7	20.19707447501469
-8.539154428801423e-7	13.690517348010555
-8.156763441990209e-7	8.206900593110165
-7.791496266208957e-7	4.38680614655402
-7.442586081856018e-7	2.1264097252178478
-7.109300408198538e-7	0.9492033355510568
-6.790939565647296e-7	5.724025052088137e-9
-6.48683520689199e-7	1.1066151089912238e-8
-6.196348913813751e-7	1.0956395048560016e-6
-5.918870857229143e-7	4.72958658584282e-5
-5.653818516651943e-7	0.0011224903194235274
-5.400635457385323e-7	0.015875486409216183
-5.158790162376754e-7	0.13686196561122074
-4.927774916383585e-7	0.7589936178402469
-4.707104740106679e-7	2.8828474130473936
-4.496316372054436e-7	9.981464501152269
-4.294967296e-7	40.36466933420245
-4.1026348119896534e-7	76.48551959346216
-3.9189151489523657e-7	54.60600112061
-3.743422617047477e-7	29.366080196079
-3.575788797970953e-7	20.194564563427196
-3.415661771520569e-7	13.688517397841064
-3.262705376796084e-7	8.205467554043903
-3.1165985064835826e-7	4.385919069034499
-2.977034432742407e-7	2.1259236653096445
-2.8437201632794157e-7	0.9489624388386347
-2.7163758262589184e-7	6.2398092655856845e-9
-2.594734082756796e-7	1.1100779315397501e-8
-2.478539565525501e-7	1.0972444830244767e-6
-2.3675483428916573e-7	4.732511970520458e-5
-2.261527406660777e-7	0.001122581824470718
-2.1602541829541292e-7	0.015876155564742693
-2.0635160649507018e-7	0.1368651589528579
-1.971109966553434e-7	0.7589977158067286
-1.8828418960426715e-7	2.8828252261483494
-1.7985265488217743e-7	9.981674583930076
-1.7179869184e-7	40.36527621762774
-1.6410539247958613e-7	76.48040606263508
-1.5675660595809464e-7	54.59884045317714
-1.497369046818991e-7	29.362617761874763
-1.430315519188381e-7	20.192481764303093
-1.3662647086082276e-7	13.686982569860886
-1.3050821507184335e-7	8.204451397062474
-1.246639402593433e-7	4.3853262263008075
-1.1908137730969629e-7	2.125613292845955
-1.1374880653117662e-7	0.9488140762224394
-1.0865503305035673e-7	6.451724839242862e-9
-1.0378936331027184e-7	1.1114547704733215e-8
-9.914158262102003e-8	1.0978843173847114e-6
-9.47019337156663e-8	4.733538265800249e-5
-9.046109626643109e-8	0.001122563880280626
-8.641016731816518e-8	0.01587563307546282
-8.254064259802807e-8	0.13685955892848736
-7.884439866213736e-8	0.7589608658645476
-7.531367584170686e-8	2.8826690691844883
-7.194106195287098e-8	9.981250944324218
-6.8719476736e-8	40.3634523969289
-6.564215699183446e-8	76.47433588129621
-6.270264238323785e-8	54.593043449451
-5.989476187275963e-8	29.359659861279624
-5.721262076753524e-8	20.190569444380195
-5.46505883443291e-8	13.685633548765761
-5.220328602873734e-8	8.203601835926907
-4.9865576103737325e-8	4.384850985425398
-4.763255092387851e-8	2.1253731466627466
-4.549952261247065e-8	0.9487027035562133
-4.346201322014269e-8	6.53700470763939e-9
-4.1515745324108734e-8	1.1119590177397597e-8
-3.965663304840801e-8	1.0980955039314758e-6
-3.788077348626652e-8	4.7337315791937614e-5
-3.618443850657244e-8	0.0011225014984187888
-3.456406692726607e-8	0.015874633767898976
-3.301625703921123e-8	0.13685044026947596
-3.1537759464854944e-8	0.7589076325797407
-3.012547033668274e-8	2.882459312704455
-2.877642478114839e-8	9.98057375618077
-2.74877906944e-8	40.36065610772917
-2.6256862796733782e-8	76.46788276041782
-2.508105695329514e-8	54.58779158199561
-2.3957904749103853e-8	29.356903597974306
-2.2885048307014098e-8	20.188725225501596
-2.186023533773164e-8	13.68435878829499
-2.0881314411494936e-8	8.202818872495905
-1.994623044149493e-8	4.384422761493504
-1.9053020369551404e-8	2.1251610784429293
-1.819980904498826e-8	0.9486061207984517
-1.7384805288057076e-8	6.570862971315867e-9
-1.6606298129643494e-8	1.1121083688367319e-8
-1.5862653219363203e-8	1.0981282876414982e-6
-1.5152309394506606e-8	4.7335797518947244e-5
-1.4473775402628974e-8	0.0011224212369953573
-1.3825626770906428e-8	0.015873443745047892
-1.3206502815684493e-8	0.13683991426735156
-1.2615103785941977e-8	0.7588478470006588
-1.2050188134673098e-8	2.8822281209360456
-1.1510569912459357e-8	9.979795161249712
-1.099511627776e-8	40.35747088244379
-1.0502745118693512e-8	76.46127654279672
-1.0032422781318056e-8	54.58275779409424
-9.58316189964154e-9	29.354228010942073
-9.154019322805639e-9	20.186908269796756
-8.744094135092657e-9	13.683113747052353
-8.352525764597973e-9	8.20206255621497
-7.978492176597972e-9	4.3840133481240535
-7.621208147820563e-9	2.124960242991105
-7.279923617995304e-9	0.9485154545954247
-6.95392211522283e-9	6.584047879334443e-9
-6.642519251857398e-9	1.11211492385436e-8
-6.345061287745282e-9	1.098088554270304e-6
-6.060923757802643e-9	4.733287888593216e-5
-5.78951016105159e-9	0.001122333809766878
-5.530250708362571e-9	0.015872177487220043
-5.282601126273797e-9	0.1368288257722987
-5.046041514376791e-9	0.7587854430476344
-4.820075253869239e-9	2.8819883648400246
-4.6042279649837425e-9	9.9789760368882
-4.398046511104e-9	40.35413021511596
-4.201098047477405e-9	76.45460933190031
-4.012969112527222e-9	54.5778114093383
-3.833264759856617e-9	29.351584790559404
-3.6616077291222557e-9	20.185102287801083
-3.497637654037063e-9	13.681880640008213
-3.3410103058391895e-9	8.201316926604042
-3.191396870639189e-9	4.383611473798165
-3.0484832591282247e-9	2.1247639078069915
-2.9119694471981214e-9	0.9484271581993683
-2.7815688460891322e-9	6.588953835715299e-9
-2.657007700742959e-9	1.112064268177821e-8
-2.5380245150981126e-9	1.0980196140775701e-6
-2.4243695031210573e-9	4.7329396779316075e-5
-2.3158040644206357e-9	0.0011222435174509356
-2.2121002833450285e-9	0.01587088079737644
-2.113040450509519e-9	0.1368175128213273
-2.0184166057507163e-9	0.7587219947932055
-1.9280301015476955e-9	2.881745194718719
-1.841691185993497e-9	9.97814074094725
-1.7592186044416e-9	40.35072753333978
-1.6804392189909622e-9	76.44791803899777
-1.605187645010889e-9	54.57290021618323
-1.5333059039426467e-9	29.348954642088447
-1.4646430916489022e-9	20.183300781960018
-1.3990550616148251e-9	13.68065236580416
-1.3364041223356758e-9	8.20057560736684
-1.2765587482556754e-9	4.383212634297848
-1.2193933036512899e-9	2.124569382097697
-1.1647877788792485e-9	0.9483398139316827
-1.1126275384356529e-9	6.590549532633228e-9
-1.0628030802971836e-9	1.1119907322806608e-8
-1.015209806039245e-9	1.097938955382786e-6
-9.697478012484228e-10	4.732568878401593e-5
-9.263216257682543e-10	0.0011221520830453032
-8.848401133380114e-10	0.015869572000178505
-8.452161802038075e-10	0.1368061106614999
-8.073666423002865e-10	0.7586581320494094
-7.712120406190783e-10	2.8815006714186504
-7.366764743973988e-10	9.977299019083418
-7.0368744177664e-10	40.34730021965866
-6.721756875963849e-10	76.44121745692084
-6.420750580043556e-10	54.56800335358668
-6.133223615770587e-10	29.346329859099615
-5.858572366595609e-10	20.18150116051149
-5.5962202464593e-10	13.679426088952484
-5.345616489342703e-10	8.199836051138496
-5.106234993022702e-10	4.382815029686987
-4.877573214605159e-10	2.1243755904253407
-4.659151115516994e-10	0.9482528551268069
-4.450510153742612e-10	6.5908224964843945e-9
-4.2512123211887347e-10	1.1119080547075771e-8
-4.06083922415698e-10	1.0978536044061865e-6
-3.878991204993691e-10	4.7321890467197195e-5
-3.7052865030730173e-10	0.0011220601963013149
-3.5393604533520453e-10	0.015868258426819045
-3.38086472081523e-10	0.13679467340402587
-3.229466569201146e-10	0.7585941068135925
-3.084848162476313e-10	2.881255619568633
-2.9467058975895954e-10	9.976454770542428
-2.81474976710656e-10	40.34386323163941
-2.688702750385539e-10	76.43451351415086
-2.568300232017422e-10	54.56311248648509
-2.453289446308235e-10	29.343707363535643
-2.3434289466382435e-10	20.179702389613723
-2.23848809858372e-10	13.67820067724806
-2.1382465957370812e-10	8.199097240210525
-2.0424939972090808e-10	4.382417940676109
-1.951029285842064e-10	2.1241821029577443
-1.8636604462067977e-10	0.9481660552764045
-1.7802040614970448e-10	6.590567061815629e-9
-1.700484928475494e-10	1.111821728200969e-8
-1.624335689662792e-10	1.0977663782461468e-6
-1.5515964819974767e-10	4.7318056169855405e-5
-1.4821146012292068e-10	0.0011219681332437425
-1.4157441813408183e-10	0.015866943010186266
-1.352345888326092e-10	0.13678322269744767
-1.2917866276804584e-10	0.7585300199098124
-1.2339392649905252e-10	2.881010369124324
-1.178682359035838e-10	9.975609555373952
-1.125899906842624e-10	40.34042255400549
-1.0754811001542157e-10	76.42780858655439
-1.027320092806969e-10	54.55822428461092
-9.813157785232939e-11	29.341085925983435
-9.373715786552974e-11	20.177904056881786
-8.953952394334881e-11	13.676975678616602
-8.552986382948326e-11	8.19835876800599
-8.169975988836323e-11	4.382021079831748
-7.804117143368256e-11	2.123988747904269
-7.45464178482719e-11	0.9480793238429844
-7.120816245988178e-11	6.590100592443303e-9
-6.801939713901976e-11	1.1117339480312579e-8
-6.497342758651168e-11	1.097678405493874e-6
-6.206385927989906e-11	4.7314207658731256e-5
-5.928458404916827e-11	0.0011218760043205166
-5.662976725363273e-11	0.015865626923622533
-5.409383553304368e-11	0.13677176720296166
-5.167146510721834e-11	0.7584659116784301
-4.935757059962101e-11	2.8807650521116495
-4.714729436143352e-11	9.974763997744278
-4.503599627370496e-11	40.336980581339496
-4.301924400616863e-11	76.42110362624614
-4.1092803712278756e-11	54.553337417315824
-3.925263114093175e-11	29.33846505537885
-3.7494863146211896e-11	20.176105997807298
-3.581580957733952e-11	13.67575091253883
-3.42119455317933e-11	8.197620472087497
-3.2679903955345294e-11	4.381624332287754
-3.121646857347302e-11	2.1237954566024206
-2.9818567139308763e-11	0.9479926246363186
-2.8483264983952715e-11	6.589549864105949e-9
-2.7207758855607903e-11	1.1116455914362735e-8
-2.5989371034604672e-11	1.0975901382050803e-6
-2.4825543711959625e-11	4.7310353651344164e-5
-2.371383361966731e-11	0.0011217838537281365
-2.265190690145309e-11	0.01586431063657984
-2.163753421321747e-11	0.1367603103860429
-2.0668586042887337e-11	0.7584017982611616
-1.9743028239848403e-11	2.880519721362204
-1.8858917744573408e-11	9.973918347391702
-1.8014398509481985e-11	40.333538271789045
-1.720769760246745e-11	76.41439901476906
-1.6437121484911504e-11	54.548451352871965
-1.5701052456372703e-11	29.33584455554929
-1.4997945258484758e-11	20.174308146746196
-1.4326323830935808e-11	13.67452630691479
-1.368477821271732e-11	8.196882287545202
-1.3071961582138117e-11	4.381227652132717
-1.2486587429389208e-11	2.123602201604331
-1.1927426855723505e-11	0.947905943188029
-1.1393305993581086e-11	6.588965510648686e-9
-1.0883103542243161e-11	1.1115570088979323e-8
-1.039574841384187e-11	1.0975017573973872e-6
-9.93021748478385e-12	4.73064976380232e-5
-9.485533447866924e-12	0.0011216916991472338
-9.060762760581236e-12	0.015862994336833726
-8.65501368528699e-12	0.13674885363289854
-8.267434417154934e-12	0.7583376861151437
-7.897211295939361e-12	2.880274398011425
-7.543567097829363e-12	9.973072704220268
-7.205759403792793e-12	40.330096008674694
-6.88307904098698e-12	76.4076949049819
-6.5748485939646015e-12	54.54356587881903
-6.28042098254908e-12	29.333224348134884
-5.9991781033939035e-12	20.172510477509842
-5.7305295323743236e-12	13.67330183295469
-5.473911285086928e-12	8.196144188447816
-5.228784632855247e-12	4.380831021020886
-4.9946349717556835e-12	2.1234089719405937
-4.770970742289403e-12	0.9478192737153779
-4.557322397432434e-12	6.588367759021728e-9
-4.3532414168972644e-12	1.1114683404575949e-8
-4.1582993655367474e-12	1.0974133355153612e-6
-3.97208699391354e-12	4.730264101549051e-5
-3.794213379146769e-12	0.0011215995476487898
-3.6243051042324945e-12	0.015861678099473305
-3.4620054741147955e-12	0.13673739749787844
-3.3069737668619735e-12	0.7582735778227072
-3.1588845183757443e-12	2.8800290905123025
-3.0174268391317456e-12	9.972227108186278
-2.8823037615171173e-12	40.32665394531609
-2.753231616394792e-12	76.40099135809145
-2.6299394375858407e-12	54.538680910259096
-2.512168393019632e-12	29.33060440183195
-2.399671241357561e-12	20.170712979647416
-2.2922118129497296e-12	13.672077479161766
-2.1895645140347714e-12	8.195406164436053
-2.091513853142099e-12	4.380434431621905
-1.9978539887022734e-12	2.1232157632276936
-1.908388296915761e-12	0.9477326139073399
-1.8229289589729738e-12	6.587764693115544e-9
-1.7412965667589057e-12	1.111379642112969e-8
-1.663319746214699e-12	1.0973249016282732e-6
-1.588834797565416e-12	4.729878434408829e-5
-1.5176853516587079e-12	0.0011215074020657111
-1.4497220416929979e-12	0.015860361954573677
-1.3848021896459183e-12	0.1367259422030094
-1.3227895067447895e-12	0.7582094744181387
-1.2635538073502978e-12	2.8797838022503264
-1.2069707356526982e-12	9.971381575288866
-1.152921504606847e-12	40.32321214310052
-1.1012926465579169e-12	76.39428839862127
-1.0519757750343362e-12	54.533796413219825
-1.004867357207853e-12	29.3279847041118
-9.598684965430246e-13	20.168915648974245
-9.168847251798917e-13	13.670853240931574
-8.758258056139085e-13	8.194668211360936
-8.366055412568395e-13	4.380037880999905
-7.991415954809093e-13	2.1230225737100064
-7.633553187663044e-13	0.9476459628383403
-7.291715835891894e-13	6.587159537953913e-9
-6.965186267035623e-13	1.1112909361995393e-8
-6.653278984858797e-13	1.0972364673076941e-6
-6.355339190261664e-13	4.729492784693072e-5
-6.070741406634831e-13	0.0011214152635282042
-5.798888166771992e-13	0.01585904591413771
-5.539208758583673e-13	0.13671448783689888
-5.291158026979158e-13	0.7581453763141682
-5.054215229401191e-13	2.87953853457644
-4.827882942610793e-13	9.970536111914827
-4.611686018427388e-13	40.31977062653669
-4.405170586231682e-13	76.38758603634192
-4.207903100137345e-13	54.52891237411308
-4.0194694288314114e-13	29.32536524996137
-3.839473986172086e-13	20.167118483813532
-3.667538900719567e-13	13.66962911642233
-3.5033032224556456e-13	8.193930327564258
-3.346422165027358e-13	4.379641367981645
-3.1965663819236375e-13	2.122829402686059
-3.0534212750652074e-13	0.9475593201385363
-2.916686334356758e-13	6.58655358343014e-9
-2.7860745068142583e-13	1.111202231664507e-8
-2.6613115939435187e-13	1.0971480372487974e-6
-2.5421356761046654e-13	4.7291071614424445e-5
-2.4282965626539245e-13	0.0011213231324902412
-2.3195552667087964e-13	0.015857729982974335
-2.2156835034334765e-13	0.13670303443502013
-2.116463210791663e-13	0.7580812836760734
-2.0216860917604765e-13	2.879293288031505
-1.9311531770443107e-13	9.96969072062564
-1.8446744073709553e-13	40.31632940545247
-1.7620682344926728e-13	76.38088427515086
-1.683161240054938e-13	54.524028787460786
-1.6077877715325645e-13	29.322746037356616
-1.5357895944688342e-13	20.165321483486416
-1.467015560287827e-13	13.668405104890283
-1.4013212889822583e-13	8.193192512377108
-1.3385688660109433e-13	4.379244892094915
-1.278626552769455e-13	2.1226362498737044
-1.221368510026083e-13	0.9474726856593805
-1.1666745337427032e-13	6.585947344929271e-9
-1.1144298027257033e-13	1.1111135320800465e-8
-1.0645246375774074e-13	1.0970596133064648e-6
-1.0168542704418663e-13	4.728721568233963e-5
-9.713186250615699e-14	0.001121231009132663
-9.278221066835187e-14	0.015856414163007832
-8.862734013733905e-14	0.13669158201160406
-8.465852843166653e-14	0.7580171965698775
-8.086744367041906e-14	2.879048062831188
-7.724612708177243e-14	9.968845402433457
-7.378697629483821e-14	40.31288848372561
-7.048272937970691e-14	76.3741831165641
-6.732644960219751e-14	54.51914565107671
-6.431151086130258e-14	29.320127065482335
-6.143158377875337e-14	20.163524647709114
-5.868062241151308e-14	13.667181206028877
-5.605285155929033e-14	8.192454765526625
-5.354275464043773e-14	4.378848453147457
-5.11450621107782e-14	2.1224431151583456
-4.885474040104332e-14	0.9473860593405165
-4.666698134970813e-14	6.585341025683065e-9
-4.457719210902813e-14	1.1110248388517593e-8
-4.2580985503096294e-14	1.0969711962091491e-6
-4.067417081767465e-14	4.7283360064685866e-5
-3.8852745002462796e-14	0.0011211388935254822
-3.711288426734074e-14	0.015855098454975576
-3.545093605493562e-14	0.13668013057206266
-3.386341137266661e-14	0.7579531150208253
-3.2346977468167627e-14	2.878802859058032
-3.089845083270897e-14	9.968000157738317
-2.951479051793528e-14	40.30944786289768
-2.8193091751882763e-14	76.36748256115692
-2.6930579840879007e-14	54.51426296405429
-2.5724604344521032e-14	29.31750833400071
-2.4572633511501348e-14	20.161727976366137
-2.347224896460523e-14	13.665957419716625
-2.2421140623716132e-14	8.191717086905546
-2.141710185617509e-14	4.378452051064121
-2.045802484431128e-14	2.1222499984953065
-1.9541896160417327e-14	0.9472994411584849
-1.866679253988325e-14	6.584734707881495e-9
-1.7830876843611252e-14	1.1109361525426218e-8
-1.7032394201238517e-14	1.0968827862288468e-6
-1.626966832706986e-14	4.727950476670463e-5
-1.5541098000985117e-14	0.0011210467856953748
-1.48451537069363e-14	0.0158537828591598
-1.4180374421974249e-14	0.1366686801184708
-1.3545364549066645e-14	0.7578890390385046
-1.293879098726705e-14	2.878557676743343
-1.235938033308359e-14	9.967154986694345
-1.1805916207174113e-14	40.30600754356658
-1.1277236700753106e-14	76.36078260912679
-1.0772231936351603e-14	54.50938072600796
-1.0289841737808413e-14	29.3148898427654
-9.82905340460054e-15	20.15993146940446
-9.388899585842092e-15	13.664733745900802
-8.968456249486452e-15	8.190979476468822
-8.566840742470036e-15	4.378055685813867
-8.183209937724512e-15	2.1220568998663105
-7.816758464166932e-15	0.9472128311037571
-7.466717015953301e-15	6.5841284284667185e-9
-7.1323507374445e-15	1.110847473423624e-8
-6.8129576804954076e-15	1.0967943835644048e-6
-6.507867330827944e-15	4.727564979214147e-5
-6.216439200394047e-15	0.001120954685657923
-5.938061482774519e-15	0.015852467375717157
-5.672149768789699e-15	0.13665723065196447
-5.418145819626658e-15	0.7578249686280982
-5.17551639490682e-15	2.8783125159033514
-4.9437521332334355e-15	9.966309889367908
-4.722366482869645e-15	40.3025675259619
-4.5108946803012425e-15	76.35408326053297
-4.308892774540641e-15	54.50449893677258
-4.1159366951233654e-15	29.312271591703183
-3.9316213618402156e-15	20.158135126784078
-3.755559834336837e-15	13.663510184543018
-3.587382499794581e-15	8.190241934185503
-3.4267362969880147e-15	4.377659357376054
-3.273283975089805e-15	2.12186381925946
-3.1267033856667727e-15	0.9471262291702078
-2.98668680638132e-15	6.583522196073536e-9
-2.8529402949778004e-15	1.1107588015443669e-8
-2.725183072198163e-15	1.0967059881992572e-6
-2.6031469323311777e-15	4.727179514074318e-5
-2.486575680157619e-15	0.0011208625934143591
-2.3752245931098076e-15	0.015851152004664783
-2.2688599075158797e-15	0.1366457821726587
-2.1672583278506632e-15	0.7577609037900619
-2.070206557962728e-15	2.878067376539558
-1.977500853293374e-15	9.96546486577952
-1.8889465931478582e-15	40.29912781017869
-1.8043578721204968e-15	76.34738451535266
-1.7235571098162564e-15	54.49961759621584
-1.646374678049346e-15	29.309653580762202
-1.5726485447360863e-15	20.156338948485537
-1.5022239337347346e-15	13.66228673562938
-1.4349529999178325e-15	8.18950446004596
-1.3706945187952058e-15	4.377263065744872
-1.3093135900359219e-15	2.1216707566716253
-1.250681354266709e-15	0.9470396353563071
-1.194674722552528e-15	6.5829160128287845e-9
-1.1411761179911202e-15	1.1106701369260325e-8
-1.0900732288792651e-15	1.0966176001670327e-6
-1.041258772932471e-15	4.7267940813127565e-5
-9.946302720630475e-16	0.0011207705089667295
-9.50089837243923e-16	0.015849836746020186
-9.075439630063519e-16	0.13663433468066724
-8.669033311402652e-16	0.7576968445248288
-8.280826231850911e-16	2.877822258652966
-7.910003413173497e-16	9.964619915932488
-7.555786372591432e-16	40.29568839622216
-7.217431488481988e-16	76.340686373549
-6.894228439265025e-16	54.49473670428567
-6.585498712197385e-16	29.30703580991449
-6.290594178944345e-16	20.15454293448925
-6.008895734938939e-16	13.661063399144494
-5.73981199967133e-16	8.188767054039564
-5.482778075180824e-16	4.376866810913916
-5.237254360143688e-16	2.12147771209937
-5.002725417066836e-16	0.9469530496603779
-4.778698890210112e-16	6.582309891758733e-9
-4.56470447196448e-16	1.1105814796464763e-8
-4.3602929155170605e-16	1.0965292194778304e-6
-4.165035091729884e-16	4.726408680944651e-5
-3.9785210882521903e-16	0.0011206784323142985
-3.800359348975692e-16	0.01584852159977115
-3.6301758520254075e-16	0.13662288817588636
-3.467613324561061e-16	0.7576327908318283
-3.3123304927403646e-16	2.877577162241439
-3.1640013652693987e-16	9.963775039820158
-3.0223145490365727e-16	40.292249284065434
-2.886972595392795e-16	76.33398883506429
-2.7576913757060103e-16	54.48985626093719
-2.634199484878954e-16	29.30441827913744
-2.516237671577738e-16	20.152747084780696
-2.4035582939755756e-16	13.659840175078596
-2.295924799868532e-16	8.188029716160495
-2.1931112300723293e-16	4.376470592880069
-2.094901744057475e-16	2.1212846855411875
-2.0010901668267343e-16	0.9468664720817527
-1.911479556084045e-16	6.581703824250228e-9
-1.8258817887857923e-16	1.1104928296526711e-8
-1.7441171662068243e-16	1.0964408461223773e-6
-1.6660140366919535e-16	4.72602331295203e-5
-1.591408435300876e-16	0.0011205863634562298
-1.5201437395902768e-16	0.015847206565907348
-1.452070340810163e-16	0.13661144265822456
-1.3870453298244244e-16	0.7575687427105507
-1.3249321970961458e-16	2.8773320873030483
-1.2656005461077595e-16	9.962930237436534
-1.208925819614629e-16	40.28881047368611
-1.154789038157118e-16	76.32729189985011
-1.1030765502824041e-16	54.48497626613127
-1.0536797939515815e-16	29.301800988409774
-1.0064950686310952e-16	20.150951399345644
-9.614233175902302e-17	13.658617063422033
-9.183699199474127e-17	8.187292446402937
-8.772444920289317e-17	4.376074411640218
-8.379606976229901e-17	2.121091676995565
-8.004360667306938e-17	0.946779902619749
-7.645918224336179e-17	6.581097815759762e-9
-7.303527155143169e-17	1.1104041869829244e-8
-6.976468664827297e-17	1.0963524801235707e-6
-6.664056146767815e-17	4.725637977377486e-5
-6.365633741203505e-17	0.0011204943023940147
-6.080574958361107e-17	0.015845891644441733
-5.808281363240652e-17	0.1365999981277611
-5.5481813192976974e-17	0.7575047001612625
-5.299728788384584e-17	2.8770870338381784
-5.0624021844310384e-17	9.9620855087819
-4.835703278458517e-17	40.28537196507503
-4.619156152628472e-17	76.32059556785468
-4.4123062011296164e-17	54.480096719813346
-4.2147191758063264e-17	29.29918393770246
-4.025980274524381e-17	20.149155878163374
-3.8456932703609207e-17	13.65739406415879
-3.673479679789651e-17	8.186555244756022
-3.508977968115727e-17	4.375678267187929
-3.3518427904919603e-17	2.1208986864590713
-3.201744266922775e-17	0.9466933412727114
-3.058367289734472e-17	6.580491863591135e-9
-2.9214108620572674e-17	1.1103155516164034e-8
-2.790587465930919e-17	1.0962641214685576e-6
-2.6656224587071258e-17	4.725252674192759e-5
-2.5462534964814016e-17	0.0011204022491251432
-2.432229983344443e-17	0.015844576835343533
-2.3233125452962608e-17	0.13658855458425828
-2.2192725277190788e-17	0.7574406631827788
-2.1198915153538333e-17	2.87684200184286
-2.0249608737724152e-17	9.961240853844126
-1.9342813113834068e-17	40.28193375819224
-1.8476624610513888e-17	76.31389983902034
-1.7649224804518467e-17	54.47521762195069
-1.6858876703225304e-17	29.296567126998617
-1.6103921098097522e-17	20.147360521223806
-1.5382773081443683e-17	13.656171177283634
-1.4693918719158603e-17	8.185818111217586
-1.4035911872462908e-17	4.375282159522496
-1.340737116196784e-17	2.120705713931603
-1.28069770676911e-17	0.9466067880406871
-1.2233469158937888e-17	6.579885969230646e-9
-1.1685643448229071e-17	1.1102269235586487e-8
-1.1162349863723676e-17	1.0961757701383988e-6
-1.0662489834828503e-17	4.7248674033657074e-5
-1.0185013985925606e-17	0.0011203102036494896
-9.728919933377772e-18	0.015843262138613645
-9.293250181185044e-18	0.13657711202770587
-8.877090110876316e-18	0.7573766317749528
-8.479566061415333e-18	2.87659699131629
-8.099843495089662e-18	9.960396272622795
-7.737125245533627e-18	40.278495853034464
-7.390649844205555e-18	76.30720471329222
-7.059689921807386e-18	54.470338972477556
-6.743550681290122e-18	29.293950556267415
-6.441568439239009e-18	20.145565328508603
-6.153109232577473e-18	13.654948402783372
-5.877567487663442e-18	8.185081045779102
-5.6143647489851634e-18	4.374886088639049
-5.362948464787136e-18	2.120512759410645
-5.12279082707644e-18	0.9465202429224878
-4.893387663575155e-18	6.579280130424234e-9
-4.674257379291628e-18	1.1101383028034727e-8
-4.46493994548947e-18	1.0960874261714017e-6
-4.264995933931401e-18	4.7244821649604085e-5
-4.074005594370243e-18	0.0011202181659669445
-3.891567973351109e-18	0.015841947554241936
-3.7173000724740175e-18	0.13656567045801432
-3.550836044350526e-18	0.7573126059372883
-3.3918264245661336e-18	2.876352002256435
-3.2399373980358644e-18	9.959551765106859
-3.0948500982134505e-18	40.27505824955276
3.0948500982134505e-18	16.833412019189403
3.2399373980358644e-18	31.840741900377402
3.3918264245661336e-18	76.05465748047628
3.550836044350526e-18	77.13942308851912
3.7173000724740175e-18	22.357627477350974
3.891567973351109e-18	6.288059771177199
4.074005594370243e-18	1.6657960624650796
4.264995933931401e-18	0.27338197690446214
4.46493994548947e-18	0.025632611507880827
4.674257379291628e-18	0.0012778834722689347
4.893387663575155e-18	3.1303788443891964e-5
5.12279082707644e-18	0.0004972747999457228
5.362948464787136e-18	0.002252406849130225
5.6143647489851634e-18	0.009719796824860811
5.877567487663442e-18	0.039375166082758636
6.153109232577473e-18	0.14742181112763905
6.441568439239009e-18	0.5012476613649351
6.743550681290122e-18	1.517538379594598
7.059689921807386e-18	4.001606396673731
7.390649844205555e-18	8.96795726297448
7.737125245533627e-18	16.83486894974713
8.099843495089662e-18	31.843481920694447
8.479566061415333e-18	76.06124585871649
8.877090110876316e-18	77.14635029021925
9.293250181185044e-18	22.359672952145708
9.728919933377772e-18	6.288630665250986
1.0185013985925606e-17	1.6659485670677925
1.0662489834828503e-17	0.2734072648163718
1.1162349863723676e-17	0.025635008032942552
1.1685643448229071e-17	0.0012780042780573353
1.2233469158937888e-17	3.130678183406138e-5
1.28069770676911e-17	0.0004973153213069394
1.340737116196784e-17	0.0022525914366390196
1.4035911872462908e-17	0.00972059823775607
1.4693918719158603e-17	0.03937843325873662
1.5382773081443683e-17	0.14743412439441247
1.6103921098097522e-17	0.5012898154195733
1.6858876703225304e-17	1.517666914154926
1.7649224804518467e-17	4.0019478484258455
1.8476624610513888e-17	8.968728371181623
1.9342813113834068e-17	16.83632600992747
2.0249608737724152e-17	31.846222183562105
2.1198915153538333e-17	76.0678348232503
2.2192725277190788e-17	77.1532781298367
2.3233125452962608e-17	22.361718618887327
2.432229983344443e-17	6.289201612494326
2.5462534964814016e-17	1.6661010859858227
2.6656224587071258e-17	0.2734325551256182
2.790587465930919e-17	0.025637404787544966
2.9214108620572674e-17	0.0012781250955403833
3.058367289734472e-17	3.1309775517218614e-5
3.201744266922775e-17	0.0004973558460715838
3.3518427904919603e-17	0.0022527760397350284
3.508977968115727e-17	0.009721399718718386
3.673479679789651e-17	0.03938170071388665
3.8456932703609207e-17	0.14744643871994645
4.025980274524381e-17	0.501331973122588
4.2147191758063264e-17	1.5177954599155543
4.4123062011296164e-17	4.0022893301423865
4.619156152628472e-17	8.969499547555145
4.835703278458517e-17	16.837783199738592
5.0624021844310384e-17	31.84896268898968
5.299728788384584e-17	76.07442437410056
5.5481813192976974e-17	77.16020660744162
5.808281363240652e-17	22.363764477603365
6.080574958361107e-17	6.289772612913674
6.365633741203505e-17	1.6662536192210102
6.664056146767815e-17	0.27345784783253557
6.976468664827297e-17	0.025639801771720774
7.303527155143169e-17	0.0012782459247197544
7.645918224336179e-17	3.1312769493411584e-5
8.004360667306938e-17	0.0004973963742413792
8.379606976229901e-17	0.0022529606584256235
8.772444920289317e-17	0.00972220126777769
9.183699199474127e-17	0.03938496844832152
9.614233175902302e-17	0.1474587541046303
1.0064950686310952e-16	0.5013741344751805
1.0536797939515815e-16	1.5179240168797419
1.1030765502824041e-16	4.002630841830959
1.154789038157118e-16	8.970270792109591
1.208925819614629e-16	16.839240519203877
1.2656005461077595e-16	31.851703437027844
1.3249321970961458e-16	76.0810145113726
1.3870453298244244e-16	77.16713572304361
1.452070340810163e-16	22.36581052828088
1.5201437395902768e-16	6.290343666506792
1.591408435300876e-16	1.6664061667722647
1.6660140366919535e-16	0.27348314293683845
1.7441171662068243e-16	0.025642198985433573
1.8258817887857923e-16	0.00127836676559301
1.911479556084045e-16	3.1315763762522405e-5
2.0010901668267343e-16	0.0004974369058152655
2.094901744057475e-16	0.0022531452927064383
2.1931112300723293e-16	0.00972300288491726
2.295924799868532e-16	0.039388236461982085
2.4035582939755756e-16	0.1474710705482777
2.516237671577738e-16	0.501416299476842
2.634199484878954e-16	1.518052585046354
2.7576913757060103e-16	4.002972383489629
2.886972595392795e-16	8.971042104843198
3.0223145490365727e-16	16.840697968324285
3.1640013652693987e-16	31.8544444276739
3.3123304927403646e-16	76.08760523507823
3.467613324561061e-16	77.17406547674823
3.6301758520254075e-16	22.367856770966046
3.800359348975692e-16	6.290914773285594
3.9785210882521903e-16	1.6665587286432826
4.165035091729884e-16	0.27350844043924677
4.3602929155170605e-16	0.025644596428762347
4.56470447196448e-16	0.0012784876181648717
4.778698890210112e-16	3.13187583247367e-5
5.002725417066836e-16	0.0004974774407938697
5.237254360143688e-16	0.0022533299425802466
5.482778075180824e-16	0.0097238045701485
5.73981199967133e-16	0.03939150475491273
6.008895734938939e-16	0.14748338805104763
6.290594178944345e-16	0.5014584681280895
6.585498712197385e-16	1.5181811644168595
6.894228439265025e-16	4.0033139551220716
7.217431488481988e-16	8.971813485763747
7.555786372591432e-16	16.84215554711348
7.910003413173497e-16	31.857185660953828
8.280826231850911e-16	76.09419654527528
8.669033311402652e-16	77.18099586859941
9.075439630063519e-16	22.369903205668994
9.50089837243923e-16	6.291485933252946
9.946302720630475e-16	1.6667113048347266
1.041258772932471e-15	0.273533740339848
1.0900732288792651e-15	0.025646994101712107
1.1411761179911202e-15	0.0012786084824353103
1.194674722552528e-15	3.132175318002252e-5
1.250681354266709e-15	0.0004975179791783819
1.3093135900359219e-15	0.002253514608052145
1.3706945187952058e-15	0.009724606323492337
1.4349529999178325e-15	0.03939477332719357
1.5022239337347346e-15	0.1474957066132198
1.5726485447360863e-15	0.501500640429806
1.646374678049346e-15	1.518309754993725
1.7235571098162564e-15	4.0036555567341745
1.8043578721204968e-15	8.972584934882915
1.8889465931478582e-15	16.843613255591066
1.977500853293374e-15	31.85992713690576
2.070206557962728e-15	76.1007884420446
2.1672583278506632e-15	77.1879268986351
2.2688599075158797e-15	22.37194983239306
2.3752245931098076e-15	6.292057146409902
2.486575680157619e-15	1.666863895346538
2.6031469323311777e-15	0.27355904263857156
2.725183072198163e-15	0.025649392004271503
2.8529402949778004e-15	0.00127872935840355
2.98668680638132e-15	3.132474832835352e-5
3.1267033856667727e-15	0.000497558520969131
3.273283975089805e-15	0.002253699289123687
3.4267362969880147e-15	0.009725408144955467
3.587382499794581e-15	0.03939804217885191
3.755559834336837e-15	0.14750802623489992
3.9316213618402156e-15	0.5015428163823521
4.1159366951233654e-15	1.5184383567780622
4.308892774540641e-15	4.003997188328918
4.5108946803012425e-15	8.973356452207627
4.722366482869645e-15	16.845071093770017
4.9437521332334355e-15	31.862668855553128
5.17551639490682e-15	76.10738092544268
5.418145819626658e-15	77.19485856692394
5.672149768789699e-15	22.373996651159526
5.938061482774519e-15	6.292628412762086
6.216439200394047e-15	1.6670165001802562
6.507867330827944e-15	0.27358434733567627
6.8129576804954076e-15	0.025651790136464795
7.1323507374445e-15	0.0012788502460706931
7.466717015953301e-15	3.13277437697377e-5
7.816758464166932e-15	0.0004975990661686519
8.183209937724512e-15	0.0022538839858056462
8.566840742470036e-15	0.009726210034581293
8.968456249486452e-15	0.039401311310050126
9.388899585842092e-15	0.14752034691664265
9.82905340460054e-15	0.5015849959874319
1.0289841737808413e-14	1.5185669697744346
1.0772231936351603e-14	4.004338849916736
1.1277236700753106e-14	8.974128037757357
1.1805916207174113e-14	16.84652906168089
1.235938033308359e-14	31.865410816962637
1.293879098726705e-14	76.11397399559945
1.3545364549066645e-14	77.20179087344317
1.4180374421974249e-14	22.376043661938212
1.48451537069363e-14	6.293199732303677
1.5541098000985117e-14	1.6671691193334979
1.626966832706986e-14	0.2736096544306041
1.7032394201238517e-14	0.025654188498224376
1.7830876843611252e-14	0.0012789711454325257
1.866679253988325e-14	3.13307395040471e-5
1.9541896160417327e-14	0.0004976396147832637
2.045802484431128e-14	0.0022540686981247665
2.141710185617509e-14	0.00972701199247653
2.2421140623716132e-14	0.039404580721184156
2.347224896460523e-14	0.14753266865978504
2.4572633511501348e-14	0.5016271792490781
2.5724604344521032e-14	1.518695593993435
2.6930579840879007e-14	4.00468054152104
2.8193091751882763e-14	8.974899691574146
2.951479051793528e-14	16.84798715938507
3.089845083270897e-14	31.868153021269823
3.2346977468167627e-14	76.12056765276188
3.386341137266661e-14	77.20872381805378
3.545093605493562e-14	22.37809086462544
3.711288426734074e-14	6.2937711050105944
3.8852745002462796e-14	1.6673217527975548
4.067417081767465e-14	0.2736349639214653
4.2580985503096294e-14	0.025656587089329254
4.457719210902813e-14	0.0012790920564753425
4.666698134970813e-14	3.133373553077259e-5
4.885474040104332e-14	0.0004976801668266482
5.11450621107782e-14	0.002254253426138803
5.354275464043773e-14	0.00972781401887111
5.605285155929033e-14	0.03940785041310345
5.868062241151308e-14	0.14754499146718916
6.143158377875337e-14	0.5016693661758885
6.431151086130258e-14	1.5188242294574943
6.732644960219751e-14	4.005022263191037
7.048272937970691e-14	8.975671413745031
7.378697629483821e-14	16.849445387006643
7.724612708177243e-14	31.87089546874079
8.086744367041906e-14	76.12716189738913
8.465852843166653e-14	77.21565740041252
8.862734013733905e-14	22.38013825898706
9.278221066835187e-14	6.294342530825339
9.713186250615699e-14	1.6674744005520081
1.0168542704418663e-13	0.27366027580388497
1.0645246375774074e-13	0.025658985909272514
1.1144298027257033e-13	0.0012792129791678862
1.1666745337427032e-13	3.133673184879691e-5
1.221368510026083e-13	0.0004977207223320202
1.278626552769455e-13	0.0022544381699879388
1.3385688660109433e-13	0.009728616114322214
1.4013212889822583e-13	0.03941112038786381
1.467015560287827e-13	0.14755731534576078
1.5357895944688342e-13	0.5017115567885356
1.6077877715325645e-13	1.518952876220297
1.683161240054938e-13	4.005364015043733
1.7620682344926728e-13	8.976443204474602
1.8446744073709553e-13	16.850903744833573
1.9311531770443107e-13	31.8736381600179
2.0216860917604765e-13	76.13375673058601
2.116463210791663e-13	77.22259161953545
2.2156835034334765e-13	22.382185844394368
2.3195552667087964e-13	6.294914009597611
2.4282965626539245e-13	1.6676270625442449
2.5421356761046654e-13	0.2736855900666962
2.6613115939435187e-13	0.025661384956768
2.7860745068142583e-13	0.0012793339134318162
2.916686334356758e-13	3.133972845544435e-5
3.0534212750652074e-13	0.0004977612813846383
3.1965663819236375e-13	0.0022546229300315595
3.346422165027358e-13	0.009729418280257033
3.5033032224556456e-13	0.039414390650724065
3.667538900719567e-13	0.14756964031314052
3.839473986172086e-13	0.501753751139735
4.0194694288314114e-13	1.5190815344183903
4.207903100137345e-13	4.005705797375396
4.405170586231682e-13	8.977215064277846
4.611686018427388e-13	16.852362233583655
4.827882942610793e-13	31.876381096715576
5.054215229401191e-13	76.1403521550856
5.291158026979158e-13	77.22952647273104
5.539208758583673e-13	22.384233619180094
5.798888166771992e-13	6.295485540927089
6.070741406634831e-13	1.6677797386349464
6.355339190261664e-13	0.2737109066804992
6.653278984858797e-13	0.025663784228437635
6.965186267035623e-13	0.0012794548590610304
7.291715835891894e-13	3.1342725343459225e-5
7.633553187663044e-13	0.0004978018441944631
7.991415954809093e-13	0.0022548077071544827
8.366055412568395e-13	0.009730220520189344
8.758258056139085e-13	0.03941766121462739
9.168847251798917e-13	0.14758196641275334
9.598684965430246e-13	0.501795949359255
1.004867357207853e-12	1.5192102043877118
1.0519757750343362e-12	4.006047610914812
1.1012926465579169e-12	8.977986994420123
1.152921504606847e-12	16.85382085501758
1.2069707356526982e-12	31.87912428275416
1.2635538073502978e-12	76.14694817750974
1.3227895067447895e-12	77.23646195342971
1.3848021896459183e-12	22.38628157925647
1.4497220416929979e-12	6.296057123825816
1.5176853516587079e-12	1.6679324284809234
1.588834797565416e-12	0.27373622557273347
1.663319746214699e-12	0.02566618371594884
1.7412965667589057e-12	0.001279575815546804
1.8229289589729738e-12	3.134572249516142e-5
1.908388296915761e-12	0.0004978424112870393
1.9978539887022734e-12	0.0022549925035722698
2.091513853142099e-12	0.00973102284291588
2.1895645140347714e-12	0.03942093211198742
2.2922118129497296e-12	0.14759429375326674
2.399671241357561e-12	0.5018381517715554
2.512168393019632e-12	1.5193388869683155
2.6299394375858407e-12	4.006389457483201
2.753231616394792e-12	8.978758998062354
2.8823037615171173e-12	16.855279613525713
3.0174268391317456e-12	31.881867727967123
3.1588845183757443e-12	76.1535448144388
3.3069737668619735e-12	77.24339804493006
3.4620054741147955e-12	22.3883297143039
3.6243051042324945e-12	6.296628755804334
3.794213379146769e-12	1.6680851312175935
3.97208699391354e-12	0.27376154656095036
4.1582993655367474e-12	0.025668583398357692
4.3532414168972644e-12	0.0012796967816122314
4.557322397432434e-12	3.134871986601101e-5
4.770970742289403e-12	0.000497882983975773
4.9946349717556835e-12	0.0022551773248202867
5.228784632855247e-12	0.009731825270413452
5.473911285086928e-12	0.03942420342375578
5.7305295323743236e-12	0.1476066226061242
5.9991781033939035e-12	0.5018803591872891
6.28042098254908e-12	1.5194675842581034
6.5748485939646015e-12	4.006731341627613
6.88307904098698e-12	8.979531083090807
7.205759403792793e-12	16.85673852005872
7.543567097829363e-12	31.884611456875252
7.897211295939361e-12	76.16014210718917
8.267434417154934e-12	77.25033470539296
8.65501368528699e-12	22.39037799849639
9.060762760581236e-12	6.297200430630221
9.485533447866924e-12	1.668237844681491
9.93021748478385e-12	0.27378686918864203
1.039574841384187e-11	0.025670983223268537
1.0883103542243161e-11	0.0012798177540623477
1.1393305993581086e-11	3.135171734458597e-5
1.1927426855723505e-11	0.0004979235655438363
1.2486587429389208e-11	0.0022553621847357552
1.3071961582138117e-11	0.009732627857617922
1.368477821271732e-11	0.03942747535229027
1.4326323830935808e-11	0.147618953649801
1.4997945258484758e-11	0.5019225736324198
1.5701052456372703e-11	1.5195963014999117
1.6437121484911504e-11	4.007073274710117
1.720769760246745e-11	8.980303269208166
1.8014398509481985e-11	16.858197601963727
1.8858917744573408e-11	31.887355530725245
1.9743028239848403e-11	76.1667401589089
2.0668586042887337e-11	77.25727183003731
2.163753421321747e-11	22.392426367207463
2.265190690145309e-11	6.297772132704414
2.371383361966731e-11	1.6683905634588443
2.4825543711959625e-11	0.2738121923136109
2.5989371034604672e-11	0.025673383059600187
2.7207758855607903e-11	0.0012799387249041538
2.8483264983952715e-11	3.135471465202919e-5
2.9818567139308763e-11	0.0004979641641963527
3.121646857347302e-11	0.0022555471178993414
3.2679903955345294e-11	0.009733430741817227
3.42119455317933e-11	0.039430748403282326
3.581580957733952e-11	0.14763128857975724
3.7494863146211896e-11	0.5019648001695088
3.925263114093175e-11	1.5197250517939627
4.1092803712278756e-11	4.007415285118628
4.301924400616863e-11	8.981075605634572
4.503599627370496e-11	16.859656927543323
4.714729436143352e-11	31.89010010250604
4.935757059962101e-11	76.17333922718524
5.167146510721834e-11	77.26420915670003
5.409383553304368e-11	22.3944746588189
5.662976725363273e-11	6.2983438230136874
5.928458404916827e-11	1.6685432740114785
6.206385927989906e-11	0.2738375130798391
6.497342758651168e-11	0.02567578257961276
6.801939713901976e-11	0.0012800596741527456
7.120816245988178e-11	3.13577110908167e-5
7.45464178482719e-11	0.0004980048004497061
7.804117143368256e-11	0.002255732210776649
8.169975988836323e-11	0.009734234266280393
8.552986382948326e-11	0.03943402384111553
8.953952394334881e-11	0.1476436316350349
9.373715786552974e-11	0.5020070514556291
9.813157785232939e-11	1.519853867890871
1.027320092806969e-10	4.007757443817283
1.0754811001542157e-10	8.981848215394193
1.125899906842624e-10	16.861116667482573
1.178682359035838e-10	31.89284555458589
1.2339392649905252e-10	76.17993995565828
1.2917866276804584e-10	77.27114602912275
1.352345888326092e-10	22.396522468949723
1.4157441813408183e-10	6.298915403936887
1.4821146012292068e-10	1.6686959424676007
1.5515964819974767e-10	0.27386282434234505
1.624335689662792e-10	0.02567818096344042
1.700484928475494e-10	0.0012801805518125057
1.7802040614970448e-10	3.1360704915100315e-5
1.8636604462067977e-10	0.0004980455255875221
1.951029285842064e-10	0.0022559176794982446
2.0424939972090808e-10	0.009735039289035581
2.1382465957370812e-10	0.03943730482615644
2.23848809858372e-10	0.14765599341101004
2.3434289466382435e-10	0.5020493591258135
2.453289446308235e-10	1.5199828316436659
2.568300232017422e-10	4.008099928153811
2.688702750385539e-10	8.982621405905627
2.81474976710656e-10	16.86257724822461
2.9467058975895954e-10	31.895592842378427
3.084848162476313e-10	76.18654395224357
3.229466569201146e-10	77.27808080541897
3.38086472081523e-10	22.398568786264587
3.5393604533520453e-10	6.299486631310915
3.7052865030730173e-10	1.6688484841178686
3.878991204993691e-10	0.27388810823366877
4.06083922415698e-10	0.02568057616095934
4.2512123211887347e-10	0.0012803012328627503
4.450510153742612e-10	3.136369175722076e-5
4.659151115516994e-10	0.0004980864678156418
4.877573214605159e-10	0.002256104064370772
5.106234993022702e-10	0.009735847955044808
5.345616489342703e-10	0.039440599258779616
5.5962202464593e-10	0.14766840039368628
5.858572366595609e-10	0.5020918022578661
6.133223615770587e-10	1.5201121476506392
6.420750580043556e-10	4.008443181394205
6.721756875963849e-10	8.983395945453179
7.0368744177664e-10	16.864039735335123
7.366764743973988e-10	31.89834435348129
7.712120406190783e-10	76.19315523437609
8.073666423002865e-10	77.28500937724728
8.452161802038075e-10	22.400611081142433
8.848401133380114e-10	6.3000568943828705
9.263216257682543e-10	1.6690006870904557
9.697478012484228e-10	0.27391332006756786
1.015209806039245e-9	0.025682963045127266
1.0628030802971836e-9	0.0012804214046362008
1.1126275384356529e-9	3.136666068903886e-5
1.1647877788792485e-9	0.0004981279476291071
1.2193933036512899e-9	0.0022562927160630843
1.2765587482556754e-9	0.009736665626251084
1.3364041223356758e-9	0.03944392688785581
1.3990550616148251e-9	0.14768091878961645
1.4646430916489022e-9	0.5021345785148502
1.5333059039426467e-9	1.5202423273037868
1.605187645010889e-9	4.0087883114066
1.6804392189909622e-9	8.984173754028053
1.7592186044416e-9	16.865506791286748
1.841691185993497e-9	31.901106054290857
1.9280301015476955e-9	76.19978383928829
2.0184166057507163e-9	77.29192146534228
2.113040450509519e-9	22.40264302668563
2.2121002833450285e-9	6.300624665481762
2.3158040644206357e-9	1.669152021483912
2.4243695031210573e-9	0.27393834808955186
2.5380245150981126e-9	0.025685328794605597
2.657007700742959e-9	0.001280540285217002
2.7815688460891322e-9	3.1369584370067294e-5
2.9119694471981214e-9	0.0004981707662423973
3.0484832591282247e-9	0.002256487011109639
3.191396870639189e-9	0.009737505706780102
3.3410103058391895e-9	0.03944733708193325
3.497637654037063e-9	0.14769371409911508
3.6616077291222557e-9	0.5021781819905997
3.833264759856617e-9	1.5203746488610776
4.012969112527222e-9	4.0091380871985
4.201098047477405e-9	8.98495962994411
4.398046511104e-9	16.86698506884311
4.6042279649837425e-9	31.903892854757867
4.820075253869239e-9	76.20645484491388
5.046041514376791e-9	77.29879134973297
5.282601126273797e-9	22.404648798108326
5.530250708362571e-9	6.301186123360899
5.78951016105159e-9	1.6693011619571956
6.060923757802643e-9	0.2739629128095007
6.345061287745282e-9	0.025687641346062568
6.642519251857398e-9	0.0012806559191856505
6.95392211522283e-9	3.1372394403908896e-5
7.279923617995304e-9	0.0004982169266329605
7.621208147820563e-9	0.0022566953904898956
7.978492176597972e-9	0.009738401705053534
8.352525764597973e-9	0.03945095325288264
8.744094135092657e-9	0.14770720003089458
9.154019322805639e-9	0.5022238477521366
9.58316189964154e-9	1.520512307385301
1.0032422781318056e-8	4.009499429560288
1.0502745118693512e-8	8.985765564678152
1.099511627776e-8	16.868491191142663
1.1510569912459357e-8	31.90674201428915
1.2050188134673098e-8	76.21323090718596
1.2615103785941977e-8	77.30555467621231
1.3206502815684493e-8	22.406588815149767
1.3825626770906428e-8	6.301731709879175
1.4473775402628974e-8	1.6694447937464272
1.5152309394506606e-8	0.27398631525611516
1.5862653219363203e-8	0.025689820518608755
1.6606298129643494e-8	0.0012807634167458393
1.7384805288057076e-8	3.137491973135969e-5
1.819980904498826e-8	0.0004982714362707247
1.9053020369551404e-8	0.002256938956434303
1.994623044149493e-8	0.009739437389997123
2.0881314411494936e-8	0.039455083915029145
2.186023533773164e-8	0.1477224107768202
2.2885048307014098e-8	0.5022746631095403
2.3957904749103853e-8	1.5206632891985725
2.508105695329514e-8	4.009889636331573
2.6256862796733782e-8	8.986621526338403
2.74877906944e-8	16.870066694219215
2.877642478114839e-8	31.90974664325487
3.012547033668274e-8	76.22026856680056
3.1537759464854944e-8	77.31205042146996
3.301625703921123e-8	22.408364082268463
3.456406692726607e-8	6.302237517265308
3.618443850657244e-8	1.6695746264901181
3.788077348626652e-8	0.27400680741249045
3.965663304840801e-8	0.025691665811640892
4.1515745324108734e-8	0.0012808505519179534
4.346201322014269e-8	3.137673280310292e-5
4.549952261247065e-8	0.0004983468148923359
4.763255092387851e-8	0.0022572704678233443
4.9865576103737325e-8	0.009740822193446378
5.220328602873734e-8	0.039460500363115554
5.46505883443291e-8	0.14774193175762082
5.721262076753524e-8	0.502338345778182
5.989476187275963e-8	1.5208475573955347
6.270264238323785e-8	4.01035194266613
6.564215699183446e-8	8.987602409480608
6.8719476736e-8	16.871815363905185
7.194106195287098e-8	31.913139425597183
7.531367584170686e-8	76.2279589172985
7.884439866213736e-8	77.31787567095868
8.254064259802807e-8	22.409727004516274
8.641016731816518e-8	6.302643746454532
9.046109626643109e-8	1.6696699263167551
9.47019337156663e-8	0.27402001796640546
9.914158262102003e-8	0.025692675907174455
1.0378936331027184e-7	0.0012808867665123323
1.0865503305035673e-7	3.137676669139725e-5
1.1374880653117662e-7	0.0004984743707836384
1.1908137730969629e-7	0.00225782185446037
1.246639402593433e-7	0.009743079812703566
1.3050821507184335e-7	0.03946913115655013
1.3662647086082276e-7	0.14777222727434436
1.430315519188381e-7	0.5024341907866856
1.497369046818991e-7	1.521115017006872
1.5675660595809464e-7	4.010994418817218
1.6410539247958613e-7	8.988895391678968
1.7179869184e-7	16.873996532278767
1.7985265488217743e-7	31.917501863772433
1.8828418960426715e-7	76.23727898537001
1.971109966553434e-7	77.32202218219244
2.0635160649507018e-7	22.41005837032031
2.1602541829541292e-7	6.302800834886312
2.261527406660777e-7	1.6696788428440978
2.3675483428916573e-7	0.27401501673462575
2.478539565525501e-7	0.025691597685817368
2.594734082756796e-7	0.0012807957477727718
2.7163758262589184e-7	3.137236962082591e-5
2.8437201632794157e-7	0.0004987324364080118
2.977034432742407e-7	0.002258923174823212
3.1165985064835826e-7	0.009747520373473763
3.262705376796084e-7	0.03948580038193293
3.415661771520569e-7	0.1478294655757855
3.575788797970953e-7	0.5026104509991789
3.743422617047477e-7	1.521590449500631
3.9189151489523657e-7	4.012087234314567
4.1026348119896534e-7	8.990968305394519
4.294967296e-7	16.877258220569075
4.496316372054436e-7	31.924287342994937
4.707104740106679e-7	76.25066920052546
4.927774916383585e-7	77.32196656124162
5.158790162376754e-7	22.4078098497139
5.400635457385323e-7	6.302334772607778
5.653818516651943e-7	1.669471737558845
5.918870857229143e-7	0.27396448151436936
6.196348913813751e-7	0.025685300932601487
6.48683520689199e-7	0.001280387333936867
6.790939565647296e-7	3.13570181205169e-5
7.109300408198538e-7	0.0004993172439946618
7.442586081856018e-7	0.0022614011149147835
7.791496266208957e-7	0.009757425078515443
8.156763441990209e-7	0.03952258676095202
8.539154428801423e-7	0.14795412124533158
8.939471994927382e-7	0.5029878810559758
9.358556542618692e-7	1.5225860168015002
9.797287872380915e-7	4.014306036768001
1.0256587029974134e-6	8.994990679144534
1.073741824e-6	16.883219856013422
1.1240790930136089e-6	31.937129333999845
1.1767761850266678e-6	76.27422301416237
1.2319437290958982e-6	77.31139091522961
1.2896975405941886e-6	22.399111500304627
1.3501588643463309e-6	6.300310645955004
1.4134546291629856e-6	1.66872465049584
1.4797177143072835e-6	0.2738001651449677
1.5490872284534404e-6	0.025665979999062383
1.6217088017229976e-6	0.001279190264506826
1.697734891411824e-6	3.131508967804231e-5
1.7773251020496348e-6	0.0005007219240346532
1.8606465204640015e-6	0.0022673322259964476
1.9478740665522424e-6	0.009781034725721017
2.0391908604975524e-6	0.039609807188309205
2.1347886072003556e-6	0.14824773619412562
2.2348679987318455e-6	0.5038692012186416
2.3396391356546694e-6	1.5248836525500795
2.4493219680952324e-6	4.019342001803675
2.5641467574935333e-6	9.003887621239853
2.68435456e-6	16.895929371755283
2.8101977325340225e-6	31.965117407254624
2.9419404625666695e-6	76.32314079600438
3.0798593227397456e-6	77.27446188984472
3.2242438514854718e-6	22.37430091973083
3.375397160865827e-6	6.2943937693286784
3.533636572907464e-6	1.6666290721423098
3.6992942857682087e-6	0.27335190942774734
3.872718071133601e-6	0.025614254468211927
4.054272004307494e-6	0.0012760530064056148
4.24433722852956e-6	3.1211881483452166e-5
4.443312755124087e-6	0.0005041954263537322
4.651616301160004e-6	0.0022819701638275226
4.869685166380606e-6	0.009839190789427998
5.09797715124388e-6	0.03982401786845615
5.336971518000889e-6	0.14896643747091534
5.587169996829613e-6	0.5060166017413986
5.849097839136674e-6	1.5304483235304123
6.123304920238081e-6	4.031437564752772
6.4103668937338335e-6	9.0249839586264
6.7108864e-6	16.92551080447029
7.025494331335056e-6	32.031026953438165
7.354851156416673e-6	76.43525109928147
7.699648306849364e-6	77.17140610739474
8.06060962871368e-6	22.309317314912093
8.438492902164567e-6	6.278768428589971
8.834091432268661e-6	1.6611737543018004
9.248235714420522e-6	0.27219742405148384
9.681795177834002e-6	0.02548253141862596
1.0135680010768735e-5	0.0012682649770738234
1.0610843071323899e-5	3.098794605230876e-5
1.1108281887810218e-5	0.0005129626034997538
1.1629040752900008e-5	0.002318844571037354
1.2174212915951514e-5	0.00998551515982332
1.2744942878109702e-5	0.040361454492265685
1.3342428795002223e-5	0.15076495440662913
1.3967924992074034e-5	0.5113698292103793
1.4622744597841684e-5	1.5442573507210002
1.5308262300595205e-5	4.061293422689651
1.6025917234334584e-5	9.076676536320234
1.6777216e-5	16.997320268550393
1.756373582833764e-5	32.19215412014583
1.8387127891041685e-5	76.70412755833325
1.9249120767123408e-5	76.90174255731604
2.01515240717842e-5	22.144646335324538
2.109623225541142e-5	6.239038104292155
2.2085228580671653e-5	1.647396297506418
2.3120589286051304e-5	0.2693008599601913
2.4204487944585006e-5	0.02515722254444662
2.5339200026921837e-5	0.0012501033329650286
2.652710767830975e-5	3.0663745420522e-5
2.7770704719525543e-5	0.0005357501956903351
2.9072601882250022e-5	0.0024143354022680467
3.043553228987879e-5	0.010363818665007836
3.1862357195274255e-5	0.04174375438519583
3.335607198750556e-5	0.15537204424631135
3.491981248018508e-5	0.5249961145869284
3.655686149460421e-5	1.5791656998668688
3.8270655751488006e-5	4.136261063089224
4.006479308583646e-5	9.205501348810417
4.194304e-5	17.175074164773868
4.39093395708441e-5	32.594054799675
4.596781972760421e-5	77.35752330814225
4.812280191780852e-5	76.20824009244704
5.03788101794605e-5	21.73557390027488
5.274058063852855e-5	6.140125201968086
5.521307145167913e-5	1.6133043314525184
5.780147321512826e-5	0.26219618553623725
6.0511219861462516e-5	0.024387695254239523
6.334800006730459e-5	0.0012137864811875235
6.631776919577437e-5	3.130950434320817e-5
6.942676179881386e-5	0.0005989176222872786
7.268150470562505e-5	0.0026766969101345846
7.608883072469697e-5	0.011398757619388222
7.965589298818563e-5	0.045480473860394194
8.339017996876389e-5	0.16771009911072443
8.72995312004627e-5	0.5609687209693877
9.139215373651052e-5	1.6699288932265268
9.567663937872002e-5	4.328457890050196
0.00010016198271459114	9.531074542028666
0.0001048576	17.62002105977281
0.00010977334892711025	33.615101319481546
0.00011491954931901053	78.92412837330451
0.0001203070047945213	74.41404924309761
0.00012594702544865125	20.745613768873376
0.00013185145159632137	5.89997511313433
0.00013803267862919782	1.5314322594478444
0.00014450368303782065	0.24546127348606336
0.0001512780496536563	0.02274745702271076
0.00015837000016826147	0.0011794555032113164
0.00016579442298943594	4.1360030482355766e-5
0.00017356690449703464	0.0008035952460618893
0.00018170376176406263	0.0035076154404786847
0.00019022207681174241	0.01462871233853314
0.0001991397324704641	0.05681488756886763
0.00020847544992190972	0.2042393430981929
0.00021824882800115678	0.6638655174621693
0.00022848038434127632	1.9202365727448265
0.00023919159844680004	4.840689195572698
0.00025040495678647787	10.369608834574386
0.000262144	18.74407225831167
0.00027443337231777566	36.287121386030485
0.0002872988732975263	82.43357711873087
0.00030076751198630325	69.66567459381935
0.0003148675636216281	18.484184998486967
0.0003296286289908034	5.346403931367036
0.00034508169657299456	1.3474444347684094
0.00036125920759455163	0.2097089838895709
0.0003781951241341407	0.02028810982993767
0.0003959250004206537	0.0014328755461679183
0.00041448605747358984	0.0001102140377710066
0.0004339172612425866	0.0017696045111644254
0.0004542594044101566	0.00720040954891795
0.0004755551920293561	0.028237463915653332
0.0004978493311761602	0.10148009711901394
0.0005211886248047743	0.33913853226654667
0.0005456220700028919	1.0142079379501234
0.0005712009608531907	2.7020593437144353
0.0005979789961170002	6.3116272362812005
0.0006260123919661946	12.58625465393911
0.00065536	21.628182665482807
0.0006860834307944391	43.684568377320026
0.0007182471832438158	88.27507557715349
0.0007519187799657582	57.11139485887482
0.0007871689090540703	14.049408546685266
0.0008240715724770085	4.229344487127353
0.0008627042414324864	0.997260442444569
0.0009031480189863791	0.15207487825411575
0.0009454878103353518	0.022365637085912878
0.0009898125010516343	0.0041482590620556545
0.0010362151436839745	0.00045971423409816594
0.0010847931531064664	0.011705804366153882
0.0011356485110253914	0.03982570272752895
0.00118888798007339	0.1303039474972592
0.0012446233279404006	0.38833934698453043
0.001302971562011936	1.0706134190704606
0.00136405517500723	2.5892170774223087
0.001428002402132977	5.580193879247197
0.0014949474902925003	10.735321346787865
0.0015650309799154867	18.114655216196912
0.0016384	29.329498840707082
0.0017152085769860962	63.782504077445324
0.0017956179581095394	82.78924213043291
0.0018797969499143954	30.602716937010957
0.0019679222726351774	8.138398844234993
0.0020601789311925213	2.6023532958286633
0.0021567606035812143	0.5470311038705268
0.0022578700474659478	0.14438509508654182
0.0023637195258383796	0.050915724990307776
0.0024745312526290877	0.018600894145011038
0.0025905378592099362	0.0011665239279520314
0.002711982882766164	0.26126013243804524
0.0028391212775634787	0.6361856869241155
0.002972219950183475	1.4527221023568986
0.0031115583198510037	3.046382097178675
0.0032574289050298394	5.74374748582506
0.003410137937518072	9.294687489139857
0.003570006005332442	13.568101549214775
0.0037373687257312507	19.120429954303408
0.00391257744978872	27.628865257870935
0.004096	53.845217686287526
0.004288021442465241	71.05982353344952
0.004489044895273848	30.01636547468291
0.004699492374785988	9.28346679982126
0.004919805681587943	4.218291998015876
0.005150447327981303	1.2374342292339295
0.005391901508953035	0.44606600577036504
0.005644675118664869	0.40260229920757773
0.005909298814595948	0.12425250431769008
0.006186328131572719	0.04944932377681033
0.006476344648024841	0.0014135154563186022
0.00677995720691541	3.495739617295448
0.007097803193908697	5.432174974337403
0.007430549875458688	8.036286371811597
0.00777889579962751	10.52499277667786
0.0081435722625746	11.972721662793296
0.00852534484379518	12.60832116797216
0.008925015013331105	16.30648033243346
0.009343421814328127	27.49009544013781
0.0097814436244718	46.675068558887375
0.01024	36.757747288182664
0.010720053606163103	14.179787416903876
0.011222612238184621	7.416669396758181
0.011748730936964972	4.306965149190826
0.012299514203969858	1.824393011871307
0.012876118319953259	0.9422000097479044
0.013479753772382589	0.9519847339509583
0.014111687796662173	0.3957757867541467
0.014773247036489872	0.34109255734275584
0.015465820328931797	0.02675431127290089
0.016190861620062103	0.043732541817891164
0.016949893017288525	5.845017817570393
0.017744507984771743	8.96327926177833
0.018576374688646723	12.438415447358189
0.019447239499068774	12.900545339612469
0.020358930656436496	13.281347530898975
0.02131336210948795	16.68997427743301
0.022312537533327764	22.821405417719397
0.02335855453582032	20.156653339569818
0.0244536090611795	7.512939311124139
0.0256	2.1500359959793123
0.026800134015407755	1.5321400822510056
0.028056530595461555	2.8167903707855015
0.029371827342412428	3.9201727784534706
0.030748785509924645	4.169639535356665
0.03219029579988315	3.7000958680775256
0.03369938443095647	2.270861757954233
0.03527921949165543	1.2248917855593164
0.03693311759122468	0.19984700609317865
0.038664550822329495	0.04508840344454321
0.040477154050155256	0.06214909425643983
0.04237473254322131	5.894386639299697
0.04436126996192936	6.700806824131637
0.0464409367216168	9.46575689613372
0.04861809874767194	12.155886709948449
0.05089732664109124	10.851155465769441
0.05328340527371987	4.482667177812278
0.05578134383331941	1.0798720437524736
0.05839638633955079	1.0634992427635273
0.06113402265294875	2.5589623603584757
0.064	2.2138900202482588
0.06700033503851939	1.1435315864070374
0.07014132648865391	1.2489715563092294
0.07342956835603104	2.069713068559179
0.0768719637748116	2.3025384971119
0.08047573949970786	2.0426873376508476
0.08424846107739119	1.765949669828749
0.08819804872913861	2.0870203399482246
0.09233279397806166	1.4645516526893407
0.09666137705582374	0.6267003291800615
0.10119288512538814	0.807206572651722
0.10593683135805329	3.007846241151881
0.11090317490482343	4.407735680832236
0.11610234180404196	9.152035441825014
0.12154524686917983	3.0170814296084436
0.1272433166027281	0.9657709628448037
0.1332085131842997	0.23850747872187647
0.13945335958329858	0.2725466966246077
0.1459909658488769	0.9181812355747627
0.15283505663237187	1.4726000036655627
0.16000000000000003	0.9888104603269184
0.16750083759629847	0.8272308253790286
0.17535331622163478	1.2275847358463001
0.1835739208900776	1.6770949094294818
0.19217990943702903	1.9873540144511233
0.20118934874926966	1.9553349062334033
0.21062115269347795	2.6817033790038796
0.22049512182284653	3.464236629651184
0.23083198494515414	2.008674306385307
0.24165344263955935	1.8888923773126367
0.25298221281347033	0.7268674127799509
0.2648420783951332	3.4073440236760613
0.2772579372620586	4.7816198712831754
0.2902558545101049	6.582140103352137
0.3038631171729496	8.78748653517186
0.31810829150682024	15.14796591573488
0.3330212829607492	23.16765301634068
0.34863339895824647	23.390174311733407
0.3649774146221923	22.52900155641726
0.38208764158092967	24.67444607366507
0.4	13.7524326779976
0.41875209399074625	3.90168751443234
0.438383290554087	0.8391884488860859
0.458934802225194	0.2245041122482149
0.48044977359257246	0.3851508708945437
0.5029733718731741	0.5347851370914039
0.526552881733695	0.6874137166910474
0.5512378045571164	1.3630180801279967
0.5770799623628854	0.9213563703150991
0.6041336065988983	0.35390263738467387
0.6324555320336759	0.23582569665613926
0.6621051959878331	0.36506660671278124
0.6931448431551465	0.1981821279990013
0.7256396362752623	0.18100707647408235
0.7596577929323739	0.09802966083163407
0.7952707287670506	0.02691255919211587
0.8325532074018732	0.00669575336423582
0.8715834973956161	0.008038728354028494
0.9124435365554808	0.014712977015056772
0.955219103952324	0.023368642059006624
1.0	0.031887815862536625
