-1.0	0.004026806670498174
-0.955219103952324	0.011887501460563743
-0.9124435365554808	0.022358250642504015
-0.8715834973956161	0.03764847836188435
-0.8325532074018732	0.06484996040513864
-0.7952707287670506	0.08275720098535164
-0.7596577929323739	0.04089324003617025
-0.7256396362752623	0.020318503861222165
-0.6931448431551465	0.027549213720087683
-0.6621051959878331	0.029191575143628277
-0.6324555320336759	0.024025190450705117
-0.6041336065988983	0.032061477417040886
-0.5770799623628854	0.22285900617016674
-0.5512378045571164	0.3568183618762351
-0.526552881733695	0.9090580088608841
-0.5029733718731741	1.2493285333971291
-0.48044977359257246	0.9284262258432028
-0.458934802225194	0.9381859251816929
-0.438383290554087	0.4492271734112176
-0.41875209399074625	0.12042412152627649
-0.4	0.10255364500741787
-0.38208764158092967	0.1690804440826314
-0.3649774146221923	0.08936787236440107
-0.34863339895824647	0.039253976805233355
-0.3330212829607492	0.04952973784919397
-0.31810829150682024	0.5432293197034535
-0.3038631171729496	1.8072542434268113
-0.2902558545101049	1.5417437515069385
-0.2772579372620586	0.9877342367412187
-0.2648420783951332	2.202243754653221
-0.25298221281347033	5.2222906615263796
-0.24165344263955935	6.570532319504085
-0.23083198494515414	6.806996338448952
-0.22049512182284653	6.034562074107602
-0.21062115269347795	8.843233883341034
-0.20118934874926966	13.467371545527492
-0.19217990943702903	45.92215596304434
-0.1835739208900776	53.27443685156372
-0.17535331622163478	23.579984136615128
-0.16750083759629847	13.5306930428944
-0.16000000000000003	5.381852714630136
-0.15283505663237187	1.7319513096727175
-0.1459909658488769	0.7729558283563979
-0.13945335958329858	2.3390845738105517
-0.1332085131842997	7.274142918916377
-0.1272433166027281	6.4699333783974255
-0.12154524686917983	5.2638418577134525
-0.11610234180404196	6.3148506669190265
-0.11090317490482343	8.313318943049277
-0.10593683135805329	7.560172331171346
-0.10119288512538814	3.8029105885600556
-0.09666137705582374	1.5691589352765045
-0.09233279397806166	1.6562061260232885
-0.08819804872913861	4.250062820667301
-0.08424846107739119	3.045662786136266
-0.08047573949970786	1.34537982444071
-0.0768719637748116	0.5193243424988149
-0.07342956835603104	0.9738410149994623
-0.07014132648865391	0.8929925526731779
-0.06700033503851939	0.8808611183850558
-0.064	0.8946468446100011
-0.06113402265294875	1.9508919056953333
-0.05839638633955079	5.606552454313715
-0.05578134383331941	5.220303358637218
-0.05328340527371987	4.923349479391613
-0.05089732664109124	5.9884539789714415
-0.04861809874767194	6.181620392803366
-0.0464409367216168	6.258620475170084
-0.04436126996192936	7.3580414669977205
-0.04237473254322131	5.258550006968897
-0.040477154050155256	1.9400693953853116
-0.038664550822329495	1.4399891233095434
-0.03693311759122468	12.244733245944392
-0.03527921949165543	7.279470260359322
-0.03369938443095647	3.6081076290623475
-0.03219029579988315	2.319479920419066
-0.030748785509924645	0.4658104498199
-0.029371827342412428	0.5395126917570264
-0.028056530595461555	0.3945401154635019
-0.026800134015407755	0.2828239612048831
-0.0256	1.2564160238712856
-0.0244536090611795	2.529702377111475
-0.02335855453582032	0.899917435241339
-0.022312537533327764	1.411799721482584
-0.02131336210948795	3.8296945408419947
-0.020358930656436496	6.656871134090315
-0.019447239499068774	6.569311626878052
-0.018576374688646723	5.6357622614680745
-0.017744507984771743	5.846056631523308
-0.016949893017288525	13.214847745307472
-0.016190861620062103	22.041662735576747
-0.015465820328931797	15.48373502272697
-0.014773247036489872	7.1891327567294905
-0.014111687796662173	4.7969291689100455
-0.013479753772382589	4.813759128169667
-0.012876118319953259	5.056204564229684
-0.012299514203969858	0.04562315588373982
-0.011748730936964972	0.011689394029323959
-0.011222612238184621	0.0031654856309151886
-0.010720053606163103	0.15283344060093287
-0.01024	0.9296253225410973
-0.0097814436244718	0.4297292374178193
-0.009343421814328127	0.05959150405606398
-0.008925015013331105	0.5728779988854495
-0.00852534484379518	1.5724374859844208
-0.0081435722625746	2.0364030366457375
-0.00777889579962751	4.579692094134787
-0.007430549875458688	12.704601992653684
-0.007097803193908697	35.83907221448068
-0.00677995720691541	52.049942122588455
-0.006476344648024841	36.318150514329076
-0.006186328131572719	20.835839544000663
-0.005909298814595948	14.412306999482064
-0.005644675118664869	9.673679970049982
-0.005391901508953035	5.9309907376916104
-0.005150447327981303	3.2742666480255718
-0.004919805681587943	0.010070003356153451
-0.004699492374785988	0.0012169521305807679
-0.004489044895273848	0.0022182638839094273
-0.004288021442465241	0.09641204858539804
-0.004096	0.22713872445577984
-0.00391257744978872	0.04678508410113921
-0.0037373687257312507	0.09730245334050758
-0.003570006005332442	0.5696306022286826
-0.003410137937518072	1.434356724244576
-0.0032574289050298394	3.982571871986394
-0.0031115583198510037	12.352464942636008
-0.002972219950183475	41.33506554613124
-0.0028391212775634787	66.31899170799171
-0.002711982882766164	45.57840949760354
-0.0025905378592099362	25.117311011715163
-0.0024745312526290877	17.026970750286996
-0.0023637195258383796	11.493497262479956
-0.0022578700474659478	6.895627721296717
-0.0021567606035812143	3.7367151850913327
-0.0020601789311925213	1.8460357781290648
-0.0019679222726351774	0.0007217869269701796
-0.0018797969499143954	5.870802863065603e-5
-0.0017956179581095394	0.000951653620221497
-0.0017152085769860962	0.026023435604905686
-0.0016384	0.03715024792146342
-0.0015650309799154867	0.013294409700239353
-0.0014949474902925003	0.10331360653551355
-0.001428002402132977	0.5559745883390415
-0.00136405517500723	2.0368560728761205
-0.001302971562011936	6.400623884594454
-0.0012446233279404006	24.369071567189422
-0.00118888798007339	65.00080058643314
-0.0011356485110253914	65.24904031539123
-0.0010847931531064664	35.48431998512268
-0.0010362151436839745	22.12010606290932
-0.0009898125010516343	15.419357948661293
-0.0009454878103353518	9.756866282679987
-0.0009031480189863791	5.492801827153071
-0.0008627042414324864	2.7959575549737465
-0.0008240715724770085	1.3065900882542423
-0.0007871689090540703	6.963595982244854e-5
-0.0007519187799657582	5.016628750834757e-6
-0.0007182471832438158	0.000233819622211024
-0.0006860834307944391	0.005059583174908268
-0.00065536	0.006374157714252869
-0.0006260123919661946	0.012931428805428961
-0.0005979789961170002	0.1148460786153261
-0.0005712009608531907	0.6454509371739328
-0.0005456220700028919	2.48932210377651
-0.0005211886248047743	8.202814956195695
-0.0004978493311761602	33.03549768826646
-0.0004755551920293561	73.56014154849971
-0.0004542594044101566	60.37611093604997
-0.0004339172612425866	32.00604094163584
-0.00041448605747358984	21.229074479217775
-0.0003959250004206537	14.622364333214643
-0.0003781951241341407	8.973837857792146
-0.00036125920759455163	4.905748867059975
-0.00034508169657299456	2.4289213055183283
-0.0003296286289908034	1.1061453155301388
-0.0003148675636216281	8.76741845160316e-6
-0.00030076751198630325	6.271933001916009e-7
-0.0002872988732975263	4.3770350871523394e-5
-0.00027443337231777566	0.0008730834301988168
-0.000262144	0.0018069591187986123
-0.00025040495678647787	0.014248599745905442
-0.00023919159844680004	0.1253247664179108
-0.00022848038434127632	0.705594023090293
-0.00021824882800115678	2.7140233772077402
-0.00020847544992190972	9.180504967990132
-0.0001991397324704641	37.27945651671412
-0.00019022207681174241	76.23835266691026
-0.00018170376176406263	57.88318335704208
-0.00017356690449703464	30.820499873212754
-0.00016579442298943594	20.88613001563253
-0.00015837000016826147	14.27128558211655
-0.0001512780496536563	8.647005216876153
-0.00014450368303782065	4.669265676425951
-0.00013803267862919782	2.285017055519742
-0.00013185145159632137	1.0291822302464289
-0.00012594702544865125	1.0932593719252415e-6
-0.0001203070047945213	8.852983958392639e-8
-0.00011491954931901053	8.218761236571301e-6
-0.00010977334892711025	0.0001780522600476902
-0.0001048576	0.0011744218275573147
-0.00010016198271459114	0.01500926072031181
-9.567663937872002e-5	0.13100637386404443
-9.139215373651052e-5	0.7343825008947262
-8.72995312004627e-5	2.812837367342344
-8.339017996876389e-5	9.6284975312074
-7.965589298818563e-5	39.10897692381922
-7.608883072469697e-5	77.1596948816803
-7.268150470562505e-5	56.834499639366086
-6.942676179881386e-5	30.389574206423575
-6.631776919577437e-5	20.754422535298403
-6.334800006730459e-5	14.129570114125187
-6.0511219861462516e-5	8.516792868845803
-5.780147321512826e-5	4.57595445312988
-5.521307145167913e-5	2.228686871735789
-5.274058063852855e-5	0.9992563010167522
-5.03788101794605e-5	1.2693586372445137e-7
-4.812280191780852e-5	1.9452280573615977e-8
-4.596781972760421e-5	2.1084014210799743e-6
-4.39093395708441e-5	6.468757888396837e-5
-4.194304e-5	0.001093013803644695
-4.006479308583646e-5	0.015348213463435135
-3.8270655751488006e-5	0.13352437457968186
-3.655686149460421e-5	0.746543086341415
-3.491981248018508e-5	2.853374459689735
-3.335607198750556e-5	9.816244895665871
-3.1862357195274255e-5	39.8562484368159
-3.043553228987879e-5	77.49243899755768
-2.9072601882250022e-5	56.40111446190811
-2.7770704719525543e-5	30.21895009920022
-2.652710767830975e-5	20.698523415140798
-2.5339200026921837e-5	14.069952133231132
-2.4204487944585006e-5	8.46315403240934
-2.3120589286051304e-5	4.537953063926327
-2.2085228580671653e-5	2.2059208217012234
-2.109623225541142e-5	0.9872298913929258
-2.01515240717842e-5	8.284767003146993e-9
-1.9249120767123408e-5	1.0776512978235306e-8
-1.8387127891041685e-5	1.1688402668226944e-6
-1.756373582833764e-5	4.7764239980117354e-5
-1.6777216e-5	0.0010881199209250307
-1.6025917234334584e-5	0.015488942441378883
-1.5308262300595205e-5	0.13456827938572968
-1.4622744597841684e-5	0.7514846198714539
-1.3967924992074034e-5	2.8696511266570455
-1.3342428795002223e-5	9.892409760222556
-1.2744942878109702e-5	40.15599751356212
-1.2174212915951514e-5	77.61651790885118
-1.1629040752900008e-5	56.223417817166506
-1.1108281887810218e-5	30.14984547307924
-1.0610843071323899e-5	20.67488852269225
-1.0135680010768735e-5	14.045129309824057
-9.681795177834002e-6	8.441147729412023
-9.248235714420522e-6	4.522483323721662
-8.834091432268661e-6	2.196699210356149
-8.438492902164567e-6	0.9823757707079361
-8.06060962871368e-6	2.501195373636887e-10
-7.699648306849364e-6	1.0127614317768734e-8
-7.354851156416673e-6	1.0479693522346283e-6
-7.025494331335056e-6	4.567673680088358e-5
-6.7108864e-6	0.0010905578782139113
-6.4103668937338335e-6	0.015545428726806467
-6.123304920238081e-6	0.1349862610846988
-5.849097839136674e-6	0.753442124602797
-5.587169996829613e-6	2.8760506382701276
-5.336971518000889e-6	9.922632526801044
-5.09797715124388e-6	40.274318115560554
-4.869685166380606e-6	77.66132473377856
-4.651616301160004e-6	56.14917434154409
-4.443312755124087e-6	30.120740562991173
-4.24433722852956e-6	20.664321882211354
-4.054272004307494e-6	14.034424720035405
-3.872718071133601e-6	8.431883214495183
-3.6992942857682087e-6	4.516051197001513
-3.533636572907464e-6	2.1928940248582434
-3.375397160865827e-6	0.9803831080682314
-3.2242438514854718e-6	3.1386466135868716e-9
-3.0798593227397456e-6	1.0306843673895445e-8
-2.9419404625666695e-6	1.0413339998412855e-6
-2.8101977325340225e-6	4.559811636686601e-5
-2.68435456e-6	0.0010921922270121297
-2.5641467574935333e-6	0.015567404986166182
-2.4493219680952324e-6	0.13514783511048345
-2.3396391356546694e-6	0.7541900127199467
-2.2348679987318455e-6	2.87846942999483
-2.1347886072003556e-6	9.934259272934083
-2.0391908604975524e-6	40.319664112380046
-1.9478740665522424e-6	77.67505802873495
-1.8606465204640015e-6	56.116454182008695
-1.7773251020496348e-6	30.107516441443394
-1.697734891411824e-6	20.65899397590774
-1.6217088017229976e-6	14.029388972999126
-1.5490872284534404e-6	8.427723134206024
-1.4797177143072835e-6	4.513234549773356
-1.4134546291629856e-6	2.1912534308034277
-1.3501588643463309e-6	0.9795330314778069
-1.2896975405941886e-6	5.254047770292022e-9
-1.2319437290958982e-6	1.0447395848463347e-8
-1.1767761850266678e-6	1.0453867889938118e-6
-1.1240790930136089e-6	4.56866310326276e-5
-1.073741824e-6	0.0010929064083052265
-1.0256587029974134e-6	0.015575444655547747
-9.797287872380915e-7	0.1352058534640986
-9.358556542618692e-7	0.7544513875679536
-8.939471994927382e-7	2.879290736771725
-8.539154428801423e-7	9.938410969987563
-8.156763441990209e-7	40.33575021492234
-7.791496266208957e-7	77.67644964319794
-7.442586081856018e-7	56.10035347427052
-7.109300408198538e-7	30.100619567024196
-6.790939565647296e-7	20.655759527907158
-6.48683520689199e-7	14.02662149377168
-6.196348913813751e-7	8.42560437075523
-5.918870857229143e-7	4.511863226983948
-5.653818516651943e-7	2.1904778879231848
-5.400635457385323e-7	0.9791394540486782
-5.158790162376754e-7	6.2514367294147836e-9
-4.927774916383585e-7	1.0514095852890292e-8
-4.707104740106679e-7	1.048046517890948e-6
-4.496316372054436e-7	4.573945985248425e-5
-4.294967296e-7	0.0010931564813826497
-4.1026348119896534e-7	0.015577887860758269
-3.9189151489523657e-7	0.13522228471446907
-3.743422617047477e-7	0.7545176974415257
-3.575788797970953e-7	2.879472083964568
-3.415661771520569e-7	9.939566324511702
-3.262705376796084e-7	40.340119086364886
-3.1165985064835826e-7	77.67291328314742
-2.977034432742407e-7	56.09089764578661
-2.8437201632794157e-7	30.096247414025783
-2.7163758262589184e-7	20.653360762587372
-2.594734082756796e-7	14.024760477659035
-2.478539565525501e-7	8.42430146133666
-2.3675483428916573e-7	4.511069562370735
-2.261527406660777e-7	2.190048072833997
-2.1602541829541292e-7	0.9789283136031447
-2.0635160649507018e-7	6.673782116671637e-9
-1.971109966553434e-7	1.0542000262985743e-8
-1.8828418960426715e-7	1.0492353608413417e-6
-1.7985265488217743e-7	4.57615189306288e-5
-1.7179869184e-7	0.0010932054807748005
-1.6410539247958613e-7	0.015578088803237375
-1.5675660595809464e-7	0.13522205295006295
-1.497369046818991e-7	0.7545058968973869
-1.430315519188381e-7	2.8793972479355734
-1.3662647086082276e-7	9.93952197969382
-1.3050821507184335e-7	40.339798219027614
-1.246639402593433e-7	77.66740519210751
-1.1908137730969629e-7	56.08409766844249
-1.1374880653117662e-7	30.092883383679172
-1.0865503305035673e-7	20.65129550966709
-1.0378936331027184e-7	14.023261569978047
-9.914158262102003e-8	8.423324571914785
-9.47019337156663e-8	4.510506766405351
-9.046109626643109e-8	2.1897564420560873
-8.641016731816518e-8	0.9787900941836735
-8.254064259802807e-8	6.845976717568338e-9
-7.884439866213736e-8	1.0552923049239498e-8
-7.531367584170686e-8	1.0496885829114631e-6
-7.194106195287098e-8	4.576861346403819e-5
-6.8719476736e-8	0.0010931715658422925
-6.564215699183446e-8	0.015577392215376577
-6.270264238323785e-8	0.1352151510801677
-5.989476187275963e-8	0.7544628361066262
-5.721262076753524e-8	2.879219895623155
-5.46505883443291e-8	9.938997532668466
-5.220328602873734e-8	40.337600807237045
-4.9865576103737325e-8	77.66110774186302
-4.763255092387851e-8	56.07835918678245
-4.549952261247065e-8	30.089922086509933
-4.346201322014269e-8	20.649363397662725
-4.1515745324108734e-8	14.021907329079822
-3.965663304840801e-8	8.422477975534749
-3.788077348626652e-8	4.5100362510405665
-3.618443850657244e-8	2.1895200497776974
-3.456406692726607e-8	0.9786810261170209
-3.301625703921123e-8	6.914990543991964e-9
-3.1537759464854944e-8	1.0556824541135623e-8
-3.012547033668274e-8	1.0498237181002997e-6
-2.877642478114839e-8	4.5769292336194384e-5
-2.74877906944e-8	0.0010931040848576213
-2.6256862796733782e-8	0.015576336534870516
-2.508105695329514e-8	0.13520558053039003
-2.3957904749103853e-8	0.7544072693293111
-2.2885048307014098e-8	2.8790015321091516
-2.186023533773164e-8	9.938281017286414
-2.0881314411494936e-8	40.33465268955477
-1.994623044149493e-8	77.65449439802794
-1.9053020369551404e-8	56.07304510676006
-1.819980904498826e-8	30.087121782562626
-1.7384805288057076e-8	20.647484494612105
-1.6606298129643494e-8	14.02061092199914
-1.5862653219363203e-8	8.421683474117135
-1.5152309394506606e-8	4.509602634582195
-1.4473775402628974e-8	2.189305745720009
-1.3825626770906428e-8	0.9785836150569317
-1.3206502815684493e-8	6.94227008877869e-9
-1.2615103785941977e-8	1.0557882995841538e-8
-1.2050188134673098e-8	1.0498277141876405e-6
-1.1510569912459357e-8	4.5767334632371486e-5
-1.099511627776e-8	0.0010930231148410141
-1.0502745118693512e-8	0.015575137245973708
-1.0032422781318056e-8	0.1351949427634324
-9.58316189964154e-9	0.7543467018227317
-9.154019322805639e-9	2.878766770798534
-8.744094135092657e-9	9.937487695874688
-8.352525764597973e-9	40.3314043738933
-7.978492176597972e-9	77.64775484270363
-7.621208147820563e-9	56.06790087220156
-7.279923617995304e-9	30.08438592813603
-6.95392211522283e-9	20.64562691685513
-6.642519251857398e-9	14.019337676533695
-6.345061287745282e-9	8.42090982695938
-6.060923757802643e-9	4.509183786067191
-5.78951016105159e-9	2.189100280857157
-5.530250708362571e-9	0.9784908684713686
-5.282601126273797e-9	6.952796544013985e-9
-5.046041514376791e-9	1.0557799539654183e-8
-4.820075253869239e-9	1.049778598486769e-6
-4.6042279649837425e-9	4.5764310570997546e-5
-4.398046511104e-9	0.0010929367421202516
-4.201098047477405e-9	0.01557388056854685
-4.012969112527222e-9	0.13518387859038827
-3.833264759856617e-9	0.7542841367661086
-3.6616077291222557e-9	2.878525460950056
-3.497637654037063e-9	9.936663688135189
-3.3410103058391895e-9	40.32803612382389
-3.191396870639189e-9	77.6409650806941
-3.0484832591282247e-9	56.06282477627461
-2.9119694471981214e-9	30.081675964161573
-2.7815688460891322e-9	20.643777946803826
-2.657007700742959e-9	14.01807374864004
-2.5380245150981126e-9	8.420144553352266
-2.4243695031210573e-9	4.508770861805914
-2.3158040644206357e-9	2.1888983599725713
-2.2121002833450285e-9	0.9783999913889097
-2.113040450509519e-9	6.956618039577643e-9
-2.0184166057507163e-9	1.0557258916984665e-8
-1.9280301015476955e-9	1.049708123003648e-6
-1.841691185993497e-9	4.576085800097646e-5
-1.7592186044416e-9	0.0010928482106695794
-1.6804392189909622e-9	0.015572600998137218
-1.605187645010889e-9	0.1351726444046473
-1.5333059039426467e-9	0.7542207758037938
-1.4646430916489022e-9	2.878281543711449
-1.3990550616148251e-9	9.93582744705856
-1.3364041223356758e-9	40.324620067395784
-1.2765587482556754e-9	77.6341555686098
-1.2193933036512899e-9	56.057776182823694
-1.1647877788792485e-9	30.07897648988373
-1.1126275384356529e-9	20.641932511741743
-1.0628030802971836e-9	14.016813610660646
-1.015209806039245e-9	8.419382667238915
-9.697478012484228e-10	4.50836032778763
-9.263216257682543e-10	2.1886978667235897
-8.848401133380114e-10	0.9783098666278063
-8.452161802038075e-10	6.95775926848575e-9
-8.073666423002865e-10	1.0556535523262866e-8
-7.712120406190783e-10	1.049629083302117e-6
-7.366764743973988e-10	4.5757233772569854e-5
-7.0368744177664e-10	0.001092758819805121
-6.721756875963849e-10	0.01557131233550769
-6.420750580043556e-10	0.13516134278739772
-6.133223615770587e-10	0.7541570997316653
-5.858572366595609e-10	2.8780365960954555
-5.5962202464593e-10	9.934986355745577
-5.345616489342703e-10	40.3211850645993
-5.106234993022702e-10	77.62733851116005
-4.877573214605159e-10	56.052738855951304
-4.659151115516994e-10	30.076281354017407
-4.450510153742612e-10	20.640088588277685
-4.2512123211887347e-10	14.015555055504189
-4.06083922415698e-10	8.41862217667815
-3.878991204993691e-10	4.507950771787765
-3.7052865030730173e-10	2.188497955266691
-3.5393604533520453e-10	0.9782200476357858
-3.38086472081523e-10	6.9578296135946294e-9
-3.229466569201146e-10	1.0555739122016034e-8
-3.084848162476313e-10	1.0495466161515454e-6
-2.9467058975895954e-10	4.5753540961204096e-5
-2.81474976710656e-10	0.0010926690896226267
-2.688702750385539e-10	0.015570020101964087
-2.568300232017422e-10	0.13515001478048846
-2.453289446308235e-10	0.7540933009235383
-2.3434289466382435e-10	2.87779124913024
-2.23848809858372e-10	9.934143368185683
-2.1382465957370812e-10	40.31774266289466
-2.0424939972090808e-10	77.62051879904317
-1.951029285842064e-10	56.04770630866619
-1.8636604462067977e-10	30.073588099600848
-1.7802040614970448e-10	20.638245369296165
-1.700484928475494e-10	14.014297201892306
-1.624335689662792e-10	8.417862285863547
-1.5515964819974767e-10	4.507541629454006
-1.4821146012292068e-10	2.18829828753384
-1.4157441813408183e-10	0.9781303559160386
-1.352345888326092e-10	6.957472189316116e-9
-1.2917866276804584e-10	1.0554913588571428e-8
-1.2339392649905252e-10	1.049462780407117e-6
-1.178682359035838e-10	4.5749820872008806e-5
-1.125899906842624e-10	0.001092579228244817
-1.0754811001542157e-10	0.015568726506311678
-1.027320092806969e-10	0.1351386768035364
-9.813157785232939e-11	0.7540294563471976
-9.373715786552974e-11	2.877545755304166
-8.953952394334881e-11	9.933299666234893
-8.552986382948326e-11	40.31429748253672
-8.169975988836323e-11	77.61369839199726
-7.804117143368256e-11	56.04267594913716
-7.45464178482719e-11	30.070895745279206
-7.120816245988178e-11	20.636402532858245
-6.801939713901976e-11	14.013039697952575
-6.497342758651168e-11	8.417102676875055
-6.206385927989906e-11	4.507132675270733
-5.928458404916827e-11	2.188098728411764
-5.662976725363273e-11	0.9780407201227365
-5.409383553304368e-11	6.956943933453831e-9
-5.167146510721834e-11	1.0554076457111239e-8
-4.935757059962101e-11	1.049378400807691e-6
-4.714729436143352e-11	4.57460900487709e-5
-4.503599627370496e-11	0.0010924893189503252
-4.301924400616863e-11	0.0155674324322279
-4.1092803712278756e-11	0.13512733542584235
-3.925263114093175e-11	0.7539655967984289
-3.7494863146211896e-11	2.8773002156475096
-3.581580957733952e-11	9.932455722753264
-3.42119455317933e-11	40.310851372174035
-3.2679903955345294e-11	77.60687807529
-3.121646857347302e-11	56.03764674176277
-2.9818567139308763e-11	30.068203899054442
-2.8483264983952715e-11	20.634559950532758
-2.7207758855607903e-11	14.011782403175138
-2.5989371034604672e-11	8.416343222693092
-2.4825543711959625e-11	4.5067238191138115
-2.371383361966731e-11	2.187899223896201
-2.265190690145309e-11	0.9779511117364318
-2.163753421321747e-11	6.956347481186255e-9
-2.0668586042887337e-11	1.055323473384076e-8
-1.9743028239848403e-11	1.0492938076674748e-6
-1.8858917744573408e-11	4.574235511664772e-5
-1.8014398509481985e-11	0.0010923993950624114
-1.720769760246745e-11	0.015566138233257627
-1.6437121484911504e-11	0.1351159932757824
-1.5701052456372703e-11	0.7539017345993212
-1.4997945258484758e-11	2.8770546705871247
-1.4326323830935808e-11	9.931611726932987
-1.368477821271732e-11	40.30740507148259
-1.3071961582138117e-11	77.60005816355758
-1.2486587429389208e-11	56.032618272730005
-1.1927426855723505e-11	30.06551240432951
-1.1393305993581086e-11	20.632717571072725
-1.0883103542243161e-11	14.010525261441801
-1.039574841384187e-11	8.415583872562355
-9.93021748478385e-12	4.506315024962237
-9.485533447866924e-12	2.1876997523996113
-9.060762760581236e-12	0.9778615193557848
-8.65501368528699e-12	6.955723818230145e-9
-8.267434417154934e-12	1.05523912174754e-8
-7.897211295939361e-12	1.0492091332637902e-6
-7.543567097829363e-12	4.573861872842893e-5
-7.205759403792793e-12	0.0010923094699131879
-6.88307904098698e-12	0.015564844050826717
-6.5748485939646015e-12	0.13510465140480973
-6.28042098254908e-12	0.7538378746794492
-5.9991781033939035e-12	2.876809136297078
-5.7305295323743236e-12	9.93076775446379
-5.473911285086928e-12	40.30395887640265
-5.228784632855247e-12	77.59323878284042
-4.9946349717556835e-12	56.02759037666927
-4.770970742289403e-12	30.062821198540192
-4.557322397432434e-12	20.630875374027553
-4.3532414168972644e-12	14.00926825033977
-4.1582993655367474e-12	8.414824606202702
-3.97208699391354e-12	4.505906278420059
-3.794213379146769e-12	2.1875003052933355
-3.6243051042324945e-12	0.9777719384232386
-3.4620054741147955e-12	6.955089322544703e-9
-3.3069737668619735e-12	1.0551547026573278e-8
-3.1588845183757443e-12	1.0491244305414924e-6
-3.0174268391317456e-12	4.573488194578905e-5
-2.8823037615171173e-12	0.0010922195488341103
-2.753231616394792e-12	0.015563549941482244
-2.6299394375858407e-12	0.1350933102333415
-2.512168393019632e-12	0.7537740190099402
-2.399671241357561e-12	2.8765636192450543
-2.2922118129497296e-12	9.929923835612389
-2.1895645140347714e-12	40.30051290528063
-2.091513853142099e-12	77.58641998358397
-1.9978539887022734e-12	56.022562987501
-1.908388296915761e-12	30.060130256691675
-1.8229289589729738e-12	20.629033351234504
-1.7412965667589057e-12	14.00801136091797
-1.663319746214699e-12	8.414065415512177
-1.588834797565416e-12	4.505497573735132
-1.5176853516587079e-12	2.187300879129335
-1.4497220416929979e-12	0.9776823671174668
-1.3848021896459183e-12	6.954450542265227e-9
-1.3227895067447895e-12	1.0550702608488725e-8
-1.2635538073502978e-12	1.0490397207269446e-6
-1.2069707356526982e-12	4.5731145194314355e-5
-1.152921504606847e-12	0.001092129633960347
-1.1012926465579169e-12	0.015562255927865736
-1.0519757750343362e-12	0.13508196992971427
-1.004867357207853e-12	0.7537101683800357
-9.598684965430246e-13	2.876318122020599
-9.168847251798917e-13	9.92907998249454
-8.758258056139085e-13	40.29706720548866
-8.366055412568395e-13	77.57960178599501
-7.991415954809093e-13	56.01753607879149
-7.633553187663044e-13	30.057439568782804
-7.291715835891894e-13	20.627191499425322
-6.965186267035623e-13	14.006754589592106
-6.653278984858797e-13	8.413306297246537
-6.355339190261664e-13	4.505088908604182
-6.070741406634831e-13	2.1871014725269333
-5.798888166771992e-13	0.9775928047091771
-5.539208758583673e-13	6.953810081866774e-9
-5.291158026979158e-13	1.0549858141207519e-8
-5.054215229401191e-13	1.0489550122763946e-6
-4.827882942610793e-13	4.5727408643578175e-5
-4.611686018427388e-13	0.0010920397261437894
-4.405170586231682e-13	0.015560962019009982
-4.207903100137345e-13	0.13507063056109878
-4.0194694288314114e-13	0.753646323104648
-3.839473986172086e-13	2.8760726456571737
-3.667538900719567e-13	9.928236199948026
-3.5033032224556456e-13	40.29362179594356
-3.346422165027358e-13	77.5727841981214
-3.1965663819236375e-13	56.012509639953294
-3.0534212750652074e-13	30.054749130805384
-2.916686334356758e-13	20.625349817289184
-2.7860745068142583e-13	14.00549793492779
-2.6613115939435187e-13	8.412547250108217
-2.5421356761046654e-13	4.504680282106402
-2.4282965626539245e-13	2.186902084934206
-2.3195552667087964e-13	0.977503250906933
-2.2156835034334765e-13	6.95316898988023e-9
-2.116463210791663e-13	1.0549013696395124e-8
-2.0216860917604765e-13	1.0488703086067129e-6
-1.9311531770443107e-13	4.57236723620531e-5
-1.8446744073709553e-13	0.0010919498257263064
-1.7620682344926728e-13	0.015559668218540773
-1.683161240054938e-13	0.1350592921544025
-1.6077877715325645e-13	0.7535824833098601
-1.5357895944688342e-13	2.875827190567856
-1.467015560287827e-13	9.927392489912767
-1.4013212889822583e-13	40.290176684241054
-1.3385688660109433e-13	77.56596722316176
-1.278626552769455e-13	56.007483666701056
-1.221368510026083e-13	30.052058941136703
-1.1666745337427032e-13	20.623508304290723
-1.1144298027257033e-13	14.004241396342177
-1.0645246375774074e-13	8.411788273572768
-1.0168542704418663e-13	4.504271693870242
-9.713186250615699e-14	2.186702716128936
-9.278221066835187e-14	0.9774137055933354
-8.862734013733905e-14	6.952527684509354e-9
-8.465852843166653e-14	1.054816930269913e-8
-8.086744367041906e-14	1.0487856111081911e-6
-7.724612708177243e-14	4.571993637754642e-5
-7.378697629483821e-14	0.001091859932845752
-7.048272937970691e-14	0.015558374527911586
-6.732644960219751e-14	0.13504795472043854
-6.431151086130258e-14	0.75351864904627
-6.143158377875337e-14	2.875581756918365
-5.868062241151308e-14	9.926548853156094
-5.605285155929033e-14	40.28673187336117
-5.354275464043773e-14	77.55915086236247
-5.11450621107782e-14	56.00245815733755
-4.885474040104332e-14	30.049368999123214
-4.666698134970813e-14	20.621666960204095
-4.457719210902813e-14	14.002984973592808
-4.2580985503096294e-14	8.411029367423527
-4.067417081767465e-14	4.503863143742959
-3.8852745002462796e-14	2.1865033660198363
-3.711288426734074e-14	0.977324168720355
-3.545093605493562e-14	6.951886323506014e-9
-3.386341137266661e-14	1.05473249709366e-8
-3.2346977468167627e-14	1.0487009203067203e-6
-3.089845083270897e-14	4.5716200700601525e-5
-2.951479051793528e-14	0.001091770047554586
-2.8193091751882763e-14	0.015557080947676582
-2.6930579840879007e-14	0.13503661826331068
-2.5724604344521032e-14	0.7534548203330563
-2.4572633511501348e-14	2.875336344771507
-2.347224896460523e-14	9.925705289980408
-2.2421140623716132e-14	40.28328736449664
-2.141710185617509e-14	77.55233511618366
-2.045802484431128e-14	55.99743311113179
-1.9541896160417327e-14	30.046679304484236
-1.866679253988325e-14	20.619825784933226
-1.7830876843611252e-14	14.001728666581092
-1.7032394201238517e-14	8.410270531574072
-1.626966832706986e-14	4.503454631664177
-1.5541098000985117e-14	2.186304034571045
-1.48451537069363e-14	0.9772346402691738
-1.4180374421974249e-14	6.951244978895434e-9
-1.3545364549066645e-14	1.0546480705858613e-8
-1.293879098726705e-14	1.0486162363674264e-6
-1.235938033308359e-14	4.571246533456575e-5
-1.1805916207174113e-14	0.0010916801698712141
-1.1277236700753106e-14	0.01555578747803374
-1.0772231936351603e-14	0.1350252827844829
-1.0289841737808413e-14	0.7533909971770001
-9.82905340460054e-15	2.8750909541494236
-9.388899585842092e-15	9.924861800497059
-8.968456249486452e-15	40.27984315809109
-8.566840742470036e-15	77.54551998476565
-8.183209937724512e-15	55.992408527771836
-7.816758464166932e-15	30.04398985709858
-7.466717015953301e-15	20.617984778434614
-7.1323507374445e-15	14.00047247526549
-6.8129576804954076e-15	8.40951176598946
-6.507867330827944e-15	4.503046157609974
-6.216439200394047e-15	2.1861047217685465
-5.938061482774519e-15	0.9771451202324859
-5.672149768789699e-15	6.950603681845407e-9
-5.418145819626658e-15	1.0545636509739129e-8
-5.17551639490682e-15	1.0485315594604029e-6
-4.9437521332334355e-15	4.5708730282747384e-5
-4.722366482869645e-15	0.001091590299808222
-4.5108946803012425e-15	0.015554494119105047
-4.308892774540641e-15	0.13501394828484575
-4.1159366951233654e-15	0.7533271795821701
-3.9316213618402156e-15	2.8748455850648336
-3.755559834336837e-15	9.924018384755621
-3.587382499794581e-15	40.27639925431496
-3.4267362969880147e-15	77.53870546815283
-3.273283975089805e-15	55.98738440712823
-3.1267033856667727e-15	30.041300656905474
-2.98668680638132e-15	20.616143940673346
-2.8529402949778004e-15	13.999216399612894
-2.725183072198163e-15	8.408753070643224
-2.6031469323311777e-15	4.502637721562819
-2.486575680157619e-15	2.1859054276022567
-2.3752245931098076e-15	0.9770556086051181
-2.2688599075158797e-15	6.94996243497665e-9
-2.1672583278506632e-15	1.0544792382738729e-8
-2.070206557962728e-15	1.0484468895815944e-6
-1.977500853293374e-15	4.570499554508797e-5
-1.8889465931478582e-15	0.0010915004373662947
-1.8043578721204968e-15	0.015553200870899318
-1.7235571098162564e-15	0.13500261476444708
-1.646374678049346e-15	0.7532633675487265
-1.5726485447360863e-15	2.8746002375181576
-1.5022239337347346e-15	9.923175042769504
-1.4349529999178325e-15	40.27295565323531
-1.3706945187952058e-15	77.53189156631731
-1.3093135900359219e-15	55.982360749088045
-1.250681354266709e-15	30.03861170385875
-1.194674722552528e-15	20.61430327163086
-1.1411761179911202e-15	13.997960439610381
-1.0900732288792651e-15	8.40799444552669
-1.041258772932471e-15	4.502229323517557
-9.946302720630475e-16	2.1857061520694456
-9.50089837243923e-16	0.9769661053857566
-9.075439630063519e-16	6.949321245643284e-9
-8.669033311402652e-16	1.0543948325284921e-8
-8.280826231850911e-16	1.048362226722653e-6
-7.910003413173497e-16	4.570126112144648e-5
-7.555786372591432e-16	0.0010914105825457867
-7.217431488481988e-16	0.015551907733420703
-6.894228439265025e-16	0.1349912822233097
-6.585498712197385e-16	0.7531995610766704
-6.290594178944345e-16	2.874354911509091
-6.008895734938939e-16	9.922331774537382
-5.73981199967133e-16	40.269512354842384
-5.482778075180824e-16	77.52507827921579
-5.237254360143688e-16	55.977337553606034
-5.002725417066836e-16	30.035922997934087
-4.778698890210112e-16	20.612462771290435
-4.56470447196448e-16	13.996704595245388
-4.3602929155170605e-16	8.407235890631576
-4.165035091729884e-16	4.501820963469369
-3.9785210882521903e-16	2.1855068951675967
-3.800359348975692e-16	0.976876610573195
-3.6301758520254075e-16	6.948680120178836e-9
-3.467613324561061e-16	1.054310433782928e-8
-3.3123304927403646e-16	1.0482775709226253e-6
-3.1640013652693987e-16	4.569752701253091e-5
-3.0223145490365727e-16	0.001091320735347451
-2.886972595392795e-16	0.015550614706669713
-2.7576913757060103e-16	0.13497995066141785
-2.634199484878954e-16	0.7531357601658448
-2.516237671577738e-16	2.8741096070368015
-2.4035582939755756e-16	9.921488580058279
-2.295924799868532e-16	40.26606935913063
-2.1931112300723293e-16	77.5182656067969
-2.094901744057475e-16	55.972314820621776
-2.0010901668267343e-16	30.03323453910207
-1.911479556084045e-16	20.61062243963408
-1.8258817887857923e-16	13.995448866505033
-1.7441171662068243e-16	8.406477405949481
-1.6660140366919535e-16	4.50141264141342
-1.591408435300876e-16	2.1853076568942056
-1.5201437395902768e-16	0.9767871241662508
-1.452070340810163e-16	6.948039049762164e-9
-1.3870453298244244e-16	1.0542260419809703e-8
-1.3249321970961458e-16	1.0481929221650701e-6
-1.2656005461077595e-16	4.569379321801445e-5
-1.208925819614629e-16	0.0010912308957698573
-1.154789038157118e-16	0.01554932179062986
-1.1030765502824041e-16	0.13496862007863794
-1.0536797939515815e-16	0.753071964815534
-1.0064950686310952e-16	2.873864324098606
-9.614233175902302e-17	9.920645459322001
-9.183699199474127e-17	40.26262666605941
-8.772444920289317e-17	77.51145354900203
-8.379606976229901e-17	55.967292550103394
-8.004360667306938e-17	30.030546327343256
-7.645918224336179e-17	20.608782276647048
-7.303527155143169e-17	13.994193253379454
-6.976468664827297e-17	8.405718991474746
-6.664056146767815e-17	4.501004357346817
-6.365633741203505e-17	2.185108437247923
-6.080574958361107e-17	0.9766976461643398
-5.808281363240652e-17	6.9473980423275115e-9
-5.5481813192976974e-17	1.0541416571720874e-8
-5.299728788384584e-17	1.0481082804569732e-6
-5.0624021844310384e-17	4.5690059738046423e-5
-4.835703278458517e-17	0.00109114106381398
-4.619156152628472e-17	0.015548028985310682
-4.4123062011296164e-17	0.1349572904750234
-4.2147191758063264e-17	0.753008175025888
-4.025980274524381e-17	2.8736190626946225
-3.8456932703609207e-17	9.919802412328272
-3.673479679789651e-17	40.259184275619795
-3.508977968115727e-17	77.5046421057818
-3.3518427904919603e-17	55.962270741998196
-3.201744266922775e-17	30.027858362629978
-3.058367289734472e-17	20.606942282310172
-2.9214108620572674e-17	13.992937755853967
-2.790587465930919e-17	8.404960647197443
-2.6656224587071258e-17	4.5005961112636745
-2.5462534964814016e-17	2.1849092362256344
-2.432229983344443e-17	0.9766081765659678
-2.3233125452962608e-17	6.9467570954359445e-9
-2.2192725277190788e-17	1.0540572793410824e-8
-2.1198915153538333e-17	1.0480236458060866e-6
-2.0249608737724152e-17	4.568632657270854e-5
-1.9342813113834068e-17	0.0010910512394777137
-1.8476624610513888e-17	0.015546736290682534
-1.7649224804518467e-17	0.13494596185034105
-1.6858876703225304e-17	0.7529443907957415
-1.6103921098097522e-17	2.873373822820864
-1.5382773081443683e-17	9.918959439066178
-1.4693918719158603e-17	40.25574218777784
-1.4035911872462908e-17	77.49783127707434
-1.340737116196784e-17	55.95724939626129
-1.28069770676911e-17	30.025170644940825
-1.2233469158937888e-17	20.605102456611704
-1.1685643448229071e-17	13.99168237392236
-1.1162349863723676e-17	8.404202373114781
-1.0662489834828503e-17	4.500187903162983
-1.0185013985925606e-17	2.1847100538270734
-9.728919933377772e-18	0.9765187153711051
-9.293250181185044e-18	6.946116209263191e-9
-8.877090110876316e-18	1.0539729084861513e-8
-8.479566061415333e-18	1.0479390181872439e-6
-8.099843495089662e-18	4.568259372158311e-5
-7.737125245533627e-18	0.0010909614227620342
-7.390649844205555e-18	0.015545443706761386
-7.059689921807386e-18	0.1349346342046945
-6.743550681290122e-18	0.7528806121254613
-6.441568439239009e-18	2.8731286044780853
-6.153109232577473e-18	9.918116539538097
-5.877567487663442e-18	40.25230040253278
-5.6143647489851634e-18	77.4910210628289
-5.362948464787136e-18	55.95222851282986
-5.12279082707644e-18	30.022483174243227
-4.893387663575155e-18	20.603262799529478
-4.674257379291628e-18	13.990427107567278
-4.46493994548947e-18	8.403444169214875
-4.264995933931401e-18	4.499779733037629
-4.074005594370243e-18	2.1845108900484353
-3.891567973351109e-18	0.9764292625778982
-3.7173000724740175e-18	6.945475383036598e-9
-3.550836044350526e-18	1.0538885446036822e-8
-3.3918264245661336e-18	1.0478543976218647e-6
-3.2399373980358644e-18	4.567886118498242e-5
-3.0948500982134505e-18	0.001090871613664373
3.0948500982134505e-18	1.6650792484777557
3.2399373980358644e-18	0.27159252603799133
3.3918264245661336e-18	0.025287093972868418
3.550836044350526e-18	0.0012506613562860496
3.7173000724740175e-18	3.0361738702913176e-5
3.891567973351109e-18	0.0005132299669884438
4.074005594370243e-18	0.002324441706295953
4.264995933931401e-18	0.010027548064518084
4.46493994548947e-18	0.04060242001220972
4.674257379291628e-18	0.1519124805708936
4.893387663575155e-18	0.5160492015185241
5.12279082707644e-18	1.5605433046317456
5.362948464787136e-18	4.1090777633633335
5.6143647489851634e-18	9.192702325621891
5.877567487663442e-18	17.229591469557867
6.153109232577473e-18	32.69033693264491
6.441568439239009e-18	77.93884499642189
6.743550681290122e-18	77.86062549139675
7.059689921807386e-18	22.37027154725284
7.390649844205555e-18	6.314601061216313
7.737125245533627e-18	1.6652320124051785
8.099843495089662e-18	0.2716177017667663
8.479566061415333e-18	0.025289463191633686
8.877090110876316e-18	0.0012507798374068253
9.293250181185044e-18	3.036464809389502e-5
9.728919933377772e-18	0.0005132718817586699
1.0185013985925606e-17	0.002324632622908981
1.0662489834828503e-17	0.01002837669503911
1.1162349863723676e-17	0.04060579650999832
1.1685643448229071e-17	0.1519251970421337
1.2233469158937888e-17	0.5160926962715631
1.28069770676911e-17	1.560675772907328
1.340737116196784e-17	4.109429155569398
1.4035911872462908e-17	9.193494487633737
1.4693918719158603e-17	17.231085870395567
1.5382773081443683e-17	32.69315561603448
1.6103921098097522e-17	77.94561288309687
1.6858876703225304e-17	77.86763459831397
1.7649224804518467e-17	22.372322163414047
1.8476624610513888e-17	6.315175550631522
1.9342813113834068e-17	1.6653847907021464
2.0249608737724152e-17	0.271642879887209
2.1198915153538333e-17	0.02529183263779483
2.2192725277190788e-17	0.0012508983300208941
2.3233125452962608e-17	3.0367557770224155e-5
2.432229983344443e-17	0.0005133138000567312
2.5462534964814016e-17	0.002324823555677622
2.6656224587071258e-17	0.010029205396087159
2.790587465930919e-17	0.04060917329690771
2.9214108620572674e-17	0.15193791460910505
3.058367289734472e-17	0.5161361947969313
3.201744266922775e-17	1.5608082527502627
3.3518427904919603e-17	4.109780578677076
3.508977968115727e-17	9.194286719820159
3.673479679789651e-17	17.232580404459334
3.8456932703609207e-17	32.695974549399175
4.025980274524381e-17	77.95238137340758
4.2147191758063264e-17	77.87464435223794
4.4123062011296164e-17	22.374372972380936
4.619156152628472e-17	6.315750093660305
4.835703278458517e-17	1.665537583370561
5.0624021844310384e-17	0.27166806039966374
5.299728788384584e-17	0.025294202311386214
5.5481813192976974e-17	0.0012510168341301389
5.808281363240652e-17	3.037046773196855e-5
6.080574958361107e-17	0.0005133557218845947
6.365633741203505e-17	0.002325014504610286
6.664056146767815e-17	0.010030034167696168
6.976468664827297e-17	0.040612550373065374
7.303527155143169e-17	0.1519506332722477
7.645918224336179e-17	0.5161796970959803
8.004360667306938e-17	1.5609407441641965
8.379606976229901e-17	4.110132032694768
8.772444920289317e-17	9.195079022197188
9.183699199474127e-17	17.23407507177451
9.614233175902302e-17	32.698793732790676
1.0064950686310952e-16	77.95915046745691
1.0536797939515815e-16	77.88165475318144
1.1030765502824041e-16	22.37642397414142
1.154789038157118e-16	6.316324690299883
1.208925819614629e-16	1.6656903904090743
1.2656005461077595e-16	0.2716932433037955
1.3249321970961458e-16	0.02529657221236622
1.3870453298244244e-16	0.001251135349731776
1.452070340810163e-16	3.0373377979007084e-5
1.5201437395902768e-16	0.0005133976472411644
1.591408435300876e-16	0.002325205469702448
1.6660140366919535e-16	0.01003086300984875
1.7441171662068243e-16	0.04061592773841043
1.8258817887857923e-16	0.15196335303136851
1.911479556084045e-16	0.5162232031681893
2.0010901668267343e-16	1.5610732471479511
2.094901744057475e-16	4.110483517620461
2.1931112300723293e-16	9.195871394762952
2.295924799868532e-16	17.23556987234185
2.4035582939755756e-16	32.70161316620683
2.516237671577738e-16	77.96592016525969
2.634199484878954e-16	77.8886658012475
2.7576913757060103e-16	22.378475168739804
2.886972595392795e-16	6.316899340561876
3.0223145490365727e-16	1.6658432118213202
3.1640013652693987e-16	0.2717184286003069
3.3123304927403646e-16	0.025298942340810735
3.467613324561061e-16	0.0012512538768302117
3.6301758520254075e-16	3.037628851147747e-5
3.800359348975692e-16	0.0005134395761267307
3.9785210882521903e-16	0.0023253964509554782
4.165035091729884e-16	0.010031691922551003
4.3602929155170605e-16	0.040619305392967646
4.56470447196448e-16	0.15197607388656215
4.778698890210112e-16	0.5162667130138857
5.002725417066836e-16	1.5612057617025543
5.237254360143688e-16	4.110835033456971
5.482778075180824e-16	9.196663837523888
5.73981199967133e-16	17.23706480617384
6.008895734938939e-16	32.70443284967159
6.290594178944345e-16	77.97269046687374
6.585498712197385e-16	77.8956774964973
6.894228439265025e-16	22.38052655619475
7.217431488481988e-16	6.317474044451691
7.555786372591432e-16	1.665996047608787
7.910003413173497e-16	0.2717436162894513
8.280826231850911e-16	0.02530131269674388
8.669033311402652e-16	0.0012513724154267082
9.075439630063519e-16	3.037919932942656e-5
9.50089837243923e-16	0.00051348150854292
9.946302720630475e-16	0.002325587448376338
1.041258772932471e-15	0.010032520905831026
1.0900732288792651e-15	0.040622683336843456
1.1411761179911202e-15	0.1519887958381982
1.194674722552528e-15	0.5163102266342137
1.250681354266709e-15	1.5613382878311202
1.3093135900359219e-15	4.111186580211522
1.3706945187952058e-15	9.197456350493955
1.4349529999178325e-15	17.23855987329294
1.5022239337347346e-15	32.707252783229826
1.5726485447360863e-15	77.97946137238921
1.646374678049346e-15	77.90268983895021
1.7235571098162564e-15	22.382578136499856
1.8043578721204968e-15	6.318048801968004
1.8889465931478582e-15	1.6661488977706116
1.977500853293374e-15	0.2717688063709932
2.070206557962728e-15	0.02530368328013549
2.1672583278506632e-15	0.0012514909655192562
2.2688599075158797e-15	3.038211043277142e-5
2.3752245931098076e-15	0.0005135234444898013
2.486575680157619e-15	0.0023257784619654612
2.6031469323311777e-15	0.01003334995969124
2.725183072198163e-15	0.040626061570049665
2.8529402949778004e-15	0.1520015188863265
2.98668680638132e-15	0.5163537440293795
3.1267033856667727e-15	1.561470825534367
3.273283975089805e-15	4.111538157886303
3.4267362969880147e-15	9.198248933678673
3.587382499794581e-15	17.24005507371026
3.755559834336837e-15	32.710072966897975
3.9316213618402156e-15	77.98623288185051
4.1159366951233654e-15	77.90970282869334
4.308892774540641e-15	22.384629909685522
4.5108946803012425e-15	6.318623613117885
4.722366482869645e-15	1.6663017623088165
4.9437521332334355e-15	0.2717939988452882
5.17551639490682e-15	0.02530605409102116
5.418145819626658e-15	0.001251609527109641
5.672149768789699e-15	3.038502182153937e-5
5.938061482774519e-15	0.0005135653839695047
6.216439200394047e-15	0.0023259694917319037
6.507867330827944e-15	0.010034179084168192
6.8129576804954076e-15	0.04062944009272348
7.1323507374445e-15	0.15201424303142086
7.466717015953301e-15	0.5163972652008388
7.816758464166932e-15	1.5616033748162208
8.183209937724512e-15	4.111889766490328
8.566840742470036e-15	9.19904158709518
8.968456249486452e-15	17.24155040745332
9.388899585842092e-15	32.71289340074082
9.82905340460054e-15	77.99300499538667
1.0289841737808413e-14	77.91671646570751
1.0772231936351603e-14	22.38668187572603
1.1277236700753106e-14	6.319198477897765
1.1805916207174113e-14	1.666454641221807
1.235938033308359e-14	0.27181919371195035
1.293879098726705e-14	0.025308425129352767
1.3545364549066645e-14	0.0012517281001949846
1.4180374421974249e-14	3.0387933495670126e-5
1.48451537069363e-14	0.0005136073269871661
1.5541098000985117e-14	0.0023261605376974216
1.626966832706986e-14	0.0100350082793487
1.7032394201238517e-14	0.04063281890518602
1.7830876843611252e-14	0.1520269682745682
1.866679253988325e-14	0.5164407901518683
1.9541896160417327e-14	1.5617359356852984
2.045802484431128e-14	4.112241406042705
2.141710185617509e-14	9.199834310777844
2.2421140623716132e-14	17.243045874572495
2.347224896460523e-14	32.71571408486609
2.4572633511501348e-14	77.99977771318912
2.5724604344521032e-14	77.9237307498964
2.6930579840879007e-14	22.388734034547195
2.8193091751882763e-14	6.319773396289329
2.951479051793528e-14	1.6666075345029234
3.089845083270897e-14	0.271844390969535
3.2346977468167627e-14	0.025310796394962167
3.386341137266661e-14	0.0012518466847646682
3.545093605493562e-14	3.0390845454725647e-5
3.711288426734074e-14	0.0005136492735534133
3.8852745002462796e-14	0.0023263515999069713
4.067417081767465e-14	0.01003583754541182
4.2580985503096294e-14	0.040636198008099866
4.457719210902813e-14	0.15203969461800043
4.666698134970813e-14	0.5164843188891867
4.885474040104332e-14	1.5618685081591421
5.11450621107782e-14	4.1125930765819625
5.354275464043773e-14	9.200627104795041
5.605285155929033e-14	17.24454147516618
5.868062241151308e-14	32.71853501948809
6.143158377875337e-14	78.00655103562632
6.431151086130258e-14	77.93074568100225
6.732644960219751e-14	22.39078638597572
7.048272937970691e-14	6.3203483682507136
7.378697629483821e-14	1.6667604421372175
7.724612708177243e-14	0.2718695906148442
8.086744367041906e-14	0.025313167887481013
8.465852843166653e-14	0.0012519652807962398
8.862734013733905e-14	3.039375769795126e-5
9.278221066835187e-14	0.0005136912236946873
9.713186250615699e-14	0.002326542678472044
1.0168542704418663e-13	0.01003666688280077
1.0645246375774074e-13	0.040639577403097905
1.1144298027257033e-13	0.15205242206720732
1.1666745337427032e-13	0.5165278514292161
1.221368510026083e-13	1.5620010922803869
1.278626552769455e-13	4.112944778200987
1.3385688660109433e-13	9.201419969309233
1.4013212889822583e-13	17.24603720946366
1.467015560287827e-13	32.72135620511946
1.5357895944688342e-13	78.01332496356346
1.6077877715325645e-13	77.93776125826795
1.683161240054938e-13	22.392838929536985
1.7620682344926728e-13	6.320923393667218
1.8446744073709553e-13	1.6669133640845486
1.9311531770443107e-13	0.2718947926393983
2.0216860917604765e-13	0.025315539605937527
2.116463210791663e-13	0.0012520838882308627
2.2156835034334765e-13	3.039667022334589e-5
2.3195552667087964e-13	0.0005137331774779184
2.4282965626539245e-13	0.0023267337736747554
2.5421356761046654e-13	0.01003749629263553
2.6613115939435187e-13	0.040642957094302476
2.7860745068142583e-13	0.1520651506360201
2.916686334356758e-13	0.5165713878132557
3.0534212750652074e-13	1.5621336881558947
3.1965663819236375e-13	4.1132965111314075
3.346422165027358e-13	9.202212904722465
3.5033032224556456e-13	17.24753307802599
3.667538900719567e-13	32.72417764303203
3.839473986172086e-13	78.0200994991142
4.0194694288314114e-13	77.94477747960019
4.207903100137345e-13	22.394891663968597
4.405170586231682e-13	6.321498472234362
4.611686018427388e-13	1.667066300239296
4.827882942610793e-13	0.2719199970209687
5.054215229401191e-13	0.025317911547801584
5.291158026979158e-13	0.0012522025069148382
5.539208758583673e-13	3.0399583025549227e-5
5.798888166771992e-13	0.0005137751350695986
6.070741406634831e-13	0.0023269248862170144
6.355339190261664e-13	0.010038325777701348
6.653278984858797e-13	0.04064633709196176
6.965186267035623e-13	0.15207788035879602
7.291715835891894e-13	0.5166149281438748
7.633553187663044e-13	1.562266296051029
7.991415954809093e-13	4.113648275947543
8.366055412568395e-13	9.203005912030012
8.758258056139085e-13	17.249029082236504
9.168847251798917e-13	32.72699933634007
9.598684965430246e-13	78.02687464741729
1.004867357207853e-12	77.95179433978777
1.0519757750343362e-12	22.396944586135373
1.1012926465579169e-12	6.322073603189439
1.152921504606847e-12	1.6672192503368641
1.2069707356526982e-12	0.2719452037041198
1.2635538073502978e-12	0.025320283706743035
1.3227895067447895e-12	0.001252321136464775
1.3848021896459183e-12	3.0402496091321927e-5
1.4497220416929979e-12	0.0005138170968851698
1.5176853516587079e-12	0.0023271160178488697
1.588834797565416e-12	0.010039155344945844
1.663319746214699e-12	0.040649717421634854
1.7412965667589057e-12	0.1520906113212666
1.8229289589729738e-12	0.5166584726767564
1.908388296915761e-12	1.5623989166264
1.9978539887022734e-12	4.114000074079441
2.091513853142099e-12	9.20379899370717
2.1895645140347714e-12	17.250525225534098
2.2922118129497296e-12	32.729821292812055
2.399671241357561e-12	78.03365042126559
2.512168393019632e-12	77.95881182564423
2.6299394375858407e-12	22.398997688144036
2.753231616394792e-12	6.322648784614421
2.8823037615171173e-12	1.6673722137136058
3.0174268391317456e-12	0.27197041254965665
3.1588845183757443e-12	0.025322656066907975
3.3069737668619735e-12	0.0012524397759203034
3.4620054741147955e-12	3.040540938747143e-5
3.6243051042324945e-12	0.000513859063961971
3.794213379146769e-12	0.0023273071729414184
3.97208699391354e-12	0.010039985011715154
4.1582993655367474e-12	0.04065309814712928
4.3532414168972644e-12	0.15210334373734788
4.557322397432434e-12	0.5167020220500146
4.770970742289403e-12	1.5625315515311455
4.9946349717556835e-12	4.114351909094275
5.228784632855247e-12	9.20459215592544
5.473911285086928e-12	17.252021516482063
5.7305295323743236e-12	32.732643531815896
5.9991781033939035e-12	78.0404268525424
6.28042098254908e-12	77.96582990408204
6.5748485939646015e-12	22.401050950229706
6.88307904098698e-12	6.323224011709765
7.205759403792793e-12	1.6675251887085722
7.543567097829363e-12	0.2719956232094476
7.897211295939361e-12	0.0253250285886367
8.267434417154934e-12	0.0012525584228794365
8.65501368528699e-12	3.040832283098783e-5
9.060762760581236e-12	0.0005139010388926615
9.485533447866924e-12	0.0023274983624185603
9.93021748478385e-12	0.010040814821360019
1.039574841384187e-11	0.04065647942790501
1.0883103542243161e-11	0.1521160781416404
1.1393305993581086e-11	0.5167455778581783
1.1927426855723505e-11	1.5626642048853943
1.2486587429389208e-11	4.114703789903607
1.3071961582138117e-11	9.205385414098943
1.368477821271732e-11	17.25351797646138
1.4326323830935808e-11	32.73546610169679
1.4997945258484758e-11	78.04720402076794
1.5701052456372703e-11	77.97284849230053
1.6437121484911504e-11	22.403104322961415
1.720769760246745e-11	6.32379927246419
1.8014398509481985e-11	1.6676781711662927
1.8858917744573408e-11	0.2720208348126223
1.9743028239848403e-11	0.02532740117273303
2.0668586042887337e-11	0.0012526770713343226
2.163753421321747e-11	3.0411236214143813e-5
2.265190690145309e-11	0.0005139430281584234
2.371383361966731e-11	0.002327689613587669
2.4825543711959625e-11	0.01004164488224625
2.5989371034604672e-11	0.040659861662558756
2.7207758855607903e-11	0.15212881587042562
2.8483264983952715e-11	0.5167891440867151
2.9818567139308763e-11	1.562796886986684
3.121646857347302e-11	4.115055738778117
3.2679903955345294e-11	9.206178806742681
3.42119455317933e-11	17.2550146588836
3.581580957733952e-11	32.73828912325241
3.7494863146211896e-11	78.05398212458027
3.925263114093175e-11	77.97986738302457
4.1092803712278756e-11	22.405157682667035
4.301924400616863e-11	6.324374536825463
4.503599627370496e-11	1.667831150691348
4.714729436143352e-11	0.2720460451808273
4.935757059962101e-11	0.025329773571090387
5.167146510721834e-11	0.0012527957062582434
5.409383553304368e-11	3.0414149017164606e-5
5.662976725363273e-11	0.0005139850479643122
5.928458404916827e-11	0.0023278809947249466
6.206385927989906e-11	0.010042475465314029
6.497342758651168e-11	0.040663245847656654
6.801939713901976e-11	0.15214156026454806
7.120816245988178e-11	0.516832730699317
7.45464178482719e-11	1.5629296235773966
7.804117143368256e-11	4.115407811386657
8.169975988836323e-11	9.206972430117121
8.552986382948326e-11	17.256511697211756
8.953952394334881e-11	32.74111289837583
9.373715786552974e-11	78.06076166027265
9.813157785232939e-11	77.98688605739439
1.027320092806969e-10	22.407210719911664
1.0754811001542157e-10	6.324949729596426
1.125899906842624e-10	1.6679841012755032
1.178682359035838e-10	0.2720712488645568
1.2339392649905252e-10	0.025332145163069496
1.2917866276804584e-10	0.0012529142900602691
1.352345888326092e-10	3.0417059939131045e-5
1.4157441813408183e-10	0.0005140271388163547
1.4821146012292068e-10	0.002328072676491159
1.5515964819974767e-10	0.010043307247786033
1.624335689662792e-10	0.040666634474098115
1.700484928475494e-10	0.1521543196741803
1.7802040614970448e-10	0.5168763625986287
1.8636604462067977e-10	1.563062478993547
1.951029285842064e-10	4.115760146848761
2.0424939972090808e-10	9.207766524755572
2.1382465957370812e-10	17.258009424881372
2.23848809858372e-10	32.74393818137995
2.3434289466382435e-10	78.06754386760758
2.453289446308235e-10	77.9939032172942
2.568300232017422e-10	22.409262660818495
2.688702750385539e-10	6.325524662699989
2.81474976710656e-10	1.6681369578757619
2.9467058975895954e-10	0.27209643223633806
3.084848162476313e-10	0.02533451439673961
3.229466569201146e-10	0.0012530327287399196
3.38086472081523e-10	3.0419965725490605e-5
3.5393604533520453e-10	0.0005140694019778619
3.7052865030730173e-10	0.002328265085525797
3.878991204993691e-10	0.010044141922645758
4.06083922415698e-10	0.04067003376875488
4.2512123211887347e-10	0.1521671149729753
4.450510153742612e-10	0.5169201020339489
4.659151115516994e-10	1.563195614049139
4.877573214605159e-10	4.116113092883797
5.106234993022702e-10	9.20856169178797
5.345616489342703e-10	17.259508675058786
5.5962202464593e-10	32.746766857318775
5.858572366595609e-10	78.07433184413654
6.133223615770587e-10	78.0009156145711
6.420750580043556e-10	22.411311569689623
6.721756875963849e-10	6.326098865671625
7.0368744177664e-10	1.6682895578070414
7.366764743973988e-10	0.2721215612136992
7.712120406190783e-10	0.02533687739091787
8.073666423002865e-10	0.0012531507872056932
8.452161802038075e-10	3.042285823303387e-5
8.848401133380114e-10	0.0005141120905894604
9.263216257682543e-10	0.0023284592883410014
9.697478012484228e-10	0.010044983721950238
1.015209806039245e-9	0.040673459297060066
1.0628030802971836e-9	0.1521799983379415
1.1126275384356529e-9	0.5169641046023998
1.1647877788792485e-9	1.5633294306939747
1.2193933036512899e-9	4.116467518549144
1.2765587482556754e-9	9.209359433460538
1.3364041223356758e-9	17.26101152950959
1.3990550616148251e-9	32.74960363674143
1.4646430916489022e-9	78.08113332865892
1.5333059039426467e-9	78.00791512236287
1.605187645010889e-9	22.413352605128686
1.6804392189909622e-9	6.3266711617495135
1.7592186044416e-9	1.6684414941889916
1.841691185993497e-9	0.27214655056132414
1.9280301015476955e-9	0.025339224439878953
2.0184166057507163e-9	0.0012532678775424902
2.113040450509519e-9	3.0425717088437225e-5
2.2121002833450285e-9	0.0005141558374860616
2.3158040644206357e-9	0.0023286579511155986
2.4243695031210573e-9	0.010045843225292363
2.5380245150981126e-9	0.04067694996990051
2.657007700742959e-9	0.15219310019930127
2.7815688460891322e-9	0.5170087592476466
2.9119694471981214e-9	1.5634649336309137
3.0484832591282247e-9	4.116825595973867
3.191396870639189e-9	9.210163504093796
3.3410103058391895e-9	17.262523189983945
3.497637654037063e-9	32.75246029131662
3.6616077291222557e-9	78.08796765631237
3.833264759856617e-9	78.01488140647334
4.012969112527222e-9	22.415373657787654
4.201098047477405e-9	6.3272386074172635
4.398046511104e-9	1.668591749363848
4.6042279649837425e-9	0.2721711871103552
4.820075253869239e-9	0.025341531271562568
5.046041514376791e-9	0.0012533825294656123
5.282601126273797e-9	3.0428491322561832e-5
5.530250708362571e-9	0.0005142022246980953
5.78951016105159e-9	0.002328867738973334
6.060923757802643e-9	0.010046746879996259
6.345061287745282e-9	0.040680603056652546
6.642519251857398e-9	0.15220674659768493
6.95392211522283e-9	0.5170550381921817
7.279923617995304e-9	1.5636046341484064
7.621208147820563e-9	4.117192754101639
7.978492176597972e-9	9.210983286075967
8.352525764597973e-9	17.264056653942454
8.744094135092657e-9	32.75536623798969
9.154019322805639e-9	78.09488313427875
9.58316189964154e-9	78.02176358933002
1.0032422781318056e-8	22.41734444022016
1.0502745118693512e-8	6.327793840007695
1.099511627776e-8	1.6687377781015775
1.1510569912459357e-8	0.2721949377501036
1.2050188134673098e-8	0.02534373718841518
1.2615103785941977e-8	0.0012534910662440832
1.3206502815684493e-8	3.0431053449229005e-5
1.3825626770906428e-8	0.0005142552072709331
1.4473775402628974e-8	0.002329105314350837
1.5152309394506606e-8	0.010047760801914503
1.5862653219363203e-8	0.04068466171703756
1.6606298129643494e-8	0.152221752563989
1.7384805288057076e-8	0.5171053716916675
1.819980904498826e-8	1.5637548093788731
1.9053020369551404e-8	4.117582561978097
1.994623044149493e-8	9.211842226996627
2.0881314411494936e-8	17.265644397872098
2.186023533773164e-8	32.758394988919555
2.2885048307014098e-8	78.10200045272072
2.3957904749103853e-8	78.02843437058189
2.508105695329514e-8	22.41918919908732
2.6256862796733782e-8	6.328318443219141
2.74877906944e-8	1.668873214648329
2.877642478114839e-8	0.27221646924580295
3.012547033668274e-8	0.025345690407502775
3.1537759464854944e-8	0.001253584294448006
3.301625703921123e-8	3.043308474936431e-5
3.456406692726607e-8	0.0005143246733471154
3.618443850657244e-8	0.0023294123347512314
3.788077348626652e-8	0.010049050283560493
3.965663304840801e-8	0.04068973384726195
4.1515745324108734e-8	0.15224015558428905
4.346201322014269e-8	0.5171658348362447
4.549952261247065e-8	1.5639311498110928
4.763255092387851e-8	4.118028934474103
4.9865576103737325e-8	9.212798925319696
5.220328602873734e-8	17.267367570236935
5.46505883443291e-8	32.7617302511062
5.721262076753524e-8	78.10962113624588
5.989476187275963e-8	78.03457522580105
6.270264238323785e-8	22.420718467569664
6.564215699183446e-8	6.328766352990843
6.8719476736e-8	1.6689821382968442
7.194106195287098e-8	0.2722324474808574
7.531367584170686e-8	0.025347011405499244
7.884439866213736e-8	0.001253639232643303
8.254064259802807e-8	3.043378939206557e-5
8.641016731816518e-8	0.0005144353483900376
9.046109626643109e-8	0.0023298929621050793
9.47019337156663e-8	0.010051028619877342
9.914158262102003e-8	0.040697339375459204
1.0378936331027184e-7	0.15226704968257757
1.0865503305035673e-7	0.5172516152542128
1.1374880653117662e-7	1.564172878224497
1.1908137730969629e-7	4.118616642920775
1.246639402593433e-7	9.21399982906144
1.3050821507184335e-7	17.269428937016855
1.3662647086082276e-7	32.765831121685224
1.430315519188381e-7	78.11849845527586
1.497369046818991e-7	78.03938912250885
1.5675660595809464e-7	22.421458394380423
1.6410539247958613e-7	6.329022356367657
1.7179869184e-7	1.669024733976469
1.7985265488217743e-7	0.27223453534061465
1.8828418960426715e-7	0.025346751410074794
1.971109966553434e-7	0.0012535984713460814
2.0635160649507018e-7	3.0431186358182582e-5
2.1602541829541292e-7	0.000514649082630596
2.261527406660777e-7	0.002330807738847236
2.3675483428916573e-7	0.010054729562775387
2.478539565525501e-7	0.040711279821752
2.594734082756796e-7	0.1523151740804966
2.7163758262589184e-7	0.5174006898579775
2.8437201632794157e-7	1.5645780583628448
2.977034432742407e-7	4.119557598763236
3.1165985064835826e-7	9.215810959076824
3.262705376796084e-7	17.272335163700266
3.415661771520569e-7	32.77184500660733
3.575788797970953e-7	78.13051400427143
3.743422617047477e-7	78.04088144589542
3.9189151489523657e-7	22.420224043433798
4.1026348119896534e-7	6.32879832349596
4.294967296e-7	1.6689014464867131
4.496316372054436e-7	0.2722018901824971
4.707104740106679e-7	0.0253425398381623
4.927774916383585e-7	0.0012533188402470378
5.158790162376754e-7	3.0420383078278924e-5
5.400635457385323e-7	0.0005151207420958021
5.653818516651943e-7	0.002332808942112339
5.918870857229143e-7	0.010062741002612563
6.196348913813751e-7	0.04074107093864194
6.48683520689199e-7	0.15241640846236343
6.790939565647296e-7	0.5177080711952754
7.109300408198538e-7	1.5653919632510906
7.442586081856018e-7	4.121381681615711
7.791496266208957e-7	9.21914725453468
8.156763441990209e-7	17.277352379955815
8.539154428801423e-7	32.78264014367203
8.939471994927382e-7	78.15036640653332
9.358556542618692e-7	78.03405917360364
9.797287872380915e-7	22.41405327117708
1.0256587029974134e-6	6.327373904849585
1.073741824e-6	1.668363443121637
1.1240790930136089e-6	0.2720824352807624
1.1767761850266678e-6	0.02532846148460893
1.2319437290958982e-6	0.001252444823278366
1.2896975405941886e-6	3.0389540344126688e-5
1.3501588643463309e-6	0.0005162390269895265
1.4134546291629856e-6	0.0023375331831036223
1.4797177143072835e-6	0.010081555370511032
1.5490872284534404e-6	0.04081058021104169
1.6217088017229976e-6	0.1526506640124699
1.697734891411824e-6	0.5184117835169043
1.7773251020496348e-6	1.5672286651716223
1.8606465204640015e-6	4.12541474085455
1.9478740665522424e-6	9.226296630405873
2.0391908604975524e-6	17.287645146955548
2.1347886072003556e-6	32.80538999235085
2.2348679987318455e-6	78.18978005559825
2.3396391356546694e-6	78.00641487133117
2.4493219680952324e-6	22.39554727131263
2.5641467574935333e-6	6.3229495376143
2.68435456e-6	1.666789401082591
2.8101977325340225e-6	0.27174623816934795
2.9419404625666695e-6	0.02528980578344181
3.0798593227397456e-6	0.0012501032245613656
3.2242438514854718e-6	3.0311558924660818e-5
3.375397160865827e-6	0.0005189853996311175
3.533636572907464e-6	0.002349109509126856
3.6992942857682087e-6	0.01012754793539019
3.872718071133601e-6	0.04097997403423643
4.054272004307494e-6	0.1532190816465254
4.24433722852956e-6	0.5201101064104815
4.443312755124087e-6	1.5716293586956152
4.651616301160004e-6	4.134979887803403
4.869685166380606e-6	9.242985592415279
5.09797715124388e-6	17.311126536310066
5.336971518000889e-6	32.858057622199986
5.587169996829613e-6	78.27795562499537
5.849097839136674e-6	77.92656409608499
6.123304920238081e-6	22.34626332503622
6.4103668937338335e-6	6.3110381813145
6.7108864e-6	1.662631787338604
7.025494331335056e-6	0.2708702679733876
7.354851156416673e-6	0.02519029781288854
7.699648306849364e-6	0.0012442099405973086
8.06060962871368e-6	3.013440725642553e-5
8.438492902164567e-6	0.0005258750758511268
8.834091432268661e-6	0.002378098310715618
9.248235714420522e-6	0.01024256979054874
9.681795177834002e-6	0.041402819446788766
1.0135680010768735e-5	0.15463316485164696
1.0610843071323899e-5	0.524319264183887
1.1108281887810218e-5	1.582485802759673
1.1629040752900008e-5	4.158441133137061
1.2174212915951514e-5	9.283580019177103
1.2744942878109702e-5	17.367605385613857
1.3342428795002223e-5	32.98576298718045
1.3967924992074034e-5	78.48727149326214
1.4622744597841684e-5	77.71542585874317
1.5308262300595205e-5	22.22046692353363
1.6025917234334584e-5	6.280505411420503
1.6777216e-5	1.6520603070137436
1.756373582833764e-5	0.2686585985190263
1.8387127891041685e-5	0.02494241708284247
1.9249120767123408e-5	0.0012301752438906436
2.01515240717842e-5	2.9825666477787323e-5
2.109623225541142e-5	0.0005435920474112817
2.2085228580671653e-5	0.002452425925090957
2.3120589286051304e-5	0.01053708072307156
2.4204487944585006e-5	0.042483099309978685
2.5339200026921837e-5	0.15822667287558795
2.652710767830975e-5	0.534960082373528
2.7770704719525543e-5	1.6097734979331806
2.9072601882250022e-5	4.217066825066729
3.043553228987879e-5	9.384318599818739
3.1862357195274255e-5	17.506800246715297
3.335607198750556e-5	33.30269617159101
3.491981248018508e-5	78.99487201264165
3.655686149460421e-5	77.17175738498848
3.8270655751488006e-5	21.9062205212403
4.006479308583646e-5	6.204053861671659
4.194304e-5	1.6257439428547866
4.39093395708441e-5	0.26319440092980756
4.596781972760421e-5	0.02434702904990633
4.812280191780852e-5	0.001200378959163753
5.03788101794605e-5	2.9897757190716305e-5
5.274058063852855e-5	0.0005914963718865547
5.521307145167913e-5	0.0026520430052876
5.780147321512826e-5	0.011325560428493286
6.0511219861462516e-5	0.04536142037735863
6.334800006730459e-5	0.16768950311800807
6.631776919577437e-5	0.5626684708757191
6.942676179881386e-5	1.6799896737723632
7.268150470562505e-5	4.3662627435830315
7.608883072469697e-5	9.637768231404534
7.965589298818563e-5	17.854205562004356
8.339017996876389e-5	34.10303374462037
8.72995312004627e-5	80.2189821802797
9.139215373651052e-5	75.7722784942617
9.567663937872002e-5	21.138657643227756
0.00010016198271459114	6.01678861163916
0.0001048576	1.5618568343572012
0.00010977334892711025	0.2501291038368758
0.00011491954931901053	0.023025460465335414
0.0001203070047945213	0.001159311548768683
0.00012594702544865125	3.506269938647183e-5
0.00013185145159632137	0.0007375239678539368
0.00013803267862919782	0.0032501557096208896
0.00014450368303782065	0.013664241449706098
0.0001512780496536563	0.05378770843152505
0.00015837000016826147	0.1946412860320301
0.00016579442298943594	0.6394974033921142
0.00017356690449703464	1.8692406824872125
0.00018170376176406263	4.75792011197738
0.00019022207681174241	10.285692242910343
0.0001991397324704641	18.72862054677587
0.00020847544992190972	36.17316777414591
0.00021824882800115678	83.03173786082472
0.00022848038434127632	72.1043795735007
0.00023919159844680004	19.34536379004016
0.00025040495678647787	5.57616103489044
0.000262144	1.41453135908384
0.00027443337231777566	0.22113466778355798
0.0002872988732975263	0.02071362462084459
0.00030076751198630325	0.001261397443130768
0.0003148675636216281	7.535044996943578e-5
0.0003296286289908034	0.0013343789761307615
0.00034508169657299456	0.005586751632093176
0.00036125920759455163	0.022469049483739734
0.0003781951241341407	0.0842846405398277
0.0003959250004206537	0.286357945615536
0.00041448605747358984	0.8848706646300067
0.0004339172612425866	2.434423069094943
0.0004542594044101566	5.854495541940118
0.0004755551920293561	11.987607219529677
0.0004978493311761602	20.964474854472083
0.0005211886248047743	41.79834928912917
0.0005456220700028919	88.37578426401356
0.0005712009608531907	62.38105251330371
0.0005979789961170002	15.61375000914263
0.0006260123919661946	4.640002724335245
0.00065536	1.1157611506269463
0.0006860834307944391	0.16870897224347506
0.0007182471832438158	0.020227145710458482
0.0007519187799657582	0.00280963249672569
0.0007871689090540703	0.0003054622194241442
0.0008240715724770085	0.005999956834902725
0.0008627042414324864	0.021827670320489264
0.0009031480189863791	0.07661021606291378
0.0009454878103353518	0.25092282867342003
0.0009898125010516343	0.7253263372865616
0.0010362151436839745	1.8979761882461041
0.0010847931531064664	4.42866289501222
0.0011356485110253914	9.158353167331803
0.00118888798007339	16.397968198595944
0.0012446233279404006	26.81601957826701
0.001302971562011936	57.598840762054294
0.00136405517500723	89.45893542799499
0.001428002402132977	39.56046287157226
0.0014949474902925003	9.848678263009779
0.0015650309799154867	3.0965517118569434
0.0016384	0.6706865158598935
0.0017152085769860962	0.12947656651293143
0.0017956179581095394	0.0382369972274637
0.0018797969499143954	0.012269294737516702
0.0019679222726351774	0.0009443100205803693
0.0020601789311925213	0.10207182326579767
0.0021567606035812143	0.27858487292463185
0.0022578700474659478	0.7178204914583571
0.0023637195258383796	1.7353419706179574
0.0024745312526290877	3.6407783461517274
0.0025905378592099362	6.746035571654448
0.002711982882766164	11.160000907606939
0.0028391212775634787	17.12611439959825
0.002972219950183475	24.917663357389856
0.0031115583198510037	45.16126372811546
0.0032574289050298394	79.55437068720741
0.003410137937518072	47.91404735056439
0.003570006005332442	12.95872283002967
0.0037373687257312507	5.102967181923598
0.00391257744978872	1.5773199165011342
0.004096	0.3819217877812072
0.004288021442465241	0.319456002347596
0.004489044895273848	0.09467348869283972
0.004699492374785988	0.041607724473780215
0.004919805681587943	0.001153477764895496
0.005150447327981303	2.054529001196395
0.005391901508953035	3.6392651260317446
0.005644675118664869	6.044731852738554
0.005909298814595948	9.249838497821662
0.006186328131572719	11.933853648127052
0.006476344648024841	13.651030054936976
0.00677995720691541	16.530401223754964
0.007097803193908697	23.863821677371636
0.007430549875458688	44.33032890097836
0.00777889579962751	54.75143577865684
0.0081435722625746	25.06306017964489
0.00852534484379518	9.69985684841964
0.008925015013331105	5.475115220998705
0.009343421814328127	2.4837504036814373
0.0097814436244718	0.8192760984115387
0.01024	0.9858384921030592
0.010720053606163103	0.3627729016939684
0.011222612238184621	0.29720858668648154
0.011748730936964972	0.03654834213503039
0.012299514203969858	0.018680020834103587
0.012876118319953259	4.352793069189485
0.013479753772382589	7.30956983979302
0.014111687796662173	11.670582024741387
0.014773247036489872	14.576056271620601
0.015465820328931797	15.082656091357515
0.016190861620062103	17.804387616550954
0.016949893017288525	24.892568876463883
0.017744507984771743	29.88934072561728
0.018576374688646723	16.60040813538125
0.019447239499068774	4.272648965946271
0.020358930656436496	2.4410400835201576
0.02131336210948795	3.465649557686939
0.022312537533327764	4.85266044715005
0.02335855453582032	4.762805962362227
0.0244536090611795	3.91573451232255
0.0256	2.208253827065606
0.026800134015407755	1.1888845736226965
0.028056530595461555	0.2612525903613172
0.029371827342412428	0.020078770048406237
0.030748785509924645	0.038587935046274884
0.03219029579988315	6.6690805203119705
0.03369938443095647	8.007006913889937
0.03527921949165543	9.186636107834081
0.03693311759122468	17.157532917991865
0.038664550822329495	16.18807323286457
0.040477154050155256	9.999573055782466
0.04237473254322131	2.87089786407838
0.04436126996192936	1.3965416604715073
0.0464409367216168	3.05557408175131
0.04861809874767194	3.0770672851077454
0.05089732664109124	1.6334635147409848
0.05328340527371987	1.6861017126594287
0.05578134383331941	2.527791461201645
0.05839638633955079	2.950163670551222
0.06113402265294875	2.3909905888501513
0.064	1.9166795513900075
0.06700033503851939	2.1006515268709753
0.07014132648865391	1.1803539759204054
0.07342956835603104	0.42765746560993584
0.0768719637748116	0.4219613239952222
0.08047573949970786	3.7109003767644695
0.08424846107739119	5.0562099731875465
0.08819804872913861	11.47593009051798
0.09233279397806166	9.407864972021013
0.09666137705582374	2.0218081607193734
0.10119288512538814	0.4584275299545641
0.10593683135805329	0.2935007249700761
0.11090317490482343	0.960684724075154
0.11610234180404196	1.6417166959584608
0.12154524686917983	1.0093289373176422
0.1272433166027281	0.671121959238095
0.1332085131842997	1.088007424667227
0.13945335958329858	1.5976302999594674
0.1459909658488769	1.726959489040596
0.15283505663237187	1.6914141369263807
0.16000000000000003	1.9958189848927985
0.16750083759629847	3.0080844030836653
0.17535331622163478	1.7940497558547868
0.1835739208900776	1.6467815465108793
0.19217990943702903	1.118994552463922
0.20118934874926966	2.1011050741518704
0.21062115269347795	3.953415867108689
0.22049512182284653	3.277788764541001
0.23083198494515414	2.1456781158185456
0.24165344263955935	0.7539133856168242
0.25298221281347033	1.0740670849889853
0.2648420783951332	2.8482112492740908
0.2772579372620586	5.955935161890834
0.2902558545101049	7.352115227215739
0.3038631171729496	9.303169211672904
0.31810829150682024	13.552769855071954
0.3330212829607492	20.967412211552304
0.34863339895824647	38.561051662760434
0.3649774146221923	38.6044973227437
0.38208764158092967	9.40467972903403
0.4	1.9687800340038677
0.41875209399074625	0.4995826418771515
0.438383290554087	0.3534020556077022
0.458934802225194	0.7123392670064593
0.48044977359257246	1.8855469834860992
0.5029733718731741	2.713017444531261
0.526552881733695	1.7548808819700137
0.5512378045571164	0.9797516153254643
0.5770799623628854	0.808559609597109
0.6041336065988983	0.28203646029277635
0.6324555320336759	0.32188837321081404
0.6621051959878331	0.19126160682250495
0.6931448431551465	0.04207684633297029
0.7256396362752623	0.005515065328125978
0.7596577929323739	0.003438971323672928
0.7952707287670506	0.005840209011863256
0.8325532074018732	0.011641170954264415
0.8715834973956161	0.012371788804993572
0.9124435365554808	0.03132917080631613
0.955219103952324	0.09762261066843855
1.0	0.07282154675097467
