-1.0	0.008783741271474277
-0.955219103952324	0.018158056190226948
-0.9124435365554808	0.041048921396967045
-0.8715834973956161	0.057108071323855376
-0.8325532074018732	0.04078982825473563
-0.7952707287670506	0.030034717879577854
-0.7596577929323739	0.027494735847658443
-0.7256396362752623	0.02173877048933626
-0.6931448431551465	0.015805909452029955
-0.6621051959878331	0.02503818985238922
-0.6324555320336759	0.14189108974863002
-0.6041336065988983	0.3708233247310972
-0.5770799623628854	0.2798304229843276
-0.5512378045571164	0.615366555172756
-0.526552881733695	1.0242471853602728
-0.5029733718731741	0.7739767690617172
-0.48044977359257246	0.3152465434604316
-0.458934802225194	0.175913176434849
-0.438383290554087	0.09632459615627496
-0.41875209399074625	0.03636402083539258
-0.4	0.02215054356606542
-0.38208764158092967	0.09309625079854263
-0.3649774146221923	0.32890726410158666
-0.34863339895824647	0.5132934821105637
-0.3330212829607492	0.9758723112234229
-0.31810829150682024	1.447856557911823
-0.3038631171729496	2.6440847292369942
-0.2902558545101049	4.341879413164361
-0.2772579372620586	4.015703687673072
-0.2648420783951332	3.4128577934148856
-0.25298221281347033	4.810826171420349
-0.24165344263955935	7.020896809162652
-0.23083198494515414	0.4020478104111311
-0.22049512182284653	0.3406561792664699
-0.21062115269347795	2.016430399773391
-0.20118934874926966	11.693215185472887
-0.19217990943702903	53.31642815193031
-0.1835739208900776	41.289115877416855
-0.17535331622163478	20.623234061116953
-0.16750083759629847	14.000065531774727
-0.16000000000000003	11.017526390947484
-0.15283505663237187	9.315720516138384
-0.1459909658488769	5.77478922713416
-0.13945335958329858	5.840835040106429
-0.1332085131842997	8.30070120231529
-0.1272433166027281	8.51225714863687
-0.12154524686917983	4.888292362484043
-0.11610234180404196	2.260489685879351
-0.11090317490482343	1.3310518734390762
-0.10593683135805329	3.8477196935645934
-0.10119288512538814	2.594180674170457
-0.09666137705582374	1.137976500964451
-0.09233279397806166	0.425580253165937
-0.08819804872913861	0.8956831119454826
-0.08424846107739119	0.9354490155549477
-0.08047573949970786	0.8423221641568759
-0.0768719637748116	0.8935382815567849
-0.07342956835603104	1.5850570178545673
-0.07014132648865391	5.4065661443605375
-0.06700033503851939	6.428686268958258
-0.064	5.016227951343164
-0.06113402265294875	5.910109326032499
-0.05839638633955079	6.0907721933539225
-0.05578134383331941	6.153068811629122
-0.05328340527371987	7.142218200304554
-0.05089732664109124	5.063189864325781
-0.04861809874767194	1.8070532198301836
-0.0464409367216168	1.007051680945919
-0.04436126996192936	2.2792985570273037
-0.04237473254322131	8.20774452134099
-0.040477154050155256	3.220723056619933
-0.038664550822329495	2.0620663953447465
-0.03693311759122468	0.5794765502902183
-0.03527921949165543	0.7149508983450261
-0.03369938443095647	0.5698140586850058
-0.03219029579988315	0.3998278427860724
-0.030748785509924645	1.1460930982715793
-0.029371827342412428	3.039962417190729
-0.028056530595461555	1.3060679732586262
-0.026800134015407755	1.578695128029681
-0.0256	3.7842638694833433
-0.0244536090611795	6.725766257319372
-0.02335855453582032	6.742610704252174
-0.022312537533327764	5.320736827115534
-0.02131336210948795	4.62581199725193
-0.020358930656436496	9.243415881832911
-0.019447239499068774	18.304257649191932
-0.018576374688646723	15.510935601919245
-0.017744507984771743	6.646107953845886
-0.016949893017288525	3.874937239546056
-0.016190861620062103	3.775515741016211
-0.015465820328931797	4.110106238598521
-0.014773247036489872	0.04015867392110633
-0.014111687796662173	0.010236187898976373
-0.013479753772382589	0.0028113402255350597
-0.012876118319953259	0.14564769964441443
-0.012299514203969858	1.114374775118568
-0.011748730936964972	0.6282758663830381
-0.011222612238184621	0.06429828051247884
-0.010720053606163103	0.4822946031845316
-0.01024	1.663745781628173
-0.0097814436244718	1.9308541065549745
-0.009343421814328127	3.7224725643139727
-0.008925015013331105	9.659285259682274
-0.00852534484379518	27.82800508161663
-0.0081435722625746	47.63712526145168
-0.00777889579962751	38.20757938630011
-0.007430549875458688	21.99335938636889
-0.007097803193908697	14.547885806302197
-0.00677995720691541	10.199253399463588
-0.006476344648024841	6.4217260332937585
-0.006186328131572719	3.6540368393530076
-0.005909298814595948	0.016004431841445222
-0.005644675118664869	0.0021780489294812287
-0.005391901508953035	0.0025553077242366057
-0.005150447327981303	0.11931686545198553
-0.004919805681587943	0.31263478069491074
-0.004699492374785988	0.06912806219081566
-0.004489044895273848	0.09506248075307906
-0.004288021442465241	0.6076439156308537
-0.004096	1.3748617330912467
-0.00391257744978872	3.538898862293822
-0.0037373687257312507	10.412843584634997
-0.003570006005332442	35.1292840295049
-0.003410137937518072	63.247056314043725
-0.0032574289050298394	47.756885077160916
-0.0031115583198510037	26.042011804901712
-0.002972219950183475	17.25553676378646
-0.0028391212775634787	11.719786642836986
-0.002711982882766164	7.198346347123422
-0.0025905378592099362	3.966774806466961
-0.0024745312526290877	1.9875532876537791
-0.0023637195258383796	0.0011590524538402228
-0.0022578700474659478	9.873397790966388e-5
-0.0021567606035812143	0.0012779065083668682
-0.0020601789311925213	0.035916912647314315
-0.0019679222726351774	0.05285023846910337
-0.0018797969499143954	0.014746724251955933
-0.0017956179581095394	0.10483959167481295
-0.0017152085769860962	0.5520673089061886
-0.0016384	1.9442254667044616
-0.0015650309799154867	6.027720217982404
-0.0014949474902925003	22.42078350765066
-0.001428002402132977	61.99199523123823
-0.00136405517500723	65.49513094942331
-0.001302971562011936	36.134747892792255
-0.0012446233279404006	22.13860558958917
-0.00118888798007339	15.432909813536241
-0.0011356485110253914	9.82221950395045
-0.0010847931531064664	5.572447224784429
-0.0010362151436839745	2.8544513017418156
-0.0009898125010516343	1.3416671645613703
-0.0009454878103353518	0.00010362523087885545
-0.0009031480189863791	7.5684263058674035e-6
-0.0008627042414324864	0.0003380465123367592
-0.0008240715724770085	0.0072182416008777835
-0.0007871689090540703	0.008683686170342472
-0.0007519187799657582	0.013044324329763515
-0.0007182471832438158	0.11530626392304628
-0.0006860834307944391	0.6413143011623048
-0.00065536	2.4563917280683647
-0.0006260123919661946	8.042257155040934
-0.0005979789961170002	32.214584593619925
-0.0005712009608531907	72.47530715320958
-0.0005456220700028919	60.17420984428372
-0.0005211886248047743	31.894314367950745
-0.0004978493311761602	21.060630495967132
-0.0004755551920293561	14.508747490972576
-0.0004542594044101566	8.913764973148075
-0.0004339172612425866	4.879994292173377
-0.00041448605747358984	2.4192386927820437
-0.0003959250004206537	1.1031132594741255
-0.0003781951241341407	1.250899742310953e-5
-0.00036125920759455163	9.033707925424643e-7
-0.00034508169657299456	6.584282720767818e-5
-0.0003296286289908034	0.0012630764033509613
-0.0003148675636216281	0.0021797887479441166
-0.00030076751198630325	0.01449895935131415
-0.0002872988732975263	0.12697159127110053
-0.00027443337231777566	0.7107889184892677
-0.000262144	2.7225170901606828
-0.00025040495678647787	9.196423600417756
-0.00023919159844680004	37.22946190090617
-0.00022848038434127632	75.6880919864231
-0.00021824882800115678	57.238519554760465
-0.00020847544992190972	30.47981564312741
-0.0001991397324704641	20.653244099751
-0.00019022207681174241	14.094118810889311
-0.00018170376176406263	8.528680720654405
-0.00017356690449703464	4.60035792454439
-0.00016579442298943594	2.249093144468738
-0.00015837000016826147	1.012137674215089
-0.0001512780496536563	1.5670716899419912e-6
-0.00014450368303782065	1.252422106489706e-7
-0.00013803267862919782	1.216803598959081e-5
-0.00013185145159632137	0.00024418312189392586
-0.00012594702544865125	0.001263568263751811
-0.0001203070047945213	0.015410023077932627
-0.00011491954931901053	0.1337082203099041
-0.00010977334892711025	0.7452474089919227
-0.0001048576	2.841438624791393
-0.00010016198271459114	9.738470111445885
-9.567663937872002e-5	39.42027211532674
-9.139215373651052e-5	76.75521408058157
-8.72995312004627e-5	55.98668301161744
-8.339017996876389e-5	29.972088009149534
-7.965589298818563e-5	20.495594042576236
-7.608883072469697e-5	13.924754448501659
-7.268150470562505e-5	8.374017333142852
-6.942676179881386e-5	4.489762185877616
-6.631776919577437e-5	2.182505331754483
-6.334800006730459e-5	0.9768396387895927
-6.0511219861462516e-5	1.9013502751494992e-7
-5.780147321512826e-5	2.5110616821986175e-8
-5.521307145167913e-5	2.789773377838324e-6
-5.274058063852855e-5	7.679235120530386e-5
-5.03788101794605e-5	0.0011426334944254015
-4.812280191780852e-5	0.01582521216367321
-4.596781972760421e-5	0.13676504501125947
-4.39093395708441e-5	0.7600044932553796
-4.194304e-5	2.8906462204746863
-4.006479308583646e-5	9.968328831068485
-3.8270655751488006e-5	40.32008874762259
-3.655686149460421e-5	77.13355994425496
-3.491981248018508e-5	55.469199769504336
-3.335607198750556e-5	29.773128089510944
-3.1862357195274255e-5	20.429194640490923
-3.043553228987879e-5	13.853730668656038
-2.9072601882250022e-5	8.310436583520769
-2.7770704719525543e-5	4.444859736573823
-2.652710767830975e-5	2.1556837337148522
-2.5339200026921837e-5	0.9627063954194103
-2.4204487944585006e-5	1.5210057855592467e-8
-2.3120589286051304e-5	1.206966134488076e-8
-2.2085228580671653e-5	1.318661995773837e-6
-2.109623225541142e-5	5.136647066266976e-5
-2.01515240717842e-5	0.0011334241370538158
-1.9249120767123408e-5	0.01599910557611046
-1.8387127891041685e-5	0.13804488887995822
-1.756373582833764e-5	0.7660384460993489
-1.6777216e-5	2.9104966931834855
-1.6025917234334584e-5	10.062107701985143
-1.5308262300595205e-5	40.68209503068578
-1.4622744597841684e-5	77.27381335785778
-1.3967924992074034e-5	55.25759376777015
-1.3342428795002223e-5	29.693112729825636
-1.2744942878109702e-5	20.401360694586334
-1.2174212915951514e-5	13.824310418330274
-1.1629040752900008e-5	8.284442150395456
-1.1108281887810218e-5	4.426640048625527
-1.0610843071323899e-5	2.1448519223065725
-1.0135680010768735e-5	0.9570183704318824
-9.681795177834002e-6	5.910535034709496e-11
-9.248235714420522e-6	1.0855260610675221e-8
-8.834091432268661e-6	1.1192818897666968e-6
-8.438492902164567e-6	4.8045830751572695e-5
-8.06060962871368e-6	0.0011359533949169746
-7.699648306849364e-6	0.016069279322818084
-7.354851156416673e-6	0.13856054752789276
-7.025494331335056e-6	0.7684413644109912
-6.7108864e-6	2.9183426459810535
-6.4103668937338335e-6	10.099500263648789
-6.123304920238081e-6	40.82551032437763
-5.849097839136674e-6	77.32480998657375
-5.587169996829613e-6	55.16982523628581
-5.336971518000889e-6	29.6597487117412
-5.09797715124388e-6	20.38913785033754
-4.869685166380606e-6	13.811778984182489
-4.651616301160004e-6	8.273592468567882
-4.443312755124087e-6	4.419116589464739
-4.24433722852956e-6	2.14040823401498
-4.054272004307494e-6	0.9546953043238715
-3.872718071133601e-6	2.4474820420015346e-9
-3.6992942857682087e-6	1.099085765264658e-8
-3.533636572907464e-6	1.1033861369615848e-6
-3.375397160865827e-6	4.7825626305037784e-5
-3.2242438514854718e-6	0.001137912548366357
-3.0798593227397456e-6	0.01609678344243365
-2.9419404625666695e-6	0.13876163632284166
-2.8101977325340225e-6	0.7693684678663717
-2.68435456e-6	2.921342211490673
-2.5641467574935333e-6	10.114011927109708
-2.4493219680952324e-6	40.88091852248853
-2.3396391356546694e-6	77.34102399966704
-2.2348679987318455e-6	55.13177243023359
-2.1347886072003556e-6	29.644872929294397
-2.0391908604975524e-6	20.383173172450142
-1.9478740665522424e-6	13.80603102237587
-1.8606465204640015e-6	8.268811067061675
-1.7773251020496348e-6	4.415871339691741
-1.697734891411824e-6	2.138516574163945
-1.6217088017229976e-6	0.9537152205397218
-1.5490872284534404e-6	4.730094833447457e-9
-1.4797177143072835e-6	1.11427239393681e-8
-1.4134546291629856e-6	1.107326502308293e-6
-1.3501588643463309e-6	4.791411139197831e-5
-1.2896975405941886e-6	0.0011388013461486111
-1.2319437290958982e-6	0.016107027178700474
-1.1767761850266678e-6	0.13883543667020143
-1.1240790930136089e-6	0.7697013701526385
-1.073741824e-6	2.9223955707181166
-1.0256587029974134e-6	10.119316962768867
-9.797287872380915e-7	40.90102600030708
-9.358556542618692e-7	77.34345582598684
-8.939471994927382e-7	55.11361981251876
-8.539154428801423e-7	29.63735789363627
-8.156763441990209e-7	20.379709468436573
-7.791496266208957e-7	13.80299775744266
-7.442586081856018e-7	8.266456670266168
-7.109300408198538e-7	4.414336241831177
-6.790939565647296e-7	2.1376446677445693
-6.48683520689199e-7	0.953271600298509
-6.196348913813751e-7	5.852416488336681e-9
-5.918870857229143e-7	1.1218492987495473e-8
-5.653818516651943e-7	1.1105184428694247e-6
-5.400635457385323e-7	4.797595879257467e-5
-5.158790162376754e-7	0.0011391269892709374
-4.927774916383585e-7	0.01611033515553313
-4.707104740106679e-7	0.1388580801223794
-4.496316372054436e-7	0.7697959308056035
-4.294967296e-7	2.9226690572337652
-4.1026348119896534e-7	10.120930086101952
-3.9189151489523657e-7	40.906994983364065
-3.743422617047477e-7	77.34038927291759
-3.575788797970953e-7	55.103424116080106
-3.415661771520569e-7	29.632779064708235
-3.262705376796084e-7	20.377244151506364
-3.1165985064835826e-7	13.801049439138197
-2.977034432742407e-7	8.265072316057509
-2.8437201632794157e-7	4.413484630757269
-2.7163758262589184e-7	2.13718029682929
-2.594734082756796e-7	0.9530423583211394
-2.478539565525501e-7	6.333930085443617e-9
-2.3675483428916573e-7	1.1250723088851285e-8
-2.261527406660777e-7	1.112011028360746e-6
-2.1602541829541292e-7	4.800300519531666e-5
-2.0635160649507018e-7	0.0011392056900403841
-1.971109966553434e-7	0.01611086352773205
-1.8828418960426715e-7	0.13886021982020957
-1.7985265488217743e-7	0.7697950350538594
-1.7179869184e-7	2.922630315150524
-1.6410539247958613e-7	10.12106476995558
-1.5675660595809464e-7	40.90730473778898
-1.497369046818991e-7	77.3351233040339
-1.430315519188381e-7	55.09640870786953
-1.3662647086082276e-7	29.629372484271894
-1.3050821507184335e-7	20.37517727424189
-1.246639402593433e-7	13.799534535305115
-1.1908137730969629e-7	8.264075598539794
-1.1374880653117662e-7	4.412906178963193
-1.0865503305035673e-7	2.136878809549688
-1.0378936331027184e-7	0.952898801297019
-9.914158262102003e-8	6.531251580193571e-9
-9.47019337156663e-8	1.1263462695900514e-8
-9.046109626643109e-8	1.1125983034529786e-6
-8.641016731816518e-8	4.801224447242957e-5
-8.254064259802807e-8	0.0011391821243068089
-7.884439866213736e-8	0.016110279151193594
-7.531367584170686e-8	0.1388541508602395
-7.194106195287098e-8	0.7697559338020805
-6.8719476736e-8	2.9224666209934558
-6.564215699183446e-8	10.120607757221304
-6.270264238323785e-8	40.905349916444834
-5.989476187275963e-8	77.32897679485122
-5.721262076753524e-8	55.0906643698543
-5.46505883443291e-8	29.62643414538897
-5.220328602873734e-8	20.373269440181073
-4.9865576103737325e-8	13.798192776340874
-4.763255092387851e-8	8.26323379269906
-4.549952261247065e-8	4.412436907307026
-4.346201322014269e-8	2.136642431659542
-4.1515745324108734e-8	0.9527894968907346
-3.965663304840801e-8	6.610556624583055e-9
-3.788077348626652e-8	1.1268080449285477e-8
-3.618443850657244e-8	1.112786990240791e-6
-3.456406692726607e-8	4.8013732888265324e-5
-3.301625703921123e-8	0.0011391170894929502
-3.1537759464854944e-8	0.016109249541547032
-3.012547033668274e-8	0.1388447973605194
-2.877642478114839e-8	0.7697015468898887
-2.74877906944e-8	2.9222529365621823
-2.6256862796733782e-8	10.119914016155509
-2.508105695329514e-8	40.90248910775211
-2.3957904749103853e-8	77.32247782551181
-2.2885048307014098e-8	55.085428170815355
-2.186023533773164e-8	29.623682951194287
-2.0881314411494936e-8	20.371425145965098
-1.994623044149493e-8	13.796920222094554
-1.9053020369551404e-8	8.262453916600613
-1.819980904498826e-8	4.412011287198224
-1.7384805288057076e-8	2.136432086694201
-1.6606298129643494e-8	0.9526938882852167
-1.5862653219363203e-8	6.642004084204838e-9
-1.5152309394506606e-8	1.1269399693540905e-8
-1.4473775402628974e-8	1.112810289170249e-6
-1.3825626770906428e-8	4.8012018538179516e-5
-1.3206502815684493e-8	0.0011390353780674726
-1.2615103785941977e-8	0.01610804185616755
-1.2050188134673098e-8	0.1388341302010648
-1.1510569912459357e-8	0.7696410469417378
-1.099511627776e-8	2.922019261153418
-1.0502745118693512e-8	10.119125598921318
-1.0032422781318056e-8	40.89926596468686
-9.58316189964154e-9	77.3158379683598
-9.154019322805639e-9	55.080395268421114
-8.744094135092657e-9	29.621006644687693
-8.352525764597973e-9	20.369606295425452
-7.978492176597972e-9	13.795675368125265
-7.621208147820563e-9	8.261698822612665
-7.279923617995304e-9	4.41160313270037
-6.95392211522283e-9	2.1362321570959053
-6.642519251857398e-9	0.9526037588793171
-6.345061287745282e-9	6.654221127454668e-9
-6.060923757802643e-9	1.1269392501639777e-8
-5.78951016105159e-9	1.1127664393368558e-6
-5.530250708362571e-9	4.800900607821122e-5
-5.282601126273797e-9	0.0011389469845855902
-5.046041514376791e-9	0.016106762992997934
-4.820075253869239e-9	0.13882293803390808
-4.6042279649837425e-9	0.7695781043801178
-4.398046511104e-9	2.9217775993487507
-4.201098047477405e-9	10.118299345273302
-4.012969112527222e-9	40.89589802341443
-3.833264759856617e-9	77.30914200823018
-3.6616077291222557e-9	55.07544386165898
-3.497637654037063e-9	29.618360392171716
-3.3410103058391895e-9	20.367797692459977
-3.191396870639189e-9	13.794441641894645
-3.0484832591282247e-9	8.260953669962008
-2.9119694471981214e-9	4.4112019796371875
-2.7815688460891322e-9	2.1360364009880004
-2.657007700742959e-9	0.9525158244213239
-2.5380245150981126e-9	6.658738671015212e-9
-2.4243695031210573e-9	1.1268854000629962e-8
-2.3158040644206357e-9	1.112695557313613e-6
-2.2121002833450285e-9	4.800547151464971e-5
-2.113040450509519e-9	0.0011388559199547175
-2.0184166057507163e-9	0.01610545572104831
-1.9280301015476955e-9	0.13881153640823238
-1.841691185993497e-9	0.7695141878387863
-1.7592186044416e-9	2.921532754756843
-1.6804392189909622e-9	10.117457997483136
-1.605187645010889e-9	40.8924723262243
-1.5333059039426467e-9	77.30242392424738
-1.4646430916489022e-9	55.07052528493698
-1.3990550616148251e-9	29.615726287133654
-1.3364041223356758e-9	20.36599327554566
-1.2765587482556754e-9	13.793212426127077
-1.2193933036512899e-9	8.260212529658135
-1.1647877788792485e-9	4.410803646402479
-1.1126275384356529e-9	2.1358423236611497
-1.0628030802971836e-9	0.9524287721532594
-1.015209806039245e-9	6.66017790403047e-9
-9.697478012484228e-10	1.126810303601003e-8
-9.263216257682543e-10	1.112613831568013e-6
-8.848401133380114e-10	4.80017276952328e-5
-8.452161802038075e-10	0.0011387637908917396
-8.073666423002865e-10	0.016104137151156443
-7.712120406190783e-10	0.13880005157372188
-7.366764743973988e-10	0.7694498849422142
-7.0368744177664e-10	2.921286649499434
-6.721756875963849e-10	10.116610654808554
-6.420750580043556e-10	40.88902370078973
-6.133223615770587e-10	77.29569733446061
-5.858572366595609e-10	55.0656200938776
-5.5962202464593e-10	29.613097177585438
-5.345616489342703e-10	20.364190626803214
-5.106234993022702e-10	13.79198507859444
-4.877573214605159e-10	8.259473033021177
-4.659151115516994e-10	4.410406461970704
-4.450510153742612e-10	2.135648928042389
-4.2512123211887347e-10	0.9523420773456512
-4.06083922415698e-10	6.660387129336053e-9
-3.878991204993691e-10	1.1267267188694756e-8
-3.7052865030730173e-10	1.1125277644459807e-6
-3.5393604533520453e-10	4.799790022448907e-5
-3.38086472081523e-10	0.001138671240568986
-3.229466569201146e-10	0.01610281412888466
-3.084848162476313e-10	0.13878853404171465
-2.9467058975895954e-10	0.7693854308074921
-2.81474976710656e-10	2.921040052694718
-2.688702750385539e-10	10.115760957864783
-2.568300232017422e-10	40.885566082410996
-2.453289446308235e-10	77.28896769665073
-2.3434289466382435e-10	55.06072051941476
-2.23848809858372e-10	29.610470206918343
-2.1382465957370812e-10	20.362388781736623
-2.0424939972090808e-10	13.790758544250362
-1.951029285842064e-10	8.258734233725612
-1.8636604462067977e-10	4.410009758565689
-1.7802040614970448e-10	2.1354558156197156
-1.700484928475494e-10	0.9522555302526005
-1.624335689662792e-10	6.660105007988988e-9
-1.5515964819974767e-10	1.1266397463738699e-8
-1.4821146012292068e-10	1.112439962716743e-6
-1.4157441813408183e-10	4.79940394449455e-5
-1.352345888326092e-10	0.0011385785263665898
-1.2917866276804584e-10	0.01610148939284754
-1.2339392649905252e-10	0.13877700402057538
-1.178682359035838e-10	0.7693209195050937
-1.125899906842624e-10	2.9207932720877188
-1.0754811001542157e-10	10.114910363228239
-1.027320092806969e-10	40.88210504680009
-9.813157785232939e-11	77.28223719808936
-9.373715786552974e-11	55.05582345739462
-8.953952394334881e-11	29.607844234161337
-8.552986382948326e-11	20.36058735561323
-8.169975988836323e-11	13.789532401822802
-7.804117143368256e-11	8.257995753708451
-7.45464178482719e-11	4.409613269337056
-7.120816245988178e-11	2.1352628271191625
-6.801939713901976e-11	0.9521690470362192
-6.497342758651168e-11	6.65962665301103e-9
-6.206385927989906e-11	1.1265514245769692e-8
-5.928458404916827e-11	1.1123514707203552e-6
-5.662976725363273e-11	4.799016552188462e-5
-5.409383553304368e-11	0.0011384857512718304
-5.167146510721834e-11	0.016100164038662143
-4.935757059962101e-11	0.13876546959528718
-4.714729436143352e-11	0.7692563886731267
-4.503599627370496e-11	2.9205464308169464
-4.301924400616863e-11	10.114059453665947
-4.1092803712278756e-11	40.87864282488987
-3.925263114093175e-11	77.27550671533629
-3.7494863146211896e-11	55.050927667514415
-3.581580957733952e-11	29.605218803578232
-3.42119455317933e-11	20.358786194954924
-3.2679903955345294e-11	13.788306483092171
-3.121646857347302e-11	8.257257441924672
-2.9818567139308763e-11	4.409216887644462
-2.8483264983952715e-11	2.1350698988811763
-2.7207758855607903e-11	0.9520825941843908
-2.5989371034604672e-11	6.659069953129132e-9
-2.4825543711959625e-11	1.1264625680496262e-8
-2.371383361966731e-11	1.1122627066992208e-6
-2.265190690145309e-11	4.79862865302801e-5
-2.163753421321747e-11	0.001138392956494269
-2.0668586042887337e-11	0.016098838504677863
-1.9743028239848403e-11	0.13875393400073532
-1.8858917744573408e-11	0.7691918533718477
-1.8014398509481985e-11	2.9202995781568766
-1.720769760246745e-11	10.113208462347503
-1.6437121484911504e-11	40.87518030932852
-1.5701052456372703e-11	77.2687765996502
-1.4997945258484758e-11	55.04603265414839
-1.4326323830935808e-11	29.60259373310964
-1.368477821271732e-11	20.356985238517282
-1.3071961582138117e-11	13.787080720869888
-1.2486587429389208e-11	8.25651923801636
-1.1927426855723505e-11	4.408820570864231
-1.1393305993581086e-11	2.1348770054578052
-1.0883103542243161e-11	0.9519961582994311
-1.039574841384187e-11	6.65848198821362e-9
-9.93021748478385e-12	1.1263735022209661e-8
-9.485533447866924e-12	1.112173838187353e-6
-9.060762760581236e-12	4.798240570416979e-5
-8.65501368528699e-12	0.0011383001585207157
-8.267434417154934e-12	0.01609751296623311
-7.897211295939361e-12	0.13874239853091716
-7.543567097829363e-12	0.7691273196259028
-7.205759403792793e-12	2.9200527338204307
-6.88307904098698e-12	10.112357482553074
-6.5748485939646015e-12	40.8717178572542
-6.28042098254908e-12	77.2620469917746
-5.9991781033939035e-12	55.04113821925583
-5.7305295323743236e-12	29.599968950031382
-5.473911285086928e-12	20.355184461866987
-5.228784632855247e-12	13.785855088327446
-4.9946349717556835e-12	8.255781117870708
-4.770970742289403e-12	4.408424301964274
-4.557322397432434e-12	2.1346841366788314
-4.3532414168972644e-12	0.9519097340264928
-4.1582993655367474e-12	6.657881568413513e-9
-3.97208699391354e-12	1.1262843571358494e-8
-3.794213379146769e-12	1.1120849322076055e-6
-3.6243051042324945e-12	4.7978524337316784e-5
-3.4620054741147955e-12	0.0011382073639458216
-3.3069737668619735e-12	0.016096187493461336
-3.1588845183757443e-12	0.13873086370343454
-3.0174268391317456e-12	0.7690627898452392
-2.8823037615171173e-12	2.919805905693327
-2.753231616394792e-12	10.11150655159411
-2.6299394375858407e-12	40.868255611520894
-2.512168393019632e-12	77.255317948056
-2.399671241357561e-12	55.036244283682954
-2.2922118129497296e-12	29.59734442528267
-2.1895645140347714e-12	20.35338385524728
-2.091513853142099e-12	13.784629574745313
-1.9978539887022734e-12	8.255043071850316
-1.908388296915761e-12	4.408028074136199
-1.8229289589729738e-12	2.1344912884784777
-1.7412965667589057e-12	0.9518233192247331
-1.663319746214699e-12	6.657276211821969e-9
-1.588834797565416e-12	1.1261951847925071e-8
-1.5176853516587079e-12	1.1119960156445266e-6
-1.4497220416929979e-12	4.797464294853159e-5
-1.3848021896459183e-12	0.00113811457540899
-1.3227895067447895e-12	0.016094862114421824
-1.2635538073502978e-12	0.13871932972537138
-1.2069707356526982e-12	0.7689982649940696
-1.152921504606847e-12	2.919559096930633
-1.1012926465579169e-12	10.110655684398507
-1.0519757750343362e-12	40.864793629286964
-1.004867357207853e-12	77.24858949106012
-9.598684965430246e-13	55.03135081578227
-9.168847251798917e-13	29.594720147243414
-8.758258056139085e-13	20.351583414757428
-8.366055412568395e-13	13.783404175836699
-7.991415954809093e-13	8.254305096100678
-7.633553187663044e-13	4.407631884656814
-7.291715835891894e-13	2.1342984592304544
-6.965186267035623e-13	0.9517369130378087
-6.653278984858797e-13	6.6566689156372225e-9
-6.355339190261664e-13	1.1261060059242133e-8
-6.070741406634831e-13	1.1119070992193582e-6
-5.798888166771992e-13	4.797076174476102e-5
-5.539208758583673e-13	0.0011380217939648495
-5.291158026979158e-13	0.016093536840329423
-5.054215229401191e-13	0.1387077966794909
-4.827882942610793e-13	0.768933745457696
-4.611686018427388e-13	2.9193123087931254
-4.405170586231682e-13	10.10980488693407
-4.207903100137345e-13	40.86133193340967
-4.0194694288314114e-13	77.24186162978704
-3.839473986172086e-13	55.02645780286451
-3.667538900719567e-13	29.592096111253927
-3.5033032224556456e-13	20.34978313883193
-3.346422165027358e-13	13.78217888988352
-3.1965663819236375e-13	8.25356718907817
-3.0534212750652074e-13	4.4072357324357325
-2.916686334356758e-13	2.134105648283887
-2.7860745068142583e-13	0.9516505151230937
-2.6613115939435187e-13	6.656060880629744e-9
-2.5421356761046654e-13	1.126016828841806e-8
-2.4282965626539245e-13	1.1118181872526978e-6
-2.3195552667087964e-13	4.796688080932803e-5
-2.2156835034334765e-13	0.0011379290200354472
-2.116463210791663e-13	0.016092211675668867
-2.0216860917604765e-13	0.138696264598881
-1.9311531770443107e-13	0.768869231390218
-1.8446744073709553e-13	2.919065541784528
-1.7620682344926728e-13	10.108954161587148
-1.683161240054938e-13	40.85787053301651
-1.6077877715325645e-13	77.23513436781414
-1.5357895944688342e-13	55.02156523984766
-1.467015560287827e-13	29.589472315441316
-1.4013212889822583e-13	20.347983026835657
-1.3385688660109433e-13	13.780953716192823
-1.278626552769455e-13	8.25282935016167
-1.221368510026083e-13	4.406839617035276
-1.1666745337427032e-13	2.133912855377349
-1.1144298027257033e-13	0.951564125342906
-1.0645246375774074e-13	6.655452583408076e-9
-1.0168542704418663e-13	1.1259276568547346e-8
-9.713186250615699e-14	1.1117292815013108e-6
-9.278221066835187e-14	4.796300017608995e-5
-8.862734013733905e-14	0.0011378362537915001
-8.465852843166653e-14	0.01609088662224382
-8.086744367041906e-14	0.13868473349684193
-7.724612708177243e-14	0.7688047228532914
-7.378697629483821e-14	2.918818796106743
-7.048272937970691e-14	10.108103509309373
-6.732644960219751e-14	40.85440943174573
-6.431151086130258e-14	77.22840770654392
-6.143158377875337e-14	55.0166731246728
-5.868062241151308e-14	29.586848759042223
-5.605285155929033e-14	20.346183078503152
-5.354275464043773e-14	13.779728654477605
-5.11450621107782e-14	8.252091579096037
-4.885474040104332e-14	4.4064435382759495
-4.666698134970813e-14	2.133720080404147
-4.457719210902813e-14	0.9514777436412342
-4.2580985503096294e-14	6.654844216723275e-9
-4.067417081767465e-14	1.125838491286175e-8
-3.8852745002462796e-14	1.1116403826129971e-6
-3.711288426734074e-14	4.7959119857583276e-5
-3.545093605493562e-14	0.0011377434952979685
-3.386341137266661e-14	0.01608956168074987
-3.2346977468167627e-14	0.13867320337849157
-3.089845083270897e-14	0.7687402198707711
-2.951479051793528e-14	2.9185720718374
-2.8193091751882763e-14	10.107252930474484
-2.6930579840879007e-14	40.85094863103324
-2.5724604344521032e-14	77.2216816464994
-2.4572633511501348e-14	55.01178145648751
-2.347224896460523e-14	29.58422544173913
-2.2421140623716132e-14	20.344383293723258
-2.141710185617509e-14	13.77850370462159
-2.045802484431128e-14	8.25135387577928
-1.9541896160417327e-14	4.406047496086565
-1.866679253988325e-14	2.1335273233220633
-1.7830876843611252e-14	0.9513913699959637
-1.7032394201238517e-14	6.654235856026528e-9
-1.626966832706986e-14	1.1257493326515398e-8
-1.5541098000985117e-14	1.1115514908393572e-6
-1.48451537069363e-14	4.7955239858625885e-5
-1.4180374421974249e-14	0.0011376507445783727
-1.3545364549066645e-14	0.016088236851433506
-1.293879098726705e-14	0.13866167424564166
-1.235938033308359e-14	0.7686757224510076
-1.1805916207174113e-14	2.9183253690037674
-1.1277236700753106e-14	10.106402425219434
-1.0772231936351603e-14	40.84748813141345
-1.0289841737808413e-14	77.21495618785221
-9.82905340460054e-15	55.00689023494403
-9.388899585842092e-15	29.581602363400595
-8.968456249486452e-15	20.34258367244882
-8.566840742470036e-15	13.777278866578426
-8.183209937724512e-15	8.250616240171928
-7.816758464166932e-15	4.405651490440035
-7.466717015953301e-15	2.1333345841151896
-7.1323507374445e-15	0.951305004398798
-6.8129576804954076e-15	6.653627531813715e-9
-6.507867330827944e-15	1.1256601811815506e-8
-6.216439200394047e-15	1.1114626063708293e-6
-5.938061482774519e-15	4.795136018280844e-5
-5.672149768789699e-15	0.001137558001647743
-5.418145819626658e-15	0.016086912134445464
-5.17551639490682e-15	0.1386501460993856
-4.9437521332334355e-15	0.7686112305990005
-4.722366482869645e-15	2.918078687621516
-4.5108946803012425e-15	10.105551993609078
-4.308892774540641e-15	40.84402793311163
-4.1159366951233654e-15	77.20823133065439
-3.9316213618402156e-15	55.001999459874035
-3.755559834336837e-15	29.57897952395323
-3.587382499794581e-15	20.3407842146405
-3.4267362969880147e-15	13.776054140310626
-3.273283975089805e-15	8.249878672243907
-3.1267033856667727e-15	4.405255521316339
-2.98668680638132e-15	2.13314186277201
-2.8529402949778004e-15	0.9512186468438375
-2.725183072198163e-15	6.653019255943637e-9
-2.6031469323311777e-15	1.1255710369439045e-8
-2.486575680157619e-15	1.1113737291859823e-6
-2.3752245931098076e-15	4.794748082980005e-5
-2.2688599075158797e-15	0.0011374652665073896
-2.1672583278506632e-15	0.01608558752980505
-2.070206557962728e-15	0.13863861893985166
-1.977500853293374e-15	0.7685467443152557
-1.8889465931478582e-15	2.917832027692217
-1.8043578721204968e-15	10.104701635661442
-1.7235571098162564e-15	40.84056803620764
-1.646374678049346e-15	77.20150707488233
-1.5726485447360863e-15	54.997109131161004
-1.5022239337347346e-15	29.576356923349664
-1.4349529999178325e-15	20.33898492027844
-1.3706945187952058e-15	13.774829525803646
-1.3093135900359219e-15	8.249141171985121
-1.250681354266709e-15	4.404859588709372
-1.194674722552528e-15	2.1329491592892373
-1.1411761179911202e-15	0.9511322973294674
-1.0900732288792651e-15	6.652411033049744e-9
-1.041258772932471e-15	1.1254818999736312e-8
-9.946302720630475e-16	1.1112848593167908e-6
-9.50089837243923e-16	4.794360180017795e-5
-9.075439630063519e-16	0.0011373725391589174
-8.669033311402652e-16	0.016084263037525037
-8.280826231850911e-16	0.13862709276712173
-7.910003413173497e-16	0.7684822636000636
-7.555786372591432e-16	2.917585389216497
-7.217431488481988e-16	10.10385135137859
-6.894228439265025e-16	40.837108440703986
-6.585498712197385e-16	77.19478342050157
-6.290594178944345e-16	54.992219248759
-6.008895734938939e-16	29.573734561565757
-5.73981199967133e-16	20.337185789346073
-5.482778075180824e-16	13.773605023044622
-5.237254360143688e-16	8.248403739386784
-5.002725417066836e-16	4.404463692613876
-4.778698890210112e-16	2.132756473664065
-4.56470447196448e-16	0.9510459558543196
-4.3602929155170605e-16	6.6518028688994936e-9
-4.165035091729884e-16	1.1253927703085616e-8
-3.9785210882521903e-16	1.1111959967868993e-6
-3.800359348975692e-16	4.793972309432746e-5
-3.6301758520254075e-16	0.001137279819601841
-3.467613324561061e-16	0.01608293865759319
-3.3123304927403646e-16	0.1386155675810901
-3.1640013652693987e-16	0.7684177884528489
-3.0223145490365727e-16	2.917338772192219
-2.886972595392795e-16	10.103001140756142
-2.7576913757060103e-16	40.83364914658551
-2.634199484878954e-16	77.18806036745404
-2.516237671577738e-16	54.98732981260987
-2.4035582939755756e-16	29.57111243857409
-2.295924799868532e-16	20.335386821827697
-2.1931112300723293e-16	13.772380632023129
-2.094901744057475e-16	8.247666374442641
-2.0010901668267343e-16	4.404067833026511
-1.911479556084045e-16	2.1325638058948644
-1.8258817887857923e-16	0.9509596224176791
-1.7441171662068243e-16	6.651194759302242e-9
-1.6660140366919535e-16	1.1253036479184418e-8
-1.591408435300876e-16	1.111107141572591e-6
-1.5201437395902768e-16	4.793584471181073e-5
-1.452070340810163e-16	0.001137187107834649
-1.3870453298244244e-16	0.016081614389993934
-1.3249321970961458e-16	0.1386040433816288
-1.2656005461077595e-16	0.7683533188729323
-1.208925819614629e-16	2.9170921766168396
-1.154789038157118e-16	10.10215100378261
-1.1030765502824041e-16	40.830190153805376
-1.0536797939515815e-16	77.18133791568674
-1.0064950686310952e-16	54.98244082269508
-9.614233175902302e-17	29.568490554360448
-9.183699199474127e-17	20.333588017710557
-8.772444920289317e-17	13.771156352730628
-8.379606976229901e-17	8.246929077147787
-8.004360667306938e-17	4.403672009944759
-7.645918224336179e-17	2.1323711559804686
-7.303527155143169e-17	0.950873297019037
-6.976468664827297e-17	6.650586706265773e-9
-6.664056146767815e-17	1.1252145328190073e-8
-6.365633741203505e-17	1.111018293683748e-6
-6.080574958361107e-17	4.793196665283723e-5
-5.808281363240652e-17	0.0011370944038589848
-5.5481813192976974e-17	0.016080290234744176
-5.299728788384584e-17	0.1385925201688448
-5.0624021844310384e-17	0.7682888548607091
-4.835703278458517e-17	2.916845602491279
-4.619156152628472e-17	10.10130094046378
-4.4123062011296164e-17	40.82673146238035
-4.2147191758063264e-17	77.17461606515523
-4.025980274524381e-17	54.97755227894124
-3.8456932703609207e-17	29.56586890888989
-3.673479679789651e-17	20.33178937697352
-3.508977968115727e-17	13.769932185150925
-3.3518427904919603e-17	8.246191847491094
-3.201744266922775e-17	4.403276223361968
-3.058367289734472e-17	2.13217852391733
-2.9214108620572674e-17	0.950786979656668
-2.790587465930919e-17	6.649978711599748e-9
-2.6656224587071258e-17	1.125125425024279e-8
-2.5462534964814016e-17	1.110929453145026e-6
-2.432229983344443e-17	4.792808891779022e-5
-2.3233125452962608e-17	0.0011370017076737125
-2.2192725277190788e-17	0.016078966191823717
-2.1198915153538333e-17	0.13858099794257753
-2.0249608737724152e-17	0.7682243964153483
-1.9342813113834068e-17	2.916599049812563
-1.8476624610513888e-17	10.10045095078886
-1.7649224804518467e-17	40.823273072268634
-1.6858876703225304e-17	77.16789481580045
-1.6103921098097522e-17	54.972664181317185
-1.5382773081443683e-17	29.56324750214503
-1.4693918719158603e-17	20.329990899604244
-1.4035911872462908e-17	13.768708129276197
-1.340737116196784e-17	8.245454685468331
-1.28069770676911e-17	4.402880473276083
-1.2233469158937888e-17	2.131985909704546
-1.1685643448229071e-17	0.9507006703302212
-1.1162349863723676e-17	6.649370774830879e-9
-1.0662489834828503e-17	1.1250363245206686e-8
-1.0185013985925606e-17	1.1108406199047958e-6
-9.728919933377772e-18	4.7924211505758956e-5
-9.293250181185044e-18	0.0011369090192771456
-8.877090110876316e-18	0.01607764226121961
-8.479566061415333e-18	0.1385694767027166
-8.099843495089662e-18	0.7681599435362437
-7.737125245533627e-18	2.916352518578479
-7.390649844205555e-18	10.099601034752496
-7.059689921807386e-18	40.819814983452815
-6.743550681290122e-18	77.1611741675667
-6.441568439239009e-18	54.96777652976993
-6.153109232577473e-18	29.56062633409968
-5.877567487663442e-18	20.32819258558699
-5.6143647489851634e-18	13.767484185096066
-5.362948464787136e-18	8.244717591073307
-5.12279082707644e-18	4.402484759683804
-4.893387663575155e-18	2.1317933133405202
-4.674257379291628e-18	0.9506143690389777
-4.46493994548947e-18	6.64876289021189e-9
-4.264995933931401e-18	1.1249472312841592e-8
-4.074005594370243e-18	1.1107517940091885e-6
-3.891567973351109e-18	4.792033441754745e-5
-3.7173000724740175e-18	0.0011368163386703495
-3.550836044350526e-18	0.01607631844293498
-3.3918264245661336e-18	0.13855795644926786
-3.2399373980358644e-18	0.7680954962233335
-3.0948500982134505e-18	2.9161060087883794
3.0948500982134505e-18	77.44052452413
3.2399373980358644e-18	77.2793610829414
3.3918264245661336e-18	22.201912507164675
3.550836044350526e-18	6.267212535165983
3.7173000724740175e-18	1.653260961800235
3.891567973351109e-18	0.2698534687427898
4.074005594370243e-18	0.025152806821076647
4.264995933931401e-18	0.0012459543001609294
4.46493994548947e-18	3.031014097229759e-5
4.674257379291628e-18	0.0005165719406371796
4.893387663575155e-18	0.0023360563603120783
5.12279082707644e-18	0.010062614263715339
5.362948464787136e-18	0.0406847005647197
5.6143647489851634e-18	0.15200516200903524
5.877567487663442e-18	0.5156604617713653
6.153109232577473e-18	1.5573517562538128
6.441568439239009e-18	4.095724753785204
6.743550681290122e-18	9.152742753330886
7.059689921807386e-18	17.13931485796882
7.390649844205555e-18	32.51087667753311
7.737125245533627e-18	77.44718545990337
8.099843495089662e-18	77.28625349568199
8.479566061415333e-18	22.203929063772563
8.877090110876316e-18	6.267777469051555
9.293250181185044e-18	1.6534112537269818
9.728919933377772e-18	0.2698782558982903
1.0185013985925606e-17	0.025155142181652226
1.0662489834828503e-17	0.0012460712770729087
1.1162349863723676e-17	3.0313019563192282e-5
1.1685643448229071e-17	0.000516613712038037
1.2233469158937888e-17	0.0023362463449407536
1.28069770676911e-17	0.010063437651384592
1.340737116196784e-17	0.04068805091978232
1.4035911872462908e-17	0.15201776272317083
1.4693918719158603e-17	0.5157035037585153
1.5382773081443683e-17	1.557482682033586
1.6103921098097522e-17	4.096071651322105
1.6858876703225304e-17	9.153523959145842
1.7649224804518467e-17	17.14078731640755
1.8476624610513888e-17	32.51365312044616
1.9342813113834068e-17	77.45384698432188
2.0249608737724152e-17	77.29314653895563
2.1198915153538333e-17	22.20594580830652
2.2192725277190788e-17	6.26834245519103
2.3233125452962608e-17	1.6535615596665934
2.432229983344443e-17	0.2699030453880537
2.5462534964814016e-17	0.025157477764441834
2.6656224587071258e-17	0.0012461882652355287
2.790587465930919e-17	3.0315898434066598e-5
2.9214108620572674e-17	0.000516655486921878
3.058367289734472e-17	0.0023364363454965445
3.201744266922775e-17	0.010064261108483656
3.3518427904919603e-17	0.040691401559067676
3.508977968115727e-17	0.15203036451301938
3.673479679789651e-17	0.5157465494442692
3.8456932703609207e-17	1.5576136191407246
4.025980274524381e-17	4.0964185790850784
4.2147191758063264e-17	9.154305233530634
4.4123062011296164e-17	17.142259904914766
4.619156152628472e-17	32.5164298073221
4.835703278458517e-17	77.46050909744905
5.0624021844310384e-17	77.3000402127932
5.299728788384584e-17	22.207962740767627
5.5481813192976974e-17	6.2689074935833204
5.808281363240652e-17	1.653711879618295
6.080574958361107e-17	0.26992783721187036
6.365633741203505e-17	0.025159813569416302
6.664056146767815e-17	0.0012463052646466814
6.976468664827297e-17	3.0318777584811092e-5
7.303527155143169e-17	0.00051669726528953
7.645918224336179e-17	0.00233662636198303
8.004360667306938e-17	0.010065084635027206
8.379606976229901e-17	0.04069475248263266
8.772444920289317e-17	0.15204296737878265
9.183699199474127e-17	0.5157895988292738
9.614233175902302e-17	1.5577445675770623
1.0064950686310952e-16	4.096765537078596
1.0536797939515815e-16	9.155086576494426
1.1030765502824041e-16	17.143732623506654
1.154789038157118e-16	32.519206738196026
1.208925819614629e-16	77.46717179936276
1.2656005461077595e-16	77.30693451723035
1.3249321970961458e-16	22.209979861160534
1.3870453298244244e-16	6.269472584230797
1.452070340810163e-16	1.6538622135825662
1.5201437395902768e-16	0.26995263136978104
1.591408435300876e-16	0.02516214959657809
1.6660140366919535e-16	0.001246422275306276
1.7441171662068243e-16	3.0321657015402414e-5
1.8258817887857923e-16	0.0005167390471406385
1.911479556084045e-16	0.002336816394398876
2.0010901668267343e-16	0.010065908231010534
2.094901744057475e-16	0.04069810369046227
2.1931112300723293e-16	0.15205557132042427
2.295924799868532e-16	0.5158326519134626
2.4035582939755756e-16	1.5578755273426108
2.516237671577738e-16	4.097112525303245
2.634199484878954e-16	9.155867988039894
2.7576913757060103e-16	17.145205472190213
2.886972595392795e-16	32.52198391307779
3.0223145490365727e-16	77.4738350900963
3.1640013652693987e-16	77.31382945235255
3.3123304927403646e-16	22.211997169517737
3.467613324561061e-16	6.270037727141864
3.6301758520254075e-16	1.6540125615618975
3.800359348975692e-16	0.26997742786225204
3.9785210882521903e-16	0.025164485845974954
4.165035091729884e-16	0.0012465392972171145
4.3602929155170605e-16	3.0324536725954178e-5
4.56470447196448e-16	0.0005167808324751996
4.778698890210112e-16	0.0023370064427441647
5.002725417066836e-16	0.010066731896434594
5.237254360143688e-16	0.04070145518256287
5.482778075180824e-16	0.15206817633797445
5.73981199967133e-16	0.5158757086969731
6.008895734938939e-16	1.5580064984378719
6.290594178944345e-16	4.097459543760624
6.585498712197385e-16	9.156649468171171
6.894228439265025e-16	17.146678450974488
7.217431488481988e-16	32.5247613319868
7.555786372591432e-16	77.48049896969974
7.910003413173497e-16	77.32072501821581
8.280826231850911e-16	22.21401466585786
8.669033311402652e-16	6.270602922322393
9.075439630063519e-16	1.6541629235579993
9.50089837243923e-16	0.27000222668959084
9.946302720630475e-16	0.025166822317638074
1.041258772932471e-15	0.001246656330380879
1.0900732288792651e-15	3.032741671651704e-5
1.1411761179911202e-15	0.0005168226212951466
1.194674722552528e-15	0.002337196507027111
1.250681354266709e-15	0.01006755563133252
1.3093135900359219e-15	0.040704806959058586
1.3706945187952058e-15	0.15208078243186088
1.4349529999178325e-15	0.5159187691811252
1.5022239337347346e-15	1.5581374808664128
1.5726485447360863e-15	4.097806592458965
1.646374678049346e-15	9.157431016904004
1.7235571098162564e-15	17.148151559884294
1.8043578721204968e-15	32.52753899497096
1.8889465931478582e-15	77.48716343826754
1.977500853293374e-15	77.32762121483773
2.070206557962728e-15	22.21603235017215
2.1672583278506632e-15	6.271168169769937
2.2688599075158797e-15	1.6543132995696226
2.3752245931098076e-15	0.27002702785147803
2.486575680157619e-15	0.025169159011527588
2.6031469323311777e-15	0.0012467733747948922
2.725183072198163e-15	3.033029698696369e-5
2.8529402949778004e-15	0.0005168644136003046
2.98668680638132e-15	0.0023373865872471644
3.1267033856667727e-15	0.010068379435702693
3.273283975089805e-15	0.040708159019946726
3.4267362969880147e-15	0.15209338960208568
3.587382499794581e-15	0.5159618333659721
3.755559834336837e-15	1.558268474628557
3.9316213618402156e-15	4.09815367139951
4.1159366951233654e-15	9.158212634242178
4.308892774540641e-15	17.149624798928276
4.5108946803012425e-15	32.53031690204489
4.722366482869645e-15	77.49382849584111
4.9437521332334355e-15	77.33451804229782
5.17551639490682e-15	22.2180502224896
5.418145819626658e-15	6.271733469492097
5.672149768789699e-15	1.6544636895989875
5.938061482774519e-15	0.2700518313483192
6.216439200394047e-15	0.02517149592768526
6.507867330827944e-15	0.0012468904304615044
6.8129576804954076e-15	3.033317753738196e-5
7.1323507374445e-15	0.0005169062093932167
7.466717015953301e-15	0.002337576683415104
7.816758464166932e-15	0.010069203309588362
8.183209937724512e-15	0.04071151136538876
8.566840742470036e-15	0.15210599784920129
8.968456249486452e-15	0.5160049012532042
9.388899585842092e-15	1.5583994797288279
9.82905340460054e-15	4.098500780592595
1.0289841737808413e-14	9.158994320205014
1.0772231936351603e-14	17.151098168136777
1.1277236700753106e-14	32.53309505327557
1.1805916207174113e-14	77.50049414255025
1.235938033308359e-14	77.34141550057373
1.293879098726705e-14	22.220068282781483
1.3545364549066645e-14	6.272298821483471
1.4180374421974249e-14	1.6546140936438811
1.48451537069363e-14	0.2700766371795955
1.5541098000985117e-14	0.025173833066047823
1.626966832706986e-14	0.0012470074973766735
1.7032394201238517e-14	3.0336058367616772e-5
1.7830876843611252e-14	0.0005169480086797886
1.866679253988325e-14	0.0023377667955558666
1.9541896160417327e-14	0.010070027253088951
2.045802484431128e-14	0.04071486399575273
2.141710185617509e-14	0.15211860717444958
2.2421140623716132e-14	0.5160479728465646
2.347224896460523e-14	1.558530496177021
2.4572633511501348e-14	4.098847920059829
2.5724604344521032e-14	9.159776074831234
2.6930579840879007e-14	17.152571667566225
2.8193091751882763e-14	32.5358734487866
2.951479051793528e-14	77.50716037861336
3.089845083270897e-14	77.34831358954328
3.2346977468167627e-14	22.222086530958403
3.386341137266661e-14	6.272864225722721
3.545093605493562e-14	1.654764511696584
3.711288426734074e-14	0.2701014453436402
3.8852745002462796e-14	0.025176170426421243
4.067417081767465e-14	0.0012471245755284331
4.2580985503096294e-14	3.0338939477239378e-5
4.457719210902813e-14	0.0005169898114734504
4.666698134970813e-14	0.002337956923726131
4.885474040104332e-14	0.010070851266429667
5.11450621107782e-14	0.04071821691186881
5.354275464043773e-14	0.15213121758062026
5.605285155929033e-14	0.5160910481544099
5.868062241151308e-14	1.5586615239948938
6.143158377875337e-14	4.099195089848827
6.431151086130258e-14	9.160557898204765
6.732644960219751e-14	17.15404529733619
7.048272937970691e-14	32.53865208883576
7.378697629483821e-14	77.51382720446705
7.724612708177243e-14	77.35521230887817
8.086744367041906e-14	22.224104966802948
8.465852843166653e-14	6.273429682155793
8.862734013733905e-14	1.6549149437379076
9.278221066835187e-14	0.2701262558363625
9.713186250615699e-14	0.025178508008335373
1.0168542704418663e-13	0.001247241664887971
1.0645246375774074e-13	3.034182086522688e-5
1.1144298027257033e-13	0.0005170316178054626
1.1666745337427032e-13	0.002338147068057481
1.221368510026083e-13	0.010071675350132543
1.278626552769455e-13	0.04072157011565921
1.3385688660109433e-13	0.15214382907415544
1.4013212889822583e-13	0.5161341271959785
1.467015560287827e-13	1.5587925632322672
1.5357895944688342e-13	4.099542290067774
1.6077877715325645e-13	9.161339790514152
1.683161240054938e-13	17.155519057712137
1.7620682344926728e-13	32.54143097402767
1.8446744073709553e-13	77.52049462112846
1.9311531770443107e-13	77.36211165764202
2.0216860917604765e-13	22.226123589741285
2.116463210791663e-13	6.273995190646358
2.2156835034334765e-13	1.6550653897203387
2.3195552667087964e-13	0.2701510686477447
2.4282965626539245e-13	0.02518084581064311
2.5421356761046654e-13	0.0012473587653857973
2.6613115939435187e-13	3.0344702529216092e-5
2.7860745068142583e-13	0.0005170734277572989
2.916686334356758e-13	0.0023383372288927947
3.0534212750652074e-13	0.010072499505556685
3.1965663819236375e-13	0.040724923612122356
3.346422165027358e-13	0.15215644167178458
3.5033032224556456e-13	0.5161772100211381
3.667538900719567e-13	1.558923614017971
3.839473986172086e-13	4.0998895209954425
4.0194694288314114e-13	9.162121752242328
4.207903100137345e-13	17.1569929493661
4.405170586231682e-13	32.54421010587704
4.611686018427388e-13	77.5271626310967
4.827882942610793e-13	77.36901163332664
5.054215229401191e-13	22.228142398264048
5.291158026979158e-13	6.2745607508275825
5.539208758583673e-13	1.6552158495168108
5.798888166771992e-13	0.2701758837510453
6.070741406634831e-13	0.025183183830286737
6.355339190261664e-13	0.0012474758768364785
6.653278984858797e-13	3.0347584462741235e-5
6.965186267035623e-13	0.0005171152415296029
7.291715835891894e-13	0.0023385274070765534
7.633553187663044e-13	0.010073323736050166
7.991415954809093e-13	0.04072827741356362
8.366055412568395e-13	0.15216905541468637
8.758258056139085e-13	0.5162202967525491
9.168847251798917e-13	1.5590546766688225
9.598684965430246e-13	4.100236783317089
1.004867357207853e-12	9.162903784574484
1.0519757750343362e-12	17.158466973944467
1.1012926465579169e-12	32.546989488096415
1.152921504606847e-12	77.53383124048207
1.2069707356526982e-12	77.3759122297014
1.2635538073502978e-12	22.230161388627813
1.3227895067447895e-12	6.275126361789452
1.3848021896459183e-12	1.6553663228115914
1.4497220416929979e-12	0.27020070108007094
1.5176853516587079e-12	0.025185522059723516
1.588834797565416e-12	0.001247592998781915
1.663319746214699e-12	3.0350466649908686e-5
1.7412965667589057e-12	0.0005171570596246867
1.8229289589729738e-12	0.0023387176047216106
1.908388296915761e-12	0.010074148049983358
1.9978539887022734e-12	0.0407316315507614
2.091513853142099e-12	0.15218167040582772
2.1895645140347714e-12	0.5162633876970242
2.2922118129497296e-12	1.5591857519764838
2.399671241357561e-12	4.100584078742787
2.512168393019632e-12	9.1636858904672
2.6299394375858407e-12	17.15994113554847
2.753231616394792e-12	32.549769129962726
2.8823037615171173e-12	77.54050046451286
3.0174268391317456e-12	77.3828134309881
3.1588845183757443e-12	22.232180551407936
3.3069737668619735e-12	6.275692021242052
3.4620054741147955e-12	1.6555168088121754
3.6243051042324945e-12	0.2702255204685381
3.794213379146769e-12	0.025187860479985082
3.97208699391354e-12	0.0012477101300722927
4.1582993655367474e-12	3.0353349050885108e-5
4.3532414168972644e-12	0.0005171988832959799
4.557322397432434e-12	0.0023389078271013526
4.770970742289403e-12	0.010074972468253422
4.9946349717556835e-12	0.04073498610052559
5.228784632855247e-12	0.1521942869021524
5.473911285086928e-12	0.5163064836198393
5.7305295323743236e-12	1.5593168419158967
5.9991781033939035e-12	4.100931411539281
6.28042098254908e-12	9.164468077291858
6.5748485939646015e-12	17.161415444396987
6.88307904098698e-12	32.55254905459236
7.205759403792793e-12	77.5471703411256
7.543567097829363e-12	77.3897151976754
7.897211295939361e-12	22.23419986302992
8.267434417154934e-12	6.276257723457266
8.65501368528699e-12	1.6556673055364362
9.060762760581236e-12	0.2702503415007671
9.485533447866924e-12	0.025190199043672826
9.93021748478385e-12	0.0012478272678336756
1.039574841384187e-11	3.0356231565993718e-5
1.0883103542243161e-11	0.0005172407156777232
1.1393305993581086e-11	0.0023390980874012524
1.1927426855723505e-11	0.01007579704310644
1.2486587429389208e-11	0.04073834125489712
1.3071961582138117e-11	0.15220690554604396
1.368477821271732e-11	0.5163495864342407
1.4326323830935808e-11	1.559447951423864
1.4997945258484758e-11	4.101278792369979
1.5701052456372703e-11	9.165250363468099
1.6437121484911504e-11	17.162889926016344
1.720769760246745e-11	32.555329319738775
1.8014398509481985e-11	77.5538409650411
1.8858917744573408e-11	77.39661743080481
1.9743028239848403e-11	22.23621926449383
2.0668586042887337e-11	6.276823454095798
2.163753421321747e-11	1.655817808023457
2.265190690145309e-11	0.27027516313651984
2.371383361966731e-11	0.02519253763218464
2.4825543711959625e-11	0.001247944404874697
2.5989371034604672e-11	3.0359113945727452e-5
2.7207758855607903e-11	0.000517282564604616
2.8483264983952715e-11	0.0023392884185805644
2.9818567139308763e-11	0.010076621905137936
3.121646857347302e-11	0.040741697493892795
3.2679903955345294e-11	0.1522195279431226
3.42119455317933e-11	0.5163927009221307
3.581580957733952e-11	1.5595790928385305
3.7494863146211896e-11	4.101626247882827
3.925263114093175e-11	9.1660327950197
4.1092803712278756e-11	17.164364644172206
4.301924400616863e-11	32.558110069688546
4.503599627370496e-11	77.56051257282924
4.714729436143352e-11	77.40351988272998
4.935757059962101e-11	22.238238608218385
5.167146510721834e-11	6.277389177284935
5.409383553304368e-11	1.655968303864004
5.662976725363273e-11	0.27029998277402184
5.928458404916827e-11	0.02519487594890306
6.206385927989906e-11	0.0012480615232102368
6.497342758651168e-11	3.0361995565867856e-5
6.801939713901976e-11	0.0005173244496643831
7.120816245988178e-11	0.0023394789030404713
7.45464178482719e-11	0.010077447380842978
7.804117143368256e-11	0.040745056017550754
8.169975988836323e-11	0.152232158107309
8.552986382948326e-11	0.5164358390374207
8.953952394334881e-11	1.5597102970013788
9.373715786552974e-11	4.101973844683794
9.813157785232939e-11	9.166815486967042
1.027320092806969e-10	17.16583975819214
1.0754811001542157e-10	32.56089166502495
1.125899906842624e-10	77.56718575554422
1.178682359035838e-10	77.41042193358325
1.2339392649905252e-10	22.240257524975544
1.2917866276804584e-10	6.277954803272597
1.352345888326092e-10	1.6561187620147526
1.4157441813408183e-10	0.2703247939051391
1.4821146012292068e-10	0.025197213251908383
1.5515964819974767e-10	0.001248178577852742
1.624335689662792e-10	3.0364874864197992e-5
1.700484928475494e-10	0.0005173664198203787
1.7802040614970448e-10	0.0023396697467565047
1.8636604462067977e-10	0.010078274286339138
1.951029285842064e-10	0.04074841982546938
2.0424939972090808e-10	0.15224480607151022
2.1382465957370812e-10	0.5164790306582724
2.23848809858372e-10	1.5598416409955997
2.3434289466382435e-10	4.10232174923249
2.453289446308235e-10	9.167598726733601
2.568300232017422e-10	17.167315666149925
2.688702750385539e-10	32.56367500674001
2.81474976710656e-10	77.57386198972436
2.9467058975895954e-10	77.41732203253954
3.084848162476313e-10	22.24227509133381
3.229466569201146e-10	6.278520107572438
3.38086472081523e-10	1.656269104838295
3.5393604533520453e-10	0.27034958025461375
3.7052865030730173e-10	0.025199547685944387
3.878991204993691e-10	0.001248295456302108
4.06083922415698e-10	3.036774793236126e-5
4.2512123211887347e-10	0.0005174085974773645
4.450510153742612e-10	0.002339861464646177
4.659151115516994e-10	0.010079104661807385
4.877573214605159e-10	0.04075179641609128
5.106234993022702e-10	0.15225749691555038
5.345616489342703e-10	0.5165223504704696
5.5962202464593e-10	1.5599733174958113
5.858572366595609e-10	4.102670377578224
6.133223615770587e-10	9.168383232627743
6.420750580043556e-10	17.168793362717008
6.721756875963849e-10	32.56646234643868
7.0368744177664e-10	77.5805449645111
7.366764743973988e-10	77.42421629915708
7.712120406190783e-10	22.244288997535996
8.073666423002865e-10	6.2790845286533585
8.452161802038075e-10	1.6564191381516349
8.848401133380114e-10	0.27037430111844296
9.263216257682543e-10	0.025201874611322363
9.697478012484228e-10	0.001248411877204173
1.015209806039245e-9	3.0370604991354996e-5
1.0628030802971836e-9	0.0005174512886283285
1.1126275384356529e-9	0.0023400553439091184
1.1647877788792485e-9	0.010079943607256727
1.2193933036512899e-9	0.040755204533550485
1.2765587482556754e-9	0.15227029333093764
1.3364041223356758e-9	0.5165659851586001
1.3990550616148251e-9	1.5601058080903434
1.4646430916489022e-9	4.103020769564358
1.5333059039426467e-9	9.169170799744082
1.605187645010889e-9	17.17027533322021
1.6804392189909622e-9	32.569259310674354
1.7592186044416e-9	77.58724389674369
1.841691185993497e-9	77.43109502461724
1.9280301015476955e-9	22.24629346661537
2.0184166057507163e-9	6.27964666196543
2.113040450509519e-9	1.656568376294925
2.2121002833450285e-9	0.27039885470134034
2.3158040644206357e-9	0.025204182425455014
2.4243695031210573e-9	0.0012485271369487624
2.5380245150981126e-9	3.0373421575376556e-5
2.657007700742959e-9	0.0005174952582330056
2.7815688460891322e-9	0.0023402546024104127
2.9119694471981214e-9	0.010080803872001809
3.0484832591282247e-9	0.0407586910346918
3.191396870639189e-9	0.15228335203106974
3.3410103058391895e-9	0.5166104013733436
3.497637654037063e-9	1.5602403165394052
3.6616077291222557e-9	4.103375524172813
3.833264759856617e-9	9.169965914251742
4.012969112527222e-9	17.17176778776962
4.201098047477405e-9	32.57207996017697
4.398046511104e-9	77.59398181430437
4.6042279649837425e-9	77.43793391663901
4.820075253869239e-9	22.24827404923461
5.046041514376791e-9	6.280202994231953
5.282601126273797e-9	1.65671560458063
5.530250708362571e-9	0.27042298642042906
5.78951016105159e-9	0.025206442112823947
6.060923757802643e-9	0.0012486394759356678
6.345061287745282e-9	3.0376136478528035e-5
6.642519251857398e-9	0.0005175424186287806
6.95392211522283e-9	0.002340467284449021
7.279923617995304e-9	0.010081717327434356
7.621208147820563e-9	0.04076237305228161
7.978492176597972e-9	0.15229706475851074
8.352525764597973e-9	0.5166567655800389
8.744094135092657e-9	1.5603798516874687
9.154019322805639e-9	4.103741137217934
9.58316189964154e-9	9.170779787507884
1.0032422781318056e-8	17.173286243402085
1.0502745118693512e-8	32.574959432208075
1.099511627776e-8	77.6008162502876
1.1510569912459357e-8	77.44467219447469
1.2050188134673098e-8	22.250194605375516
1.2615103785941977e-8	6.280744737659282
1.3206502815684493e-8	1.6568577850020316
1.3825626770906428e-8	0.2704460595951804
1.4473775402628974e-8	0.025208581114223236
1.5152309394506606e-8	0.001248744494014227
1.5862653219363203e-8	3.037859661973677e-5
1.6606298129643494e-8	0.0005175975506591679
1.7384805288057076e-8	0.0023407135004652325
1.819980904498826e-8	0.01008276364961812
1.9053020369551404e-8	0.04076654340236347
1.994623044149493e-8	0.15231241078988972
2.0881314411494936e-8	0.5167079935934772
2.186023533773164e-8	1.5605319343635202
2.2885048307014098e-8	4.104133844301464
2.3957904749103853e-8	9.17164043791237
2.508105695329514e-8	17.174869472226128
2.6256862796733782e-8	32.57798553401973
2.74877906944e-8	77.60789094429947
2.877642478114839e-8	77.45115777918798
3.012547033668274e-8	22.251964743917704
3.1537759464854944e-8	6.281249911356995
3.301625703921123e-8	1.6569873193808786
3.456406692726607e-8	0.27046648198671597
3.618443850657244e-8	0.02521041798722418
3.788077348626652e-8	0.001248831189313438
3.965663304840801e-8	3.0380419354765974e-5
4.1515745324108734e-8	0.0005176726073083881
4.346201322014269e-8	0.002341043529169831
4.549952261247065e-8	0.010084142035661308
4.763255092387851e-8	0.040771934126702054
4.9865576103737325e-8	0.15233183823998356
5.220328602873734e-8	0.5167713743691518
5.46505883443291e-8	1.5607153639772402
5.721262076753524e-8	4.104594225364478
5.989476187275963e-8	9.172617887117251
6.270264238323785e-8	17.176614353548015
6.564215699183446e-8	32.58137769693466
6.8719476736e-8	77.61556500335729
7.194106195287098e-8	77.45701014586774
7.531367584170686e-8	22.253358389499056
7.884439866213736e-8	6.281663535759431
8.254064259802807e-8	1.657085204922348
8.641016731816518e-8	0.2704802718227208
9.046109626643109e-8	0.025211499060531762
9.47019337156663e-8	0.0012488720623306528
9.914158262102003e-8	3.0380649632586725e-5
1.0378936331027184e-7	0.0005177974787302894
1.0865503305035673e-7	0.0023415830951290188
1.1374880653117662e-7	0.010086350577512103
1.1908137730969629e-7	0.04078037559478484
1.246639402593433e-7	0.1523614679801859
1.3050821507184335e-7	0.5168651306874349
1.3662647086082276e-7	1.5609771358892324
1.430315519188381e-7	4.105223712694658
1.497369046818991e-7	9.173887132957626
1.5675660595809464e-7	17.17876296080746
1.6410539247958613e-7	32.585684301486246
1.7179869184e-7	77.62473553472508
1.7985265488217743e-7	77.46127710962044
1.8828418960426715e-7	22.25381014468446
1.971109966553434e-7	6.281848101413904
2.0635160649507018e-7	1.6571039198490802
2.1602541829541292e-7	0.27047747280859685
2.261527406660777e-7	0.025210690281306302
2.3675483428916573e-7	0.001248798433278675
2.478539565525501e-7	3.0376912615348907e-5
2.594734082756796e-7	0.000518046944075882
2.7163758262589184e-7	0.0023426467126785784
2.8437201632794157e-7	0.010090635266379804
2.977034432742407e-7	0.04079644603243803
3.1165985064835826e-7	0.15241660853303454
3.262705376796084e-7	0.517034832111163
3.415661771520569e-7	1.561434752718386
3.575788797970953e-7	4.1062758756762126
3.743422617047477e-7	9.175885559477692
3.9189151489523657e-7	17.181920184726206
4.1026348119896534e-7	32.59227593211163
4.294967296e-7	77.6376433271996
4.496316372054436e-7	77.46157569967613
4.707104740106679e-7	22.251906212876037
4.927774916383585e-7	6.281459733012013
5.158790162376754e-7	1.656924645353326
5.400635457385323e-7	0.2704331962954985
5.653818516651943e-7	0.025205158639158003
5.918870857229143e-7	0.0012484391268679207
6.196348913813751e-7	3.036335904295706e-5
6.48683520689199e-7	0.0005186083018919231
6.790939565647296e-7	0.002345022010606239
7.109300408198538e-7	0.010100116197455787
7.442586081856018e-7	0.04083160702575624
7.791496266208957e-7	0.15253557764703785
8.156763441990209e-7	0.5173945069830729
8.539154428801423e-7	1.5623821454312303
8.939471994927382e-7	4.108384814551409
9.358556542618692e-7	9.179706542554902
9.797287872380915e-7	17.18759764645024
1.0256587029974134e-6	32.604578941075225
1.073741824e-6	77.65988337665193
1.1240790930136089e-6	77.4519402165682
1.1767761850266678e-6	22.24411273022944
1.2319437290958982e-6	6.279638801663906
1.2896975405941886e-6	1.6562504406453251
1.3501588643463309e-6	0.27028526818464405
1.4134546291629856e-6	0.025187838238782848
1.4797177143072835e-6	0.0012473697227996133
1.5490872284534404e-6	3.032593603306884e-5
1.6217088017229976e-6	0.0005199520311684068
1.697734891411824e-6	0.0023506866562562636
1.7773251020496348e-6	0.010122626532490244
1.8606465204640015e-6	0.040914616898054
1.9478740665522424e-6	0.15281447728213748
2.0391908604975524e-6	0.5182299436814085
2.1347886072003556e-6	1.5645554470497915
2.2348679987318455e-6	4.11313750683252
2.3396391356546694e-6	9.1880845178449
2.4493219680952324e-6	17.199573688653366
2.5641467574935333e-6	32.63116401839818
2.68435456e-6	77.7054131057056
2.8101977325340225e-6	77.41742334582318
2.9419404625666695e-6	22.221605289052235
3.0798593227397456e-6	6.274238350443642
3.2242438514854718e-6	1.6543401091260495
3.375397160865827e-6	0.2698786365312074
3.533636572907464e-6	0.025141176756931907
3.6992942857682087e-6	0.001244551804912448
3.872718071133601e-6	3.0233133674426488e-5
4.054272004307494e-6	0.0005232684489366772
4.24433722852956e-6	0.002364639261022973
4.443312755124087e-6	0.010177957956041475
4.651616301160004e-6	0.04111803611070055
4.869685166380606e-6	0.15349553223477289
5.09797715124388e-6	0.5202602667103581
5.336971518000889e-6	1.5698036965392341
5.587169996829613e-6	4.124513743308807
5.849097839136674e-6	9.207865585353272
6.123304920238081e-6	17.227297407289964
6.4103668937338335e-6	32.69350168872496
6.7108864e-6	77.80897165116612
7.025494331335056e-6	77.32049751271279
7.354851156416673e-6	22.162402798664363
7.699648306849364e-6	6.259908570988784
8.06060962871368e-6	1.6493491014435517
8.438492902164567e-6	0.26882827865428505
8.834091432268661e-6	0.025022016432170426
9.248235714420522e-6	0.0012375325145506987
9.681795177834002e-6	3.002891753758822e-5
1.0135680010768735e-5	0.0005316230043195427
1.0610843071323899e-5	0.0023997218447475207
1.1108281887810218e-5	0.01031691263675686
1.1629040752900008e-5	0.04162748026926535
1.2174212915951514e-5	0.15519680085186088
1.2744942878109702e-5	0.5253129026049447
1.3342428795002223e-5	1.5828053715078318
1.3967924992074034e-5	4.152543964939344
1.4622744597841684e-5	9.2562365329612
1.5308262300595205e-5	17.29443043319745
1.6025917234334584e-5	32.84557583109868
1.6777216e-5	78.0565182245885
1.756373582833764e-5	77.06647566057235
1.8387127891041685e-5	22.01209097714384
1.9249120767123408e-5	6.22339545878256
2.01515240717842e-5	1.6367216428571856
2.109623225541142e-5	0.26618837597454104
2.2085228580671653e-5	0.02472701359077518
2.3120589286051304e-5	0.0012210768891305324
2.4204487944585006e-5	2.97141504747941e-5
2.5339200026921837e-5	0.0005532591163408419
2.652710767830975e-5	0.00249026645522895
2.7770704719525543e-5	0.010674980101387226
2.9072601882250022e-5	0.04293394846257181
3.043553228987879e-5	0.15954304822034582
3.1862357195274255e-5	0.5381445650677784
3.335607198750556e-5	1.6156111448983346
3.491981248018508e-5	4.222818337591029
3.655686149460421e-5	9.376625956029816
3.8270655751488006e-5	17.46040753453307
4.006479308583646e-5	33.22434329551389
4.194304e-5	78.65747342970157
4.39093395708441e-5	76.41366513089423
4.596781972760421e-5	21.6380799838124
4.812280191780852e-5	6.132337931308008
5.03788101794605e-5	1.6054190890405746
5.274058063852855e-5	0.2596986909906888
5.521307145167913e-5	0.024025980045050778
5.780147321512826e-5	0.0011876596352494947
6.0511219861462516e-5	3.014268185126344e-5
6.334800006730459e-5	0.0006127196416987945
6.631776919577437e-5	0.0027370833501182876
6.942676179881386e-5	0.011647218551669839
7.268150470562505e-5	0.04644251269258344
7.608883072469697e-5	0.17111435202451242
7.965589298818563e-5	0.5718573451147732
8.339017996876389e-5	1.70059864949373
8.72995312004627e-5	4.40251703820713
9.139215373651052e-5	9.680394234265307
9.567663937872002e-5	17.875514350885666
0.00010016198271459114	34.184682130710954
0.0001048576	80.09958555559206
0.00010977334892711025	74.72989950964354
0.00011491954931901053	20.730327143006015
0.0001203070047945213	5.910621795718453
0.00012594702544865125	1.5299841316418556
0.00013185145159632137	0.24433790937418495
0.00013803267862919782	0.022513098446247055
0.00014450368303782065	0.0011522938996701944
0.0001512780496536563	3.829670468227611e-5
0.00015837000016826147	0.0008013496522639537
0.00016579442298943594	0.00350388572184346
0.00017356690449703464	0.014628282711004989
0.00018170376176406263	0.05692133036232671
0.00019022207681174241	0.20491318094077074
0.0001991397324704641	0.667242862593477
0.00020847544992190972	1.9330897720792386
0.00021824882800115678	4.878850656394828
0.00022848038434127632	10.460568115609922
0.00023919159844680004	18.92306439061325
0.00025040495678647787	36.687460904723
0.000262144	83.34812954474765
0.00027443337231777566	70.2989372068445
0.0002872988732975263	18.641517889460555
0.00030076751198630325	5.396030278714779
0.0003148675636216281	1.3590295182070138
0.0003296286289908034	0.21110997678394477
0.00034508169657299456	0.020130317756917013
0.00036125920759455163	0.0013551075031516787
0.0003781951241341407	9.606154848941425e-5
0.0003959250004206537	0.001648622712347915
0.00041448605747358984	0.006763776986164003
0.0004339172612425866	0.026711399092504036
0.0004542594044101566	0.09684601727366413
0.0004755551920293561	0.3262538985070298
0.0004978493311761602	0.9848753788576902
0.0005211886248047743	2.647955662128387
0.0005456220700028919	6.234351140351689
0.0005712009608531907	12.517449514273485
0.0005979789961170002	21.609444169803005
0.0006260123919661946	43.567587353758654
0.00065536	88.95326522795867
0.0006860834307944391	58.61676180839355
0.0007182471832438158	14.46378531855292
0.0007519187799657582	4.339586800060485
0.0007871689090540703	1.02682290834148
0.0008240715724770085	0.15544301086855822
0.0008627042414324864	0.021346483164526205
0.0009031480189863791	0.003665037175677863
0.0009454878103353518	0.0003998669468147449
0.0009898125010516343	0.009603498449387406
0.0010362151436839745	0.03335773083257854
0.0010847931531064664	0.11155517656056663
0.0011356485110253914	0.3396571840441036
0.00118888798007339	0.9576281163896141
0.0012446233279404006	2.3734672479843715
0.001302971562011936	5.243912825536113
0.00136405517500723	10.314839015296101
0.001428002402132977	17.71465695195539
0.0014949474902925003	28.74609912190932
0.0015650309799154867	62.45329830518993
0.0016384	85.49591283632398
0.0017152085769860962	33.16676420323945
0.0017956179581095394	8.612904851147361
0.0018797969499143954	2.7373396421188128
0.0019679222726351774	0.5787164669046427
0.0020601789311925213	0.13662476786597794
0.0021567606035812143	0.046693386565468814
0.0022578700474659478	0.016420801284088297
0.0023637195258383796	0.0010821813016241996
0.0024745312526290877	0.19869830552534531
0.0025905378592099362	0.5012374864695763
0.002711982882766164	1.1880077332495662
0.0028391212775634787	2.585259113433227
0.002972219950183475	5.072190115345188
0.0031115583198510037	8.55937730255035
0.0032574289050298394	12.97310013528656
0.003410137937518072	18.711468974755054
0.003570006005332442	26.93000932292547
0.0037373687257312507	51.635799086556545
0.00391257744978872	75.11590854389382
0.004096	34.990560386971254
0.004288021442465241	10.183358816421633
0.004489044895273848	4.46230039099795
0.004699492374785988	1.329473286231781
0.004919805681587943	0.41247910959498235
0.005150447327981303	0.3816650354897943
0.005391901508953035	0.11403603788884308
0.005644675118664869	0.04721769237081165
0.005909298814595948	0.0012432790165065623
0.006186328131572719	3.0589952870180235
0.006476344648024841	4.939847447255464
0.00677995720691541	7.5498133140399615
0.007097803193908697	10.299571579886138
0.007430549875458688	12.214416356276054
0.00777889579962751	13.084285339740456
0.0081435722625746	16.406087897384676
0.00852534484379518	26.350627444770215
0.008925015013331105	47.16181386302177
0.009343421814328127	42.56217615317824
0.0097814436244718	16.666731218493737
0.01024	8.02324715281348
0.010720053606163103	4.655439586176637
0.011222612238184621	2.0109230694303966
0.011748730936964972	0.8944354881325745
0.012299514203969858	0.9878009630679172
0.012876118319953259	0.376927876383381
0.013479753772382589	0.33487749795321176
0.014111687796662173	0.029202153753853922
0.014773247036489872	0.034966991917190236
0.015465820328931797	5.458635454779158
0.016190861620062103	8.589567362335252
0.016949893017288525	12.456202938343925
0.017744507984771743	13.408294462688925
0.018576374688646723	13.941823703220331
0.019447239499068774	17.109616891466224
0.020358930656436496	23.840788771945437
0.02131336210948795	23.30386745529596
0.022312537533327764	9.635841251182807
0.02335855453582032	2.6073801595285606
0.0244536090611795	1.7773305650692066
0.0256	3.0251190136646606
0.026800134015407755	4.228850682424706
0.028056530595461555	4.385755759153814
0.029371827342412428	3.778763123377042
0.030748785509924645	2.257752979845288
0.03219029579988315	1.2321397406538108
0.03369938443095647	0.2151204899548387
0.03527921949165543	0.03265738603503404
0.03693311759122468	0.050960012829671775
0.038664550822329495	6.183607628190672
0.040477154050155256	7.108106485525612
0.04237473254322131	9.311812075521622
0.04436126996192936	12.697733692095278
0.0464409367216168	12.573513214803063
0.04861809874767194	5.829132313533248
0.05089732664109124	1.4413960132620274
0.05328340527371987	1.1367654260760296
0.05578134383331941	2.7135795357695964
0.05839638633955079	2.457042984500872
0.06113402265294875	1.2805952430602932
0.064	1.3636354412113179
0.06700033503851939	2.209167905940556
0.07014132648865391	2.4880320890409826
0.07342956835603104	2.1527238213268847
0.0768719637748116	1.8408767213759594
0.08047573949970786	2.1248916446802757
0.08424846107739119	1.345095051033927
0.08819804872913861	0.5565360007269722
0.09233279397806166	0.6241696499628543
0.09666137705582374	3.191316893063161
0.10119288512538814	4.664043458428408
0.10593683135805329	9.950697637893374
0.11090317490482343	3.5806305295305823
0.11610234180404196	1.2566742707163576
0.12154524686917983	0.31712915089419563
0.1272433166027281	0.2549426588012032
0.1332085131842997	0.8862266354521439
0.13945335958329858	1.4857689749992276
0.1459909658488769	0.9780047279470782
0.15283505663237187	0.7854982286602151
0.16000000000000003	1.1887877881971018
0.16750083759629847	1.5766046884042566
0.17535331622163478	1.74924583123206
0.1835739208900776	1.9965112958791822
0.19217990943702903	2.4096822410325656
0.20118934874926966	3.219910306948641
0.21062115269347795	1.9661193734794054
0.22049512182284653	1.9500123555542281
0.23083198494515414	0.8597338934699689
0.24165344263955935	2.3218449217728736
0.25298221281347033	3.956667760933985
0.2648420783951332	3.857778018695412
0.2772579372620586	3.3565629913011805
0.2902558545101049	5.689384320296978
0.3038631171729496	11.368620249779365
0.31810829150682024	18.186979153159577
0.3330212829607492	19.48594597834906
0.34863339895824647	21.737721819750128
0.3649774146221923	33.25157380090711
0.38208764158092967	25.445972704723452
0.4	6.688687640068621
0.41875209399074625	1.282794185820134
0.438383290554087	0.39602304974436153
0.458934802225194	0.36218341500889506
0.48044977359257246	0.38665777278519226
0.5029733718731741	0.7802462266880561
0.526552881733695	1.8172561324763798
0.5512378045571164	1.2002828288560825
0.5770799623628854	0.5010563918448483
0.6041336065988983	0.44021068563492605
0.6324555320336759	0.3061078803700461
0.6621051959878331	0.2545083914227512
0.6931448431551465	0.20874017596221192
0.7256396362752623	0.11958270375747586
0.7596577929323739	0.028513690941935586
0.7952707287670506	0.0045294082324686446
0.8325532074018732	0.004278603972581961
0.8715834973956161	0.00904192398685416
0.9124435365554808	0.017563909438672164
0.955219103952324	0.02819201915141731
1.0	0.04761555081308774
