-1.0	0.006924167858651326
-0.955219103952324	0.014098631781117863
-0.9124435365554808	0.027275395656231795
-0.8715834973956161	0.05314127516575564
-0.8325532074018732	0.07118250580931194
-0.7952707287670506	0.0429378440554868
-0.7596577929323739	0.02581959090961877
-0.7256396362752623	0.026039784108152227
-0.6931448431551465	0.02313765858385181
-0.6621051959878331	0.01771342670819042
-0.6324555320336759	0.03871252770155184
-0.6041336065988983	0.17980306564552462
-0.5770799623628854	0.25913408978667923
-0.5512378045571164	0.6757183795017359
-0.526552881733695	0.7156599573087685
-0.5029733718731741	0.8707381466827137
-0.48044977359257246	0.9039810589456887
-0.458934802225194	0.3585688725127712
-0.438383290554087	0.14355436415167105
-0.41875209399074625	0.1402851881471755
-0.4	0.08634193014025787
-0.38208764158092967	0.03536079788651873
-0.3649774146221923	0.025631719286571188
-0.34863339895824647	0.1472576014689649
-0.3330212829607492	0.6914466965284594
-0.31810829150682024	1.36798558290528
-0.3038631171729496	1.2878579174015625
-0.2902558545101049	1.4859109496268192
-0.2772579372620586	3.6325068893388592
-0.2648420783951332	5.384941939822745
-0.25298221281347033	5.746289093871252
-0.24165344263955935	6.9010935028292
-0.23083198494515414	5.427548852078483
-0.22049512182284653	5.354746507735132
-0.21062115269347795	1.2176379214314976
-0.20118934874926966	7.078912494771298
-0.19217990943702903	49.91922574299172
-0.1835739208900776	49.07324920579587
-0.17535331622163478	22.2177580635851
-0.16750083759629847	13.555417704024652
-0.16000000000000003	6.288322971434977
-0.15283505663237187	3.296423301990118
-0.1459909658488769	6.398048860037709
-0.13945335958329858	6.867301476791881
-0.1332085131842997	5.087880393827605
-0.1272433166027281	6.038906766247068
-0.12154524686917983	8.362314323540883
-0.11610234180404196	8.041329118478684
-0.11090317490482343	4.311024351372935
-0.10593683135805329	1.880603212095293
-0.10119288512538814	1.8126806323169067
-0.09666137705582374	3.780212205068038
-0.09233279397806166	2.9212773625342967
-0.08819804872913861	1.2255984425576585
-0.08424846107739119	0.4712264314710707
-0.08047573949970786	0.9463634277272296
-0.0768719637748116	0.9131831119608862
-0.07342956835603104	0.8689627752262074
-0.07014132648865391	0.9061897703735093
-0.06700033503851939	1.7907065653086505
-0.064	5.613752216075436
-0.06113402265294875	5.778801375445448
-0.05839638633955079	4.951697286559209
-0.05578134383331941	5.960246889126965
-0.05328340527371987	6.13171302855049
-0.05089732664109124	6.184269734220625
-0.04861809874767194	7.21179327210308
-0.0464409367216168	5.1098568407605764
-0.04436126996192936	1.840556797351869
-0.04237473254322131	1.183364585847586
-0.040477154050155256	9.529728153262568
-0.038664550822329495	7.74137516414386
-0.03693311759122468	3.4085681817155837
-0.03527921949165543	2.1826290588244466
-0.03369938443095647	0.5252718785158887
-0.03219029579988315	0.6332864814614597
-0.030748785509924645	0.47882553628402297
-0.029371827342412428	0.34093127312930305
-0.028056530595461555	1.210620333880877
-0.026800134015407755	2.7945707384473306
-0.0256	1.08344949168816
-0.0244536090611795	1.4966650823054475
-0.02335855453582032	3.81354085755665
-0.022312537533327764	6.724825548903106
-0.02131336210948795	6.657175385539438
-0.020358930656436496	5.460092078126065
-0.019447239499068774	5.156121693087903
-0.018576374688646723	11.052438071473135
-0.017744507984771743	20.148767469707654
-0.016949893017288525	15.521414066560512
-0.016190861620062103	8.043132825539194
-0.015465820328931797	4.289377141830295
-0.014773247036489872	4.2600213581921835
-0.014111687796662173	4.5682186873100745
-0.013479753772382589	0.043122392927419505
-0.012876118319953259	0.011274490684509971
-0.012299514203969858	0.003095361190078957
-0.011748730936964972	0.15138513661888708
-0.011222612238184621	1.0251748555834337
-0.010720053606163103	0.5199707461918099
-0.01024	0.06041154236704543
-0.0097814436244718	0.5324996481155075
-0.009343421814328127	1.6252100120334
-0.008925015013331105	1.967676177906179
-0.00852534484379518	4.130654500982595
-0.0081435722625746	11.067717882674676
-0.00777889579962751	31.69559619303378
-0.007430549875458688	50.00910338575787
-0.007097803193908697	37.27744738643539
-0.00677995720691541	21.33669718071593
-0.006476344648024841	14.590036288113588
-0.006186328131572719	9.91036048167394
-0.005909298814595948	6.156636254324276
-0.005644675118664869	3.4480889354112896
-0.005391901508953035	0.012712893675324608
-0.005150447327981303	0.00162617306315005
-0.004919805681587943	0.002404756899815789
-0.004699492374785988	0.10804269465710169
-0.004489044895273848	0.2670303630347825
-0.004288021442465241	0.05656619536400867
-0.004096	0.09668621049835058
-0.00391257744978872	0.5884279042343207
-0.0037373687257312507	1.4010450583893774
-0.003570006005332442	3.7600799818480133
-0.003410137937518072	11.359620436252785
-0.0032574289050298394	38.2410361709732
-0.0031115583198510037	64.8527720323634
-0.002972219950183475	46.547788188199206
-0.0028391212775634787	25.476572711731485
-0.002711982882766164	17.092862763409737
-0.0025905378592099362	11.615155709790157
-0.0024745312526290877	7.019705972172316
-0.0023637195258383796	3.8335094119283735
-0.0022578700474659478	1.9062003475070632
-0.0021567606035812143	0.0009091491242762559
-0.0020601789311925213	7.555450444494925e-5
-0.0019679222726351774	0.0011130271820961731
-0.0018797969499143954	0.030717648641698486
-0.0017956179581095394	0.04430806372152026
-0.0017152085769860962	0.013932799688700318
-0.0016384	0.10415646255527018
-0.0015650309799154867	0.5540784205215668
-0.0014949474902925003	1.9927670746672874
-0.001428002402132977	6.2208295635072215
-0.00136405517500723	23.430068514041125
-0.001302971562011936	63.51556712178816
-0.0012446233279404006	65.2275826394513
-0.00118888798007339	35.68572084229331
-0.0011356485110253914	22.06944861337283
-0.0010847931531064664	15.382729067762389
-0.0010362151436839745	9.761970524344306
-0.0009898125010516343	5.51105389926753
-0.0009454878103353518	2.8126882712164045
-0.0009031480189863791	1.317590142768387
-0.0008627042414324864	8.444955842276875e-5
-0.0008240715724770085	6.127523825510986e-6
-0.0007871689090540703	0.00028414554332120045
-0.0007519187799657582	0.006083835418593905
-0.0007182471832438158	0.007450011511702006
-0.0006860834307944391	0.013012272026915772
-0.00065536	0.11525170855105812
-0.0006260123919661946	0.6441951829074682
-0.0005979789961170002	2.4752773255683915
-0.0005712009608531907	8.132237696259692
-0.0005456220700028919	32.66361934959165
-0.0005211886248047743	72.95726876262084
-0.0004978493311761602	60.10797572783515
-0.0004755551920293561	31.857711722611185
-0.0004542594044101566	21.092170093335707
-0.0004339172612425866	14.524560948473178
-0.00041448605747358984	8.915365969303267
-0.0003959250004206537	4.874738832559881
-0.0003781951241341407	2.414078244681077
-0.00036125920759455163	1.0996286934724129
-0.00034508169657299456	1.041595601257031e-5
-0.0003296286289908034	7.493984323908553e-7
-0.0003148675636216281	5.4027521640965174e-5
-0.00030076751198630325	0.0010527950614853867
-0.0002872988732975263	0.001980200192083789
-0.00027443337231777566	0.01440500285919158
-0.000262144	0.12635145760480287
-0.00025040495678647787	0.708989243208811
-0.00023919159844680004	2.7201079099682133
-0.00022848038434127632	9.197161997328077
-0.00021824882800115678	37.28036000095555
-0.00020847544992190972	75.87306941824593
-0.0001991397324704641	57.40106433737145
-0.00019022207681174241	30.567641931822756
-0.00018170376176406263	20.7188582956518
-0.00017356690449703464	14.143222623603624
-0.00016579442298943594	8.560519092658305
-0.00015837000016826147	4.618152514064871
-0.0001512780496536563	2.2580383699663473
-0.00014450368303782065	1.016225798365357
-0.00013803267862919782	1.3033708616020195e-6
-0.00013185145159632137	1.0497561509536853e-7
-0.00012594702544865125	1.0047351163942589e-5
-0.0001203070047945213	0.00020863616856468993
-0.00011491954931901053	0.0012192782240733494
-0.00010977334892711025	0.01524016357411141
-0.0001048576	0.1325523976077605
-0.00010016198271459114	0.7405282375199084
-9.567663937872002e-5	2.8286017563842094
-9.139215373651052e-5	9.690938987321372
-8.72995312004627e-5	39.282775136898934
-8.339017996876389e-5	76.85778941632469
-7.965589298818563e-5	56.255490642926254
-7.608883072469697e-5	30.101594620414012
-7.268150470562505e-5	20.57487966014435
-6.942676179881386e-5	13.98839347383607
-6.631776919577437e-5	8.418734581721758
-6.334800006730459e-5	4.516791889126691
-6.0511219861462516e-5	2.1969625782495235
-5.780147321512826e-5	0.9838291040729282
-5.521307145167913e-5	1.5494907766300885e-7
-5.274058063852855e-5	2.205338101305086e-8
-5.03788101794605e-5	2.4271603557789346e-6
-4.812280191780852e-5	7.044595724079781e-5
-4.596781972760421e-5	0.0011200777776486392
-4.39093395708441e-5	0.015616228822400198
-4.194304e-5	0.1353317443927633
-4.006479308583646e-5	0.7539387499988492
-3.8270655751488006e-5	2.8732967174668906
-3.655686149460421e-5	9.899060314776808
-3.491981248018508e-5	40.102807090029145
-3.335607198750556e-5	77.21007314918128
-3.1862357195274255e-5	55.7821552595094
-3.043553228987879e-5	29.91801043104857
-2.9072601882250022e-5	20.514019310119156
-2.7770704719525543e-5	13.923380639469158
-2.652710767830975e-5	8.360423726308342
-2.5339200026921837e-5	4.475580151255629
-2.4204487944585006e-5	2.172321680998346
-2.3120589286051304e-5	0.9708342693692723
-2.2085228580671653e-5	1.1300280598827558e-8
-2.109623225541142e-5	1.1427854739382903e-8
-2.01515240717842e-5	1.2431386973416921e-6
-1.9249120767123408e-5	4.962526770218236e-5
-1.8387127891041685e-5	0.0011133004726443072
-1.756373582833764e-5	0.015773016280298816
-1.6777216e-5	0.1364895178996334
-1.6025917234334584e-5	0.7594048089963576
-1.5308262300595205e-5	2.891284836638814
-1.4622744597841684e-5	9.983727286035991
-1.3967924992074034e-5	40.43221971223318
-1.3342428795002223e-5	77.34103999520636
-1.2744942878109702e-5	55.58838411860119
-1.2174212915951514e-5	29.843922963079617
-1.1629040752900008e-5	20.488406330761503
-1.1108281887810218e-5	13.89638896762641
-1.0610843071323899e-5	8.336550550466702
-1.0135680010768735e-5	4.458832965140908
-9.681795177834002e-6	2.162356572886663
-9.248235714420522e-6	0.9655972406501475
-8.834091432268661e-6	1.0947553788978956e-10
-8.438492902164567e-6	1.0526900427946332e-8
-8.06060962871368e-6	1.0864104965699694e-6
-7.699648306849364e-6	4.697546644072277e-5
-7.354851156416673e-6	0.0011158132488598776
-7.025494331335056e-6	0.01583611685396063
-6.7108864e-6	0.13695455329829467
-6.4103668937338335e-6	0.7615759975859594
-6.123304920238081e-6	2.8983768257510607
-5.849097839136674e-6	10.017408134779954
-5.587169996829613e-6	40.56249484286102
-5.336971518000889e-6	77.38848991035795
-5.09797715124388e-6	55.50774748172202
-4.869685166380606e-6	29.81288168514068
-4.651616301160004e-6	20.477064985251218
-4.443312755124087e-6	13.884826785596285
-4.24433722852956e-6	8.32654737673758
-4.054272004307494e-6	4.451895476723059
-3.872718071133601e-6	2.1582573975123864
-3.6992942857682087e-6	0.9634532634811062
-3.533636572907464e-6	2.7801322240524488e-9
-3.375397160865827e-6	1.0687059434700914e-8
-3.2242438514854718e-6	1.0756417224570142e-6
-3.0798593227397456e-6	4.683351884151473e-5
-2.9419404625666695e-6	0.001117608856063898
-2.8101977325340225e-6	0.01586076208499979
-2.68435456e-6	0.13713515046165337
-2.5641467574935333e-6	0.7624098621614751
-2.4493219680952324e-6	2.9010737998821927
-2.3396391356546694e-6	10.030426367916272
-2.2348679987318455e-6	40.61263645294558
-2.1347886072003556e-6	77.40329821112726
-2.0391908604975524e-6	55.47252291984291
-1.9478740665522424e-6	29.798915663350073
-1.8606465204640015e-6	20.471444758270213
-1.7773251020496348e-6	13.879460765166161
-1.697734891411824e-6	8.322100573434177
-1.6217088017229976e-6	4.448881943249866
-1.5490872284534404e-6	2.156502039056713
-1.4797177143072835e-6	0.9625440498486595
-1.4134546291629856e-6	4.971991111334728e-9
-1.3501588643463309e-6	1.0832871074058728e-8
-1.2896975405941886e-6	1.0796960644775827e-6
-1.2319437290958982e-6	4.692270288040944e-5
-1.1767761850266678e-6	0.0011184078228619746
-1.1240790930136089e-6	0.015869865350227556
-1.073741824e-6	0.13720076617991947
-1.0256587029974134e-6	0.7627055793687587
-9.797287872380915e-7	2.902006452124586
-9.358556542618692e-7	10.035134858754798
-8.939471994927382e-7	40.630642053687964
-8.539154428801423e-7	77.40515721576878
-8.156763441990209e-7	55.455474808623826
-7.791496266208957e-7	29.79175037401994
-7.442586081856018e-7	20.468110820951768
-7.109300408198538e-7	13.876574186498992
-6.790939565647296e-7	8.31987584037388
-6.48683520689199e-7	4.4474369993268805
-6.196348913813751e-7	2.1556832964204333
-5.918870857229143e-7	0.9621281178274148
-5.653818516651943e-7	6.02582879249756e-9
-5.400635457385323e-7	1.0903708969931372e-8
-5.158790162376754e-7	1.0826221677919862e-6
-4.927774916383585e-7	4.6979942913361464e-5
-4.707104740106679e-7	0.0011186943229399464
-4.496316372054436e-7	0.01587272555394622
-4.294967296e-7	0.1372201894693015
-4.1026348119896534e-7	0.7627854859188684
-3.9189151489523657e-7	2.902232215873155
-3.743422617047477e-7	10.036511785397739
-3.575788797970953e-7	40.63577773951524
-3.415661771520569e-7	77.40184781839447
-3.262705376796084e-7	55.445694220690285
-3.1165985064835826e-7	29.78729832883172
-2.977034432742407e-7	20.465689558662685
-2.8437201632794157e-7	13.874678496741067
-2.7163758262589184e-7	8.318539208723097
-2.594734082756796e-7	4.446618972191356
-2.478539565525501e-7	2.1552388739059865
-2.3675483428916573e-7	0.9619093155392388
-2.261527406660777e-7	6.474853548620658e-9
-2.1602541829541292e-7	1.0933579225578256e-8
-2.0635160649507018e-7	1.0839592589781523e-6
-1.971109966553434e-7	4.700439530016564e-5
-1.8828418960426715e-7	0.0011187575558576615
-1.7985265488217743e-7	0.01587308411608713
-1.7179869184e-7	0.13722110174664914
-1.6410539247958613e-7	0.7627789675756323
-1.5675660595809464e-7	2.902174987956532
-1.497369046818991e-7	10.036554688841193
-1.430315519188381e-7	40.63576216144338
-1.3662647086082276e-7	77.39647072473099
-1.3050821507184335e-7	55.438818358801846
-1.246639402593433e-7	29.783929600802445
-1.1908137730969629e-7	20.463632533752545
-1.1374880653117662e-7	13.873178644648108
-1.0865503305035673e-7	8.317557466614728
-1.0378936331027184e-7	4.446051498290975
-9.914158262102003e-8	2.1549440617369644
-9.47019337156663e-8	0.9617693056392486
-9.046109626643109e-8	6.6583734044294784e-9
-8.641016731816518e-8	1.0945324919997969e-8
-8.254064259802807e-8	1.0844774049714895e-6
-7.884439866213736e-8	4.7012510872465286e-5
-7.531367584170686e-8	0.0011187285388531841
-7.194106195287098e-8	0.015872441267407146
-6.8719476736e-8	0.13721460368187027
-6.564215699183446e-8	0.7627378600198634
-6.270264238323785e-8	2.902004512153029
-5.989476187275963e-8	10.03606371499821
-5.721262076753524e-8	40.633685318933225
-5.46505883443291e-8	77.39026583074104
-5.220328602873734e-8	55.43310344734126
-4.9865576103737325e-8	29.780993617756753
-4.763255092387851e-8	20.461720907400156
-4.549952261247065e-8	13.871836930076505
-4.346201322014269e-8	8.316717551858492
-4.1515745324108734e-8	4.445584171012613
-3.965663304840801e-8	2.1547090543725815
-3.788077348626652e-8	0.9616607936463932
-3.618443850657244e-8	6.732027821803589e-9
-3.456406692726607e-8	1.0949548653994432e-8
-3.301625703921123e-8	1.084638316665594e-6
-3.1537759464854944e-8	4.7013570823786444e-5
-3.012547033668274e-8	0.0011186621475859759
-2.877642478114839e-8	0.015871397749315886
-2.74877906944e-8	0.13720514063818554
-2.6256862796733782e-8	0.7626829141487598
-2.508105695329514e-8	2.901788730235379
-2.3957904749103853e-8	10.035359152278613
-2.2885048307014098e-8	40.63078384951359
-2.186023533773164e-8	77.38372962001266
-2.0881314411494936e-8	55.42785267457065
-1.994623044149493e-8	29.778230607768723
-1.9053020369551404e-8	20.459867378487335
-1.819980904498826e-8	13.870558427733153
-1.7384805288057076e-8	8.31593433959426
-1.6606298129643494e-8	4.4451568855838826
-1.5862653219363203e-8	2.1544979599932743
-1.5152309394506606e-8	0.9615648764609652
-1.4473775402628974e-8	6.761189965013006e-9
-1.3825626770906428e-8	1.095072224738308e-8
-1.3206502815684493e-8	1.0846514860281638e-6
-1.2615103785941977e-8	4.701172345670846e-5
-1.2050188134673098e-8	0.0011185807319666126
-1.1510569912459357e-8	0.015870193986836405
-1.099511627776e-8	0.13719449181038312
-1.0502745118693512e-8	0.7626224344018423
-1.0032422781318056e-8	2.9015548317806803
-9.58316189964154e-9	10.034569172293361
-9.154019322805639e-9	40.62755260179861
-8.744094135092657e-9	77.37706100304587
-8.352525764597973e-9	55.422787619770304
-7.978492176597972e-9	29.775536827822993
-7.621208147820563e-9	20.458037123082093
-7.279923617995304e-9	13.869305233373467
-6.95392211522283e-9	8.31517382147175
-6.642519251857398e-9	4.444745623531246
-6.345061287745282e-9	2.154296433835215
-6.060923757802643e-9	0.9614739984631017
-5.78951016105159e-9	6.772483384543643e-9
-5.530250708362571e-9	1.0950670040386758e-8
-5.282601126273797e-9	1.0846047465100744e-6
-5.046041514376791e-9	4.700869900754583e-5
-4.820075253869239e-9	0.0011184932975373282
-4.6042279649837425e-9	0.015868926180219175
-4.398046511104e-9	0.13718336913671667
-4.201098047477405e-9	0.7625597437695742
-4.012969112527222e-9	2.9013136969688906
-3.833264759856617e-9	10.033745060379857
-3.6616077291222557e-9	40.62418958250378
-3.497637654037063e-9	77.37033968729438
-3.3410103058391895e-9	55.417797039654076
-3.191396870639189e-9	29.77287084402615
-3.0484832591282247e-9	20.45621625048075
-2.9119694471981214e-9	13.868062212163025
-2.7815688460891322e-9	8.314422410970028
-2.657007700742959e-9	4.444340786846461
-2.5380245150981126e-9	2.154098742728426
-2.4243695031210573e-9	0.961385139603259
-2.3158040644206357e-9	6.776623997989428e-9
-2.2121002833450285e-9	1.0950126961808475e-8
-2.113040450509519e-9	1.0845339017259534e-6
-2.0184166057507163e-9	4.7005201348325e-5
-1.9280301015476955e-9	0.0011184034576234723
-1.841691185993497e-9	0.01586763281822958
-1.7592186044416e-9	0.1371720574706839
-1.6804392189909622e-9	0.7624961718648132
-1.605187645010889e-9	2.9010696794745288
-1.5333059039426467e-9	10.03290733638298
-1.4646430916489022e-9	40.620774019423315
-1.3990550616148251e-9	77.36359761536998
-1.3364041223356758e-9	55.41283648726121
-1.2765587482556754e-9	29.77021610756172
-1.2193933036512899e-9	20.454399219914084
-1.1647877788792485e-9	13.86682332094162
-1.1126275384356529e-9	8.313674680204276
-1.0628030802971836e-9	4.443938540061745
-1.015209806039245e-9	2.153902595282226
-9.697478012484228e-10	0.9612970927289864
-9.263216257682543e-10	6.777905112270498e-9
-8.848401133380114e-10	1.094938761419868e-8
-8.452161802038075e-10	1.0844533895961172e-6
-8.073666423002865e-10	4.700151407586844e-5
-7.712120406190783e-10	0.0011183126595678407
-7.366764743973988e-10	0.01586632929924526
-7.0368744177664e-10	0.13716067078044877
-6.721756875963849e-10	0.7624322506864302
-6.420750580043556e-10	2.9008245213800743
-6.133223615770587e-10	10.03206421035484
-5.858572366595609e-10	40.617337613386795
-5.5962202464593e-10	77.35684758841856
-5.345616489342703e-10	55.40788820389169
-5.106234993022702e-10	29.76756600865355
-4.877573214605159e-10	20.452583821245355
-4.659151115516994e-10	13.865586146742261
-4.450510153742612e-10	8.312928460700347
-4.2512123211887347e-10	4.443537350477185
-4.06083922415698e-10	2.153707075686712
-3.878991204993691e-10	0.961209375323633
-3.7052865030730173e-10	6.778043693677382e-9
-3.5393604533520453e-10	1.0948569860731822e-8
-3.38086472081523e-10	1.0843690077774207e-6
-3.229466569201146e-10	4.6997751024909164e-5
-3.084848162476313e-10	0.0011182214827294469
-2.9467058975895954e-10	0.015865021783708397
-2.81474976710656e-10	0.13714925466351688
-2.688702750385539e-10	0.7623681930944831
-2.568300232017422e-10	2.9005789197618763
-2.453289446308235e-10	10.031218967139095
-2.3434289466382435e-10	40.61389304854957
-2.23848809858372e-10	77.35009473653284
-2.1382465957370812e-10	55.40294509404434
-2.0424939972090808e-10	29.76491790723899
-1.951029285842064e-10	20.450769172857576
-1.8636604462067977e-10	13.864349726073522
-1.7802040614970448e-10	8.3121828861235
-1.700484928475494e-10	4.443136605597058
-1.624335689662792e-10	2.1535118179105415
-1.5515964819974767e-10	0.9611217945152573
-1.4821146012292068e-10	6.777725879821914e-9
-1.4157441813408183e-10	1.0947720817969048e-8
-1.352345888326092e-10	1.0842830802789358e-6
-1.2917866276804584e-10	4.699395781651308e-5
-1.2339392649905252e-10	0.00111813015895121
-1.178682359035838e-10	0.01586371273615941
-1.125899906842624e-10	0.13713782736243596
-1.0754811001542157e-10	0.7623040842547819
-1.027320092806969e-10	2.9003331535402705
-9.813157785232939e-11	10.030372920972734
-9.373715786552974e-11	40.61044540000665
-8.953952394334881e-11	77.34334111554416
-8.552986382948326e-11	55.398004322717476
-8.169975988836323e-11	29.762270748829383
-7.804117143368256e-11	20.448954923076784
-7.45464178482719e-11	13.863113674219399
-7.120816245988178e-11	8.311437610365648
-6.801939713901976e-11	4.442736060660015
-6.497342758651168e-11	2.153316675660355
-6.206385927989906e-11	0.9610342732101554
-5.928458404916827e-11	6.777225793022152e-9
-5.662976725363273e-11	1.0946859315546605e-8
-5.409383553304368e-11	1.0841965380570223e-6
-5.167146510721834e-11	4.699015272295928e-5
-4.935757059962101e-11	0.0011180387809992625
-4.714729436143352e-11	0.015862403142546826
-4.503599627370496e-11	0.13712639617554692
-4.301924400616863e-11	0.7622399582419136
-4.1092803712278756e-11	2.9000873343179387
-3.925263114093175e-11	10.02952659767114
-3.7494863146211896e-11	40.60699669838208
-3.581580957733952e-11	77.33658754927592
-3.42119455317933e-11	55.393064757137886
-3.2679903955345294e-11	29.759624112224213
-3.121646857347302e-11	20.447140931616197
-2.9818567139308763e-11	13.861877837562348
-2.8483264983952715e-11	8.310692495152155
-2.7207758855607903e-11	4.44233561785549
-2.5989371034604672e-11	2.1531215904661294
-2.4825543711959625e-11	0.9609467805927472
-2.371383361966731e-11	6.776652943515075e-9
-2.265190690145309e-11	1.0945992878182637e-8
-2.163753421321747e-11	1.0841097540014098e-6
-2.0668586042887337e-11	4.6986343062225675e-5
-1.9743028239848403e-11	0.0011179473859955257
-1.8858917744573408e-11	0.015861093397358
-1.8014398509481985e-11	0.13711496402310247
-1.720769760246745e-11	0.762175828690763
-1.6437121484911504e-11	2.8998415067548295
-1.5701052456372703e-11	10.028680207620646
-1.4997945258484758e-11	40.603547756182444
-1.4326323830935808e-11	77.32983436784966
-1.368477821271732e-11	55.38812594466059
-1.3071961582138117e-11	29.75697782916032
-1.2486587429389208e-11	20.445327142493873
-1.1927426855723505e-11	13.860642154743914
-1.1393305993581086e-11	8.309947485226079
-1.0883103542243161e-11	4.441935238087518
-1.039574841384187e-11	2.152926538953545
-9.93021748478385e-12	0.9608593043429048
-9.485533447866924e-12	6.776051057231991e-9
-9.060762760581236e-12	1.094512451151094e-8
-8.65501368528699e-12	1.0840228774579191e-6
-8.267434417154934e-12	4.698253176481043e-5
-7.897211295939361e-12	0.001117855988791253
-7.543567097829363e-12	0.015859783658386507
-7.205759403792793e-12	0.13710353207324086
-6.88307904098698e-12	0.7621117010557441
-6.5748485939646015e-12	2.8995956887176053
-6.28042098254908e-12	10.027833834986016
-5.9991781033939035e-12	40.60009889847398
-5.7305295323743236e-12	77.32308170351895
-5.473911285086928e-12	55.383187704410304
-5.228784632855247e-12	29.754331832419275
-4.9946349717556835e-12	20.443513533372574
-4.770970742289403e-12	13.85940660126107
-4.557322397432434e-12	8.309202558510782
-4.3532414168972644e-12	4.4415349057326905
-4.1582993655367474e-12	2.1527315117805847
-3.97208699391354e-12	0.9607718395362259
-3.794213379146769e-12	6.7754376059294895e-9
-3.6243051042324945e-12	1.094425541664485e-8
-3.4620054741147955e-12	1.0839359681563296e-6
-3.3069737668619735e-12	4.697872000270378e-5
-3.1588845183757443e-12	0.0011177645953247646
-3.0174268391317456e-12	0.015858473988725107
-2.8823037615171173e-12	0.13709210079305
-2.753231616394792e-12	0.7620475775179334
-2.6299394375858407e-12	2.899349887351004
-2.512168393019632e-12	10.026987513424329
-2.399671241357561e-12	40.59665025525794
-2.2922118129497296e-12	77.31632960922089
-2.1895645140347714e-12	55.378249964108804
-2.091513853142099e-12	29.751686095147303
-1.9978539887022734e-12	20.441700095337538
-1.908388296915761e-12	13.858171167328651
-1.8229289589729738e-12	8.30845770618702
-1.7412965667589057e-12	4.44113461454863
-1.663319746214699e-12	2.1525365052142695
-1.588834797565416e-12	0.9606843842048264
-1.5176853516587079e-12	6.774819575797251e-9
-1.4497220416929979e-12	1.0943386074081586e-8
-1.3848021896459183e-12	1.0838490500745187e-6
-1.3227895067447895e-12	4.697490824628451e-5
-1.2635538073502978e-12	0.0011176732079756725
-1.2069707356526982e-12	0.01585716441364874
-1.152921504606847e-12	0.13708067036964036
-1.1012926465579169e-12	0.7619834589510448
-1.0519757750343362e-12	2.8991041055170594
-1.004867357207853e-12	10.026141256415276
-9.598684965430246e-13	40.593201878597206
-9.168847251798917e-13	77.3095781061691
-8.758258056139085e-13	55.373312694824236
-8.366055412568395e-13	29.7490406065925
-7.991415954809093e-13	20.439886824817176
-7.633553187663044e-13	13.856935849026163
-7.291715835891894e-13	8.30771292472136
-6.965186267035623e-13	4.440734362034413
-6.653278984858797e-13	2.152341517759035
-6.355339190261664e-13	0.9605969375603204
-6.070741406634831e-13	6.774199749464362e-9
-5.798888166771992e-13	1.0942516675222115e-8
-5.539208758583673e-13	1.083762132764951e-6
-5.291158026979158e-13	4.6971096682966105e-5
-5.054215229401191e-13	0.0011175818276929074
-4.827882942610793e-13	0.015855854943236807
-4.611686018427388e-13	0.13706924087763087
-4.405170586231682e-13	0.761919345703388
-4.207903100137345e-13	2.8988583443569134
-4.0194694288314114e-13	10.025295069335884
-3.839473986172086e-13	40.58975378926522
-3.667538900719567e-13	77.30282720280968
-3.5033032224556456e-13	55.3683758849956
-3.346422165027358e-13	29.74639536245558
-3.1965663819236375e-13	20.438073720381333
-3.0534212750652074e-13	13.855700644785566
-2.916686334356758e-13	8.306968212702118
-2.7860745068142583e-13	4.440334147191411
-2.6613115939435187e-13	2.152146548817695
-2.5421356761046654e-13	0.9605094992879384
-2.4282965626539245e-13	6.773579240959512e-9
-2.3195552667087964e-13	1.0941647296744078e-8
-2.2156835034334765e-13	1.0836752200775103e-6
-2.116463210791663e-13	4.696728538822591e-5
-2.0216860917604765e-13	0.0011174904548565997
-1.9311531770443107e-13	0.0158545455815253
-1.8446744073709553e-13	0.13705781234686837
-1.7620682344926728e-13	0.7618552379144482
-1.683161240054938e-13	2.898612604326848
-1.6077877715325645e-13	10.024448954340329
-1.5357895944688342e-13	40.5863059955809
-1.467015560287827e-13	77.29607690250157
-1.4013212889822583e-13	55.36343952994739
-1.3385688660109433e-13	29.743750360997705
-1.278626552769455e-13	20.436260781449107
-1.221368510026083e-13	13.85446555397466
-1.1666745337427032e-13	8.306223569560578
-1.1144298027257033e-13	4.439933969617344
-1.0645246375774074e-13	2.15195159815017
-1.0168542704418663e-13	0.9604220692612061
-9.713186250615699e-14	6.772958496790988e-9
-9.278221066835187e-14	1.094077796944978e-8
-8.862734013733905e-14	1.0835883135871105e-6
-8.465852843166653e-14	4.6963474392886835e-5
-8.086744367041906e-14	0.0011173990896204663
-7.724612708177243e-14	0.015853236330134326
-7.378697629483821e-14	0.13704638478937364
-7.048272937970691e-14	0.7617911356401821
-6.732644960219751e-14	2.898366885609951
-6.431151086130258e-14	10.023602912285325
-6.143158377875337e-14	40.582858500841816
-5.868062241151308e-14	77.28932720655723
-5.605285155929033e-14	55.358503627814486
-5.354275464043773e-14	29.741105601515386
-5.11450621107782e-14	20.434448007775384
-4.885474040104332e-14	13.85323057632887
-4.666698134970813e-14	8.305478995061776
-4.457719210902813e-14	4.439533829147145
-4.2580985503096294e-14	2.151756665658
-4.067417081767465e-14	0.9603346474283407
-3.8852745002462796e-14	6.77233769104157e-9
-3.711288426734074e-14	1.0939908705265145e-8
-3.545093605493562e-14	1.0835014138665825e-6
-3.386341137266661e-14	4.69596637082327e-5
-3.2346977468167627e-14	0.001117307732043007
-3.089845083270897e-14	0.015851927189690508
-2.951479051793528e-14	0.13703495820975292
-2.8193091751882763e-14	0.7617270389020229
-2.6930579840879007e-14	2.8981211882762747
-2.5724604344521032e-14	10.022756943508993
-2.4572633511501348e-14	40.579411306362445
-2.347224896460523e-14	77.28257811546523
-2.2421140623716132e-14	55.35356817780469
-2.141710185617509e-14	29.73846108371
-2.045802484431128e-14	20.43263539925678
-1.9541896160417327e-14	13.851995711741035
-1.866679253988325e-14	8.304734489111787
-1.7830876843611252e-14	4.439133725715275
-1.7032394201238517e-14	2.151561751302301
-1.626966832706986e-14	0.96024723376896
-1.5541098000985117e-14	6.771716894874234e-9
-1.48451537069363e-14	1.0939039509016696e-8
-1.4180374421974249e-14	1.0834145211392305e-6
-1.3545364549066645e-14	4.6955853338616166e-5
-1.293879098726705e-14	0.0011172163821455308
-1.235938033308359e-14	0.015850618160416767
-1.1805916207174113e-14	0.13702353260964623
-1.1277236700753106e-14	0.7616629477075634
-1.0772231936351603e-14	2.8978755123506112
-1.0289841737808413e-14	10.021911048134351
-9.82905340460054e-15	40.575964412624806
-9.388899585842092e-15	77.27582962938288
-8.968456249486452e-15	55.348633179598124
-8.566840742470036e-15	29.735816807458583
-8.183209937724512e-15	20.430822955848438
-7.816758464166932e-15	13.850760960167438
-7.466717015953301e-15	8.303990051673559
-7.1323507374445e-15	4.4387336592962825
-6.8129576804954076e-15	2.1513668550681464
-6.507867330827944e-15	0.9601598282752849
-6.216439200394047e-15	6.7710961416487555e-9
-5.938061482774519e-15	1.0938170383131881e-8
-5.672149768789699e-15	1.0833276355774605e-6
-5.418145819626658e-15	4.695204328734888e-5
-5.17551639490682e-15	0.0011171250399419947
-4.9437521332334355e-15	0.015849309242453924
-4.722366482869645e-15	0.1370121079900769
-4.5108946803012425e-15	0.7615988620614687
-4.308892774540641e-15	2.897629857847558
-4.1159366951233654e-15	10.021065226220013
-3.9316213618402156e-15	40.57251781983083
-3.755559834336837e-15	77.26908174835751
-3.587382499794581e-15	55.34369863304179
-3.4267362969880147e-15	29.733172772692363
-3.273283975089805e-15	20.429010677512178
-3.1267033856667727e-15	13.849526321571698
-2.98668680638132e-15	8.303245682717979
-2.8529402949778004e-15	4.438333629870882
-2.725183072198163e-15	2.1511719769444357
-2.6031469323311777e-15	0.9600724309416278
-2.486575680157619e-15	6.770475438040514e-9
-2.3752245931098076e-15	1.0937301327928869e-8
-2.2688599075158797e-15	1.0832407571444591e-6
-2.1672583278506632e-15	4.694823355376206e-5
-2.070206557962728e-15	0.0011170337054311396
-1.977500853293374e-15	0.015848000435791987
-1.8889465931478582e-15	0.1370006843509603
-1.8043578721204968e-15	0.7615347819632834
-1.7235571098162564e-15	2.8973842247656756
-1.646374678049346e-15	10.020219477774997
-1.5726485447360863e-15	40.569071528036176
-1.5022239337347346e-15	77.2623344723524
-1.4349529999178325e-15	55.3387645380252
-1.3706945187952058e-15	29.73052897936914
-1.3093135900359219e-15	20.42719856423388
-1.250681354266709e-15	13.848291795945578
-1.194674722552528e-15	8.302501382240171
-1.1411761179911202e-15	4.437933637436452
-1.0900732288792651e-15	2.150977116929905
-1.041258772932471e-15	0.9599850417674205
-9.946302720630475e-16	6.769854787787661e-9
-9.50089837243923e-16	1.0936432343754115e-8
-9.075439630063519e-16	1.0831538858904565e-6
-8.669033311402652e-16	4.6944424138796136e-5
-8.280826231850911e-16	0.0011169423786161034
-7.910003413173497e-16	0.01584669174045899
-7.555786372591432e-16	0.1369892616924916
-7.217431488481988e-16	0.7614707074138121
-6.894228439265025e-16	2.897138613107186
-6.585498712197385e-16	10.019373802805124
-6.290594178944345e-16	40.56562553725266
-6.008895734938939e-16	77.25558780134844
-5.73981199967133e-16	55.33383089451054
-5.482778075180824e-16	29.727885427464876
-5.237254360143688e-16	20.425386615994377
-5.002725417066836e-16	13.847057383272983
-4.778698890210112e-16	8.30175715022862
-4.56470447196448e-16	4.437533681985864
-4.3602929155170605e-16	2.150782275020667
-4.165035091729884e-16	0.9598976607507387
-3.9785210882521903e-16	6.7692341958012795e-9
-3.800359348975692e-16	1.0935563430976836e-8
-3.6301758520254075e-16	1.0830670218508526e-6
-3.467613324561061e-16	4.694061504309344e-5
-3.3123304927403646e-16	0.0011168510594982278
-3.1640013652693987e-16	0.01584538315646328
-3.0223145490365727e-16	0.13697784001471328
-2.886972595392795e-16	0.7614066384131604
-2.7576913757060103e-16	2.896893022872015
-2.634199484878954e-16	10.018528201312943
-2.516237671577738e-16	40.56217984748488
-2.4035582939755756e-16	77.24884173528258
-2.295924799868532e-16	55.32889770241483
-2.1931112300723293e-16	29.725242116941764
-2.094901744057475e-16	20.42357483277182
-2.0010901668267343e-16	13.845823083537825
-1.911479556084045e-16	8.301012986672587
-1.8258817887857923e-16	4.437133763512853
-1.7441171662068243e-16	2.15058745121341
-1.6660140366919535e-16	0.9598102878899923
-1.591408435300876e-16	6.768613662426253e-9
-1.5201437395902768e-16	1.0934694589471293e-8
-1.452070340810163e-16	1.0829801649652467e-6
-1.3870453298244244e-16	4.693680626551739e-5
-1.3249321970961458e-16	0.0011167597480736338
-1.2656005461077595e-16	0.01584407468376673
-1.208925819614629e-16	0.13696641931733056
-1.154789038157118e-16	0.7613425749598656
-1.1030765502824041e-16	2.8966474540552225
-1.0536797939515815e-16	10.017682673280504
-1.0064950686310952e-16	40.558734458669086
-9.614233175902302e-17	77.24209627409316
-9.183699199474127e-17	55.32396496172471
-8.772444920289317e-17	29.72259904778879
-8.379606976229901e-17	20.421763214556858
-8.004360667306938e-17	13.844588896735601
-7.645918224336179e-17	8.300268891570678
-7.303527155143169e-17	4.436733882017332
-6.976468664827297e-17	2.1503926455084166
-6.664056146767815e-17	0.959722923185447
-6.365633741203505e-17	6.76799318674256e-9
-6.080574958361107e-17	1.093382581925972e-8
-5.808281363240652e-17	1.0828933152639444e-6
-5.5481813192976974e-17	4.6932997806636196e-5
-5.299728788384584e-17	0.0011166684443441601
-5.0624021844310384e-17	0.015842766322384884
-4.835703278458517e-17	0.1369549996004434
-4.619156152628472e-17	0.7612785170543047
-4.4123062011296164e-17	2.8964019066576503
-4.2147191758063264e-17	10.016837218711661
-4.025980274524381e-17	40.55528937081334
-3.8456932703609207e-17	77.23535141773577
-3.673479679789651e-17	55.31903267237629
-3.508977968115727e-17	29.719956219974822
-3.3518427904919603e-17	20.419951761329703
-3.201744266922775e-17	13.843354822851015
-3.058367289734472e-17	8.299524864912424
-2.9214108620572674e-17	4.436334037493007
-2.790587465930919e-17	2.1501978579023153
-2.6656224587071258e-17	0.9596355666354555
-2.5462534964814016e-17	6.7673727702055996e-9
-2.432229983344443e-17	1.0932957120452827e-8
-2.3233125452962608e-17	1.0828064727618892e-6
-2.2192725277190788e-17	4.692918966669796e-5
-2.1198915153538333e-17	0.001116577148309496
-2.0249608737724152e-17	0.01584145807230939
-1.9342813113834068e-17	0.13694358086397482
-1.8476624610513888e-17	0.7612144646960259
-1.7649224804518467e-17	2.8961563806774655
-1.6858876703225304e-17	10.015991837599504
-1.6103921098097522e-17	40.55184458388724
-1.5382773081443683e-17	77.22860716615459
-1.4693918719158603e-17	55.314100834330816
-1.4035911872462908e-17	29.717313633477964
-1.340737116196784e-17	20.418140473074597
-1.28069770676911e-17	13.842120861873038
-1.2233469158937888e-17	8.298780906691006
-1.1685643448229071e-17	4.43593422993618
-1.1162349863723676e-17	2.150003088393261
-1.0662489834828503e-17	0.9595482182391794
-1.0185013985925606e-17	6.766752413532579e-9
-9.728919933377772e-18	1.093208849301579e-8
-9.293250181185044e-18	1.0827196374282374e-6
-8.877090110876316e-18	4.692538184511139e-5
-8.479566061415333e-18	0.0011164858599672547
-8.099843495089662e-18	0.015840149933514937
-7.737125245533627e-18	0.13693216310772563
-7.390649844205555e-18	0.7611504178840167
-7.059689921807386e-18	2.8959108761112073
-6.743550681290122e-18	10.015146529933622
-6.441568439239009e-18	40.5484000978568
-6.153109232577473e-18	77.22186351929265
-5.877567487663442e-18	55.30916944754992
-5.6143647489851634e-18	29.71467128827854
-5.362948464787136e-18	20.416329349779545
-5.12279082707644e-18	13.840887013794719
-4.893387663575155e-18	8.298037016902947
-4.674257379291628e-18	4.435534459345308
-4.46493994548947e-18	2.149808336980682
-4.264995933931401e-18	0.9594608779964366
-4.074005594370243e-18	6.766132109415748e-9
-3.891567973351109e-18	1.0931219936572923e-8
-3.7173000724740175e-18	1.0826328092875492e-6
-3.550836044350526e-18	4.692157434231967e-5
-3.3918264245661336e-18	0.0011163945793182571
-3.2399373980358644e-18	0.015838841906005745
-3.0948500982134505e-18	0.13692074633171084
3.0948500982134505e-18	22.182227380107292
3.2399373980358644e-18	6.265374830227546
3.3918264245661336e-18	1.6513858843265081
3.550836044350526e-18	0.26922397258598957
3.7173000724740175e-18	0.02505779209185877
3.891567973351109e-18	0.0012391058621665258
4.074005594370243e-18	3.008216025231123e-5
4.264995933931401e-18	0.0005168849485844872
4.46493994548947e-18	0.002338354564782965
4.674257379291628e-18	0.010075939548579525
4.893387663575155e-18	0.040751100480468753
5.12279082707644e-18	0.1522919796335217
5.362948464787136e-18	0.5167405402156076
5.6143647489851634e-18	1.5608432842513866
5.877567487663442e-18	4.105224974848923
6.153109232577473e-18	9.173958329520286
6.441568439239009e-18	17.17862899676368
6.743550681290122e-18	32.6044175526367
7.059689921807386e-18	77.66132460284658
7.390649844205555e-18	77.32679925461647
7.737125245533627e-18	22.184247668452446
8.099843495089662e-18	6.265941164368687
8.479566061415333e-18	1.651536421793341
8.877090110876316e-18	0.26924877001897707
9.293250181185044e-18	0.025060124995901142
9.728919933377772e-18	0.0012392225122712425
1.0185013985925606e-17	3.0085024903131038e-5
1.0662489834828503e-17	0.0005169268698191462
1.1162349863723676e-17	0.0023385453010655636
1.1685643448229071e-17	0.01007676646556464
1.2233469158937888e-17	0.040754466191171436
1.28069770676911e-17	0.15230464116426454
1.340737116196784e-17	0.5167837983594619
1.4035911872462908e-17	1.5609748851778098
1.4693918719158603e-17	4.105573683529435
1.5382773081443683e-17	9.174743601737637
1.6103921098097522e-17	17.18010905726575
1.6858876703225304e-17	32.60720992256307
1.7649224804518467e-17	77.66802393521371
1.8476624610513888e-17	77.33371557394642
1.9342813113834068e-17	22.186268145577944
2.0249608737724152e-17	6.2665075510344534
2.1198915153538333e-17	1.6516869733337356
2.2192725277190788e-17	0.2692735697934507
2.3233125452962608e-17	0.025062458122514526
2.432229983344443e-17	0.0012393391736248735
2.5462534964814016e-17	3.008788983331677e-5
2.6656224587071258e-17	0.0005169687945598624
2.790587465930919e-17	0.00233873605338634
2.9214108620572674e-17	0.010077593452484957
3.058367289734472e-17	0.04075783218824359
3.201744266922775e-17	0.1523173037790824
3.3518427904919603e-17	0.5168270602313048
3.508977968115727e-17	1.561106497522838
3.673479679789651e-17	4.105922422680618
3.8456932703609207e-17	9.175528943076722
4.025980274524381e-17	17.181589248874058
4.2147191758063264e-17	32.61000253853892
4.4123062011296164e-17	77.67472386131277
4.619156152628472e-17	77.34063252769836
4.835703278458517e-17	22.188288811466844
5.0624021844310384e-17	6.267073990220627
5.299728788384584e-17	1.6518375389459357
5.5481813192976974e-17	0.26929837190899597
5.808281363240652e-17	0.02506479147164793
6.080574958361107e-17	0.0012394558462239407
6.365633741203505e-17	3.0090755042691833e-5
6.664056146767815e-17	0.0005170107228066826
6.976468664827297e-17	0.0023389268217456466
7.303527155143169e-17	0.010078420509342639
7.645918224336179e-17	0.040761198471695875
8.004360667306938e-17	0.1523299674780228
8.379606976229901e-17	0.5168703258313231
8.772444920289317e-17	1.5612381212871234
9.183699199474127e-17	4.106271192304473
9.614233175902302e-17	9.176314353542644
1.0064950686310952e-16	17.18306957159931
1.0536797939515815e-16	32.6127954005873
1.1030765502824041e-16	77.68142438120306
1.154789038157118e-16	77.34755011593278
1.208925819614629e-16	22.190309666138656
1.2656005461077595e-16	6.267640481933649
1.3249321970961458e-16	1.6519881186317984
1.3870453298244244e-16	0.26932317636594016
1.452070340810163e-16	0.02506712504333468
1.5201437395902768e-16	0.0012395725300702605
1.591408435300876e-16	3.0093620531322532e-5
1.6660140366919535e-16	0.0005170526545594483
1.7441171662068243e-16	0.0023391176061429244
1.8258817887857923e-16	0.010079247636135926
1.911479556084045e-16	0.040764565041525175
2.0010901668267343e-16	0.15234263226108613
2.094901744057475e-16	0.5169135951595644
2.1931112300723293e-16	1.561369756470968
2.295924799868532e-16	4.10661999240215
2.4035582939755756e-16	9.177099833138934
2.516237671577738e-16	17.184550025449525
2.634199484878954e-16	32.61558850871836
2.7576913757060103e-16	77.68812549491594
2.886972595392795e-16	77.35446833873306
3.0223145490365727e-16	22.192330709624084
3.1640013652693987e-16	6.268207026180747
3.3123304927403646e-16	1.6521387123934095
3.467613324561061e-16	0.26934798316466896
3.6301758520254075e-16	0.025069458837614574
3.800359348975692e-16	0.0012396892251661398
3.9785210882521903e-16	3.0096486299288776e-5
4.165035091729884e-16	0.0005170945898185416
4.3602929155170605e-16	0.0023393084065798718
4.56470447196448e-16	0.010080074832872092
4.778698890210112e-16	0.04076793189776035
5.002725417066836e-16	0.15235529812837986
5.237254360143688e-16	0.5169568682163921
5.482778075180824e-16	1.5615014030754437
5.73981199967133e-16	4.10696882297646
6.008895734938939e-16	9.177885381871768
6.290594178944345e-16	17.18603061043626
6.585498712197385e-16	32.61838186295616
6.894228439265025e-16	77.69482720250828
7.217431488481988e-16	77.36138719614236
7.555786372591432e-16	22.194351941934425
7.910003413173497e-16	6.268773622965737
8.280826231850911e-16	1.6522893202317768
8.669033311402652e-16	0.26937279230534145
9.075439630063519e-16	0.025071792854501528
9.50089837243923e-16	0.0012398059315121793
9.946302720630475e-16	3.0099352346592862e-5
1.041258772932471e-15	0.0005171365285845357
1.0900732288792651e-15	0.002339499223059075
1.1411761179911202e-15	0.010080902099562094
1.194674722552528e-15	0.04077129904044439
1.250681354266709e-15	0.15236796508006148
1.3093135900359219e-15	0.5170001450023227
1.3706945187952058e-15	1.5616330611020783
1.4349529999178325e-15	4.107317684031315
1.5022239337347346e-15	9.178670999749643
1.5726485447360863e-15	17.187511326574906
1.646374678049346e-15	32.62117546332797
1.7235571098162564e-15	77.70152950404136
1.8043578721204968e-15	77.36830668822435
1.8889465931478582e-15	22.1963733630878
1.977500853293374e-15	6.269340272293292
2.070206557962728e-15	1.6524399421480627
2.1672583278506632e-15	0.26939760378813765
2.2688599075158797e-15	0.025074127094011894
2.3752245931098076e-15	0.0012399226491092905
2.486575680157619e-15	3.0102218673293663e-5
2.6031469323311777e-15	0.0005171784708586477
2.725183072198163e-15	0.0023396900555857554
2.8529402949778004e-15	0.010081729436227179
2.98668680638132e-15	0.04077466646965864
3.1267033856667727e-15	0.15238063311641528
3.273283975089805e-15	0.5170434255182601
3.4267362969880147e-15	1.5617647305533822
3.587382499794581e-15	4.107666575572722
3.755559834336837e-15	9.179456686784633
3.9316213618402156e-15	17.188992173885563
4.1159366951233654e-15	32.62396930987172
4.308892774540641e-15	77.70823239959837
4.5108946803012425e-15	77.37522681503091
4.722366482869645e-15	22.19839497309228
4.9437521332334355e-15	6.2699069741649565
5.17551639490682e-15	1.6525905781423709
5.418145819626658e-15	0.2694224176130162
5.672149768789699e-15	0.02507646155613679
5.938061482774519e-15	0.0012400393779563622
6.216439200394047e-15	3.0105085279259092e-5
6.507867330827944e-15	0.0005172204166429695
6.8129576804954076e-15	0.00233988090416882
7.1323507374445e-15	0.010082556842903241
7.466717015953301e-15	0.04077803418553756
7.816758464166932e-15	0.15239330223790262
8.183209937724512e-15	0.5170867097656158
8.566840742470036e-15	1.5618964114331542
8.968456249486452e-15	4.108015497609379
9.388899585842092e-15	9.180242442993164
9.82905340460054e-15	17.190473152394414
1.0289841737808413e-14	32.62676340264734
1.0772231936351603e-14	77.71493588929428
1.1277236700753106e-14	77.38214757653901
1.1805916207174113e-14	22.200416771922704
1.235938033308359e-14	6.270473728576895
1.293879098726705e-14	1.6527412282130662
1.3545364549066645e-14	0.2694472337795864
1.4180374421974249e-14	0.025078796240827532
1.48451537069363e-14	0.0012401561180506021
1.5541098000985117e-14	3.0107952164462647e-5
1.626966832706986e-14	0.0005172623659425832
1.7032394201238517e-14	0.00234007176882977
1.7830876843611252e-14	0.01008338431967609
1.866679253988325e-14	0.040781402188398416
1.9541896160417327e-14	0.15240597244559634
2.045802484431128e-14	0.5171299977476307
2.141710185617509e-14	1.5620281037499104
2.2421140623716132e-14	4.1083644501601775
2.347224896460523e-14	9.181028268409214
2.4572633511501348e-14	17.191954262151647
2.5724604344521032e-14	32.629557741768345
2.6930579840879007e-14	77.72163997333442
2.8193091751882763e-14	77.38906897264316
2.951479051793528e-14	22.202438759501444
3.089845083270897e-14	6.271040535511538
3.2346977468167627e-14	1.6528918923537477
3.386341137266661e-14	0.2694720522864556
3.545093605493562e-14	0.02508113114792221
3.711288426734074e-14	0.0012402728693818572
3.8852745002462796e-14	3.0110819328499616e-5
4.067417081767465e-14	0.0005173043187698715
4.2580985503096294e-14	0.002340262649620862
4.457719210902813e-14	0.010084211866753448
4.666698134970813e-14	0.040784770479008074
4.885474040104332e-14	0.15241864374207645
5.11450621107782e-14	0.5171732894720387
5.354275464043773e-14	1.5621598075238
5.605285155929033e-14	4.108713433269241
5.868062241151308e-14	9.181814163110763
6.143158377875337e-14	17.193435503268503
6.431151086130258e-14	32.632352327470066
6.732644960219751e-14	77.72834465211494
7.048272937970691e-14	77.3959910030581
7.378697629483821e-14	22.204460935635407
7.724612708177243e-14	6.271607394919884
8.086744367041906e-14	1.6530425705469818
8.465852843166653e-14	0.2694968731299062
8.862734013733905e-14	0.025083466276993035
9.278221066835187e-14	0.001240389631923897
9.713186250615699e-14	3.011368677044009e-5
1.0168542704418663e-13	0.000517346275153589
1.0645246375774074e-13	0.0023404535466632387
1.1144298027257033e-13	0.010085039484616164
1.1666745337427032e-13	0.04078813905913549
1.221368510026083e-13	0.15243131613328056
1.278626552769455e-13	0.5172165849565823
1.3385688660109433e-13	1.5622915228007894
1.4013212889822583e-13	4.109062447036465
1.467015560287827e-13	9.182600127272043
1.5357895944688342e-13	17.194916875990486
1.6077877715325645e-13	32.63514716031108
1.683161240054938e-13	77.73504992657456
1.7620682344926728e-13	77.40291366693087
1.8446744073709553e-13	22.206483299802322
1.9311531770443107e-13	6.272174306677385
2.0216860917604765e-13	1.6531932627493022
2.116463210791663e-13	0.2695216963007798
2.2156835034334765e-13	0.025085801626992515
2.3195552667087964e-13	0.0012405064056134187
2.4282965626539245e-13	3.0116554488146744e-5
2.5421356761046654e-13	0.0005173882351680167
2.6613115939435187e-13	0.0023406444602695835
2.7860745068142583e-13	0.010085867174504156
2.916686334356758e-13	0.04079150793333872
3.0534212750652074e-13	0.15244398963447955
3.1965663819236375e-13	0.5172598842467954
3.346422165027358e-13	1.5624232496985204
3.5033032224556456e-13	4.109411491716431
3.667538900719567e-13	9.183386161334116
3.839473986172086e-13	17.1963983809319
4.0194694288314114e-13	32.637942241680506
4.207903100137345e-13	77.74175579899988
4.405170586231682e-13	77.40983696196515
4.611686018427388e-13	22.208505850625627
4.827882942610793e-13	6.272741270449486
5.054215229401191e-13	1.653343968844927
5.291158026979158e-13	0.2695465217747727
5.539208758583673e-13	0.025088137195155003
5.798888166771992e-13	0.0012406231902823313
6.070741406634831e-13	3.0119422475762657e-5
6.355339190261664e-13	0.0005174301989968019
6.653278984858797e-13	0.002340835391212932
6.965186267035623e-13	0.010086694939481179
7.291715835891894e-13	0.040794877112880996
7.633553187663044e-13	0.15245666428341878
7.991415954809093e-13	0.5173031874551256
8.366055412568395e-13	1.5625549885074144
8.758258056139085e-13	4.109760567936897
9.168847251798917e-13	9.184172266383694
9.598684965430246e-13	17.197880019603375
1.004867357207853e-12	32.64073757498507
1.0519757750343362e-12	77.74846227497673
1.1012926465579169e-12	77.41676088245943
1.152921504606847e-12	22.210528584695155
1.2069707356526982e-12	6.273308285406316
1.2635538073502978e-12	1.6534946885459412
1.3227895067447895e-12	0.26957134949152106
1.3848021896459183e-12	0.02509047297459341
1.4497220416929979e-12	0.0012407399855141152
1.5176853516587079e-12	3.0122290718908122e-5
1.588834797565416e-12	0.0005174721670980757
1.663319746214699e-12	0.002341026341421402
1.7412965667589057e-12	0.010087522787192521
1.8229289589729738e-12	0.04079824662584576
1.908388296915761e-12	0.15246934017411756
1.9978539887022734e-12	0.517346494861796
2.091513853142099e-12	1.5626867399508055
2.1895645140347714e-12	4.1101096772614545
2.2922118129497296e-12	9.18495844512238
2.399671241357561e-12	17.199361795752207
2.512168393019632e-12	32.643533168719735
2.6299394375858407e-12	77.75516936841859
2.753231616394792e-12	77.42368541395861
2.8823037615171173e-12	22.21255149342346
3.0174268391317456e-12	6.273875349460539
3.1588845183757443e-12	1.6536454211304201
3.3069737668619735e-12	0.2695961792997703
3.4620054741147955e-12	0.025092808948088425
3.6243051042324945e-12	0.0012408567902658233
3.794213379146769e-12	3.0125159181500714e-5
3.97208699391354e-12	0.0005175141406171938
4.1582993655367474e-12	0.002341217315715265
4.3532414168972644e-12	0.010088350736743908
4.557322397432434e-12	0.04080161654243225
4.770970742289403e-12	0.15248201754166335
4.9946349717556835e-12	0.5173898071671148
5.228784632855247e-12	1.5628185058361121
5.473911285086928e-12	4.110458823594587
5.7305295323743236e-12	9.185744704296276
5.9991781033939035e-12	17.200843718732873
6.28042098254908e-12	32.64632904406789
6.5748485939646015e-12	77.76187711397067
6.88307904098698e-12	77.43061052027977
7.205759403792793e-12	22.214574555322876
7.543567097829363e-12	6.2744424573839765
7.897211295939361e-12	1.6537961647900552
8.267434417154934e-12	0.26962101082075834
8.65501368528699e-12	0.025095145072514456
9.060762760581236e-12	0.0012409736019263612
9.485533447866924e-12	3.012802777322903e-5
9.93021748478385e-12	0.0005175561224166808
1.039574841384187e-11	0.0023414083261412344
1.0883103542243161e-11	0.010089178835885004
1.1393305993581086e-11	0.04080498703806897
1.1927426855723505e-11	0.1524946969734678
1.2486587429389208e-11	0.5174331261209425
1.3071961582138117e-11	1.5629502906791088
1.368477821271732e-11	4.110808016690728
1.4326323830935808e-11	9.186531060753888
1.4997945258484758e-11	17.202325811898298
1.5701052456372703e-11	32.649125253942614
1.6437121484911504e-11	77.76858559813981
1.720769760246745e-11	77.43753611077058
1.8014398509481985e-11	22.216597716614036
1.8858917744573408e-11	6.275009596092934
1.9743028239848403e-11	1.6539469150007389
2.0668586042887337e-11	0.26964584310702167
2.163753421321747e-11	0.02509748124000694
2.265190690145309e-11	0.0012410904139650138
2.371383361966731e-11	3.013089626813723e-5
2.4825543711959625e-11	0.0005175981196517978
2.5989371034604672e-11	0.002341599402811097
2.7207758855607903e-11	0.010090007203968155
2.8483264983952715e-11	0.04080835855123506
2.9818567139308763e-11	0.15250737993771377
3.121646857347302e-11	0.517476456096695
3.2679903955345294e-11	1.5630821057653528
3.42119455317933e-11	4.1111572809253785
3.581580957733952e-11	9.187317556591978
3.7494863146211896e-11	17.20380813358339
3.925263114093175e-11	32.65192193053086
4.1092803712278756e-11	77.77529503696654
4.301924400616863e-11	77.44446195858252
4.503599627370496e-11	22.218620842780954
4.714729436143352e-11	6.275576732856854
4.935757059962101e-11	1.6540976604461894
5.167146510721834e-11	0.26967067378888615
5.409383553304368e-11	0.025099817180809402
5.662976725363273e-11	0.0012412072100489646
5.928458404916827e-11	3.013376410083277e-5
6.206385927989906e-11	0.0005176401502129064
6.497342758651168e-11	0.0023417906210126426
6.801939713901976e-11	0.01009083613940154
7.120816245988178e-11	0.04081173217820571
7.45464178482719e-11	0.15252007010499577
7.804117143368256e-11	0.5175198080278939
8.169975988836323e-11	1.5632139793070883
8.552986382948326e-11	4.111506677228703
8.953952394334881e-11	9.188104297023012
9.373715786552974e-11	17.20529082955359
9.813157785232939e-11	32.654719404191276
1.027320092806969e-10	77.78200597022364
1.0754811001542157e-10	77.45138749586542
1.125899906842624e-10	22.220643597259425
1.178682359035838e-10	6.276143785777886
1.2339392649905252e-10	1.6542483728146882
1.2917866276804584e-10	0.26969549693828165
1.352345888326092e-10	0.025102152220131395
1.4157441813408183e-10	0.0012413239493203633
1.4821146012292068e-10	3.0136629856268942e-5
1.5515964819974767e-10	0.0005176822588195102
1.624335689662792e-10	0.0023419821689361978
1.700484928475494e-10	0.010091666388079646
1.7802040614970448e-10	0.040815110659157744
1.8636604462067977e-10	0.152532776649862
1.951029285842064e-10	0.5175632092416853
2.0424939972090808e-10	1.5633459818146045
2.1382465957370812e-10	4.111856357871837
2.23848809858372e-10	9.188891544955299
2.3434289466382435e-10	17.20677426398928
2.453289446308235e-10	32.657518500374835
2.568300232017422e-10	77.78871974630692
2.688702750385539e-10	77.45831130195035
2.81474976710656e-10	22.222665138320988
2.9467058975895954e-10	6.276710550017654
3.084848162476313e-10	1.6543989813016284
3.229466569201146e-10	0.26972029773081574
3.38086472081523e-10	0.02510448467061189
3.5393604533520453e-10	0.0012414405296080986
3.7052865030730173e-10	3.0139489994356054e-5
3.878991204993691e-10	0.0005177245572666288
4.06083922415698e-10	0.0023421745170364317
4.2512123211887347e-10	0.010092499814628739
4.450510153742612e-10	0.04081850084400942
4.659151115516994e-10	0.1525455225063721
4.877573214605159e-10	0.5176067280468848
5.106234993022702e-10	1.5634782895324253
5.345616489342703e-10	4.112206703440216
5.5962202464593e-10	9.189679957428423
5.858572366595609e-10	17.208259346868818
6.133223615770587e-10	32.66032128189887
6.420750580043556e-10	77.79543973417145
6.721756875963849e-10	77.46522982209933
7.0368744177664e-10	22.224683360580922
7.366764743973988e-10	6.277276513194775
7.712120406190783e-10	1.6545493088146201
8.073666423002865e-10	0.2697450390912097
8.452161802038075e-10	0.025106810312455204
8.848401133380114e-10	0.0012415566953906223
9.263216257682543e-10	3.0142335657493076e-5
9.697478012484228e-10	0.0005177673250244808
1.015209806039245e-9	0.002342368841363563
1.0628030802971836e-9	0.010093341080207659
1.1126275384356529e-9	0.04082191985576803
1.1647877788792485e-9	0.15255836500228395
1.2193933036512899e-9	0.5176505351881462
1.2765587482556754e-9	1.5636113429818352
1.3364041223356758e-9	4.1125586651406305
1.3990550616148251e-9	9.190471176421058
1.4646430916489022e-9	17.20974835189927
1.5333059039426467e-9	32.66313290356371
1.605187645010889e-9	77.80217435071242
1.6804392189909622e-9	77.47213416236882
1.7592186044416e-9	22.226692998209444
1.841691185993497e-9	6.277840393694243
1.9280301015476955e-9	1.654698912437511
2.0184166057507163e-9	0.269769628299011
2.113040450509519e-9	0.025109118593097193
2.2121002833450285e-9	0.0012416718076583295
2.3158040644206357e-9	3.0145144685035955e-5
2.4243695031210573e-9	0.0005178112607493865
2.5380245150981126e-9	0.0023425680819274567
2.657007700742959e-9	0.01009420183709314
2.7815688460891322e-9	0.04082541049892984
2.9119694471981214e-9	0.15257144744327913
3.0484832591282247e-9	0.5176950574725375
3.191396870639189e-9	1.5637462432761378
3.3410103058391895e-9	4.112914620422978
3.497637654037063e-9	9.191269305456274
3.6616077291222557e-9	17.21124696042794
3.833264759856617e-9	32.665966247216744
4.012969112527222e-9	77.80894462517936
4.201098047477405e-9	77.47900206936252
4.398046511104e-9	22.22868088028744
4.6042279649837425e-9	6.278398985732144
4.820075253869239e-9	1.6548466843855336
5.046041514376791e-9	0.26979383346605407
5.282601126273797e-9	0.025111383122791285
5.530250708362571e-9	0.0012417842683541392
5.78951016105159e-9	3.0147861636873715e-5
6.060923757802643e-9	0.000517858111020738
6.345061287745282e-9	0.002342779588401154
6.642519251857398e-9	0.010095111214170007
6.95392211522283e-9	0.04082907977617225
7.279923617995304e-9	0.15258512805532506
7.621208147820563e-9	0.5177413617679741
7.978492176597972e-9	1.5638857426849238
8.352525764597973e-9	4.113280511401703
8.744094135092657e-9	9.192084599607837
9.154019322805639e-9	17.212769368267328
9.58316189964154e-9	32.668853504095686
1.0032422781318056e-8	77.8158030971249
1.0502745118693512e-8	77.48577786394534
1.099511627776e-8	22.23061406432412
1.1510569912459357e-8	6.278944270652141
1.2050188134673098e-8	1.6549898540230896
1.2615103785941977e-8	0.269817074668493
1.3206502815684493e-8	0.0251135379085149
1.3825626770906428e-8	0.0012418900812625113
1.4473775402628974e-8	3.0150347848092064e-5
1.5152309394506606e-8	0.0005179122422707546
1.5862653219363203e-8	0.002343021734624388
1.6606298129643494e-8	0.010096142031204607
1.7384805288057076e-8	0.040833195180003334
1.819980904498826e-8	0.15260030232820285
1.9053020369551404e-8	0.5177921149204627
1.994623044149493e-8	1.5640367207006576
2.0881314411494936e-8	4.1136711897531635
2.186023533773164e-8	9.192942687412922
2.2885048307014098e-8	17.214351046215732
2.3957904749103853e-8	32.67187511942347
2.508105695329514e-8	77.82288103041303
2.6256862796733782e-8	77.49232223222332
2.74877906944e-8	22.232410156448292
2.877642478114839e-8	6.279456191364159
3.012547033668274e-8	1.6551214918616086
3.1537759464854944e-8	0.26983790160259524
3.301625703921123e-8	0.02511541792626024
3.456406692726607e-8	0.0012419792542865983
3.618443850657244e-8	3.0152256678801513e-5
3.788077348626652e-8	0.0005179845712637992
3.965663304840801e-8	0.0023433404571351203
4.1515745324108734e-8	0.01009747634225135
4.346201322014269e-8	0.04083842544331667
4.549952261247065e-8	0.1526192088998082
4.763255092387851e-8	0.5178539834741711
4.9865576103737325e-8	1.564216373544374
5.220328602873734e-8	4.114123776267196
5.46505883443291e-8	9.19390761783791
5.721262076753524e-8	17.216080624579536
5.989476187275963e-8	32.67523212638146
6.270264238323785e-8	77.83050636414704
6.564215699183446e-8	77.4982865911889
6.8719476736e-8	22.23386308222204
7.194106195287098e-8	6.279884580012846
7.531367584170686e-8	1.655224267398164
7.884439866213736e-8	0.2698526874154791
8.254064259802807e-8	0.02511661055059073
8.641016731816518e-8	0.001242026810685902
9.046109626643109e-8	3.0152722751761958e-5
9.47019337156663e-8	0.0005181023962113715
9.914158262102003e-8	0.0023438506198703393
1.0378936331027184e-7	0.010099569362356639
1.0865503305035673e-7	0.04084644263853314
1.1374880653117662e-7	0.15264744479702724
1.1908137730969629e-7	0.5179436339034119
1.246639402593433e-7	1.564467688410712
1.3050821507184335e-7	4.114731056169176
1.3662647086082276e-7	9.195139461174474
1.430315519188381e-7	17.218179564558966
1.497369046818991e-7	32.67942692429411
1.5675660595809464e-7	77.83949834821367
1.6410539247958613e-7	77.50279869284539
1.7179869184e-7	22.234457460120584
1.7985265488217743e-7	6.280103960617811
1.8828418960426715e-7	1.6552548403985246
1.971109966553434e-7	0.2698523631337327
2.0635160649507018e-7	0.025116084294022595
2.1602541829541292e-7	0.0012419703638004264
2.261527406660777e-7	3.0149593013002773e-5
2.3675483428916573e-7	0.0005183340071857534
2.478539565525501e-7	0.0023448395504817995
2.594734082756796e-7	0.010103559757497266
2.7163758262589184e-7	0.040861429029247644
2.8437201632794157e-7	0.15269900774464984
2.977034432742407e-7	0.5181027423903888
3.1165985064835826e-7	1.5648981433627849
3.262705376796084e-7	4.115724977845639
3.415661771520569e-7	9.197038288049553
3.575788797970953e-7	17.221201248802366
3.743422617047477e-7	32.68571515897388
3.9189151489523657e-7	77.85190333673319
4.1026348119896534e-7	77.50367566902506
4.294967296e-7	22.232904530500562
4.496316372054436e-7	6.279800543718483
4.707104740106679e-7	1.6551048441611702
4.927774916383585e-7	0.2698142573362196
5.158790162376754e-7	0.02511126213105929
5.400635457385323e-7	0.0012416543765316967
5.653818516651943e-7	3.013755687722231e-5
5.918870857229143e-7	0.0005188504210212145
6.196348913813751e-7	0.0023470266847592657
6.48683520689199e-7	0.010112298446493813
6.790939565647296e-7	0.04089385475906326
7.109300408198538e-7	0.15280893048743227
7.442586081856018e-7	0.5184355852599163
7.791496266208957e-7	1.5657765747310586
8.156763441990209e-7	4.1176855469426865
8.539154428801423e-7	9.200604172987912
8.939471994927382e-7	17.226528564541738
9.358556542618692e-7	32.697235740032575
9.797287872380915e-7	77.87283108822865
1.0256587029974134e-6	77.49545306807204
1.073741824e-6	22.22598278383333
1.1240790930136089e-6	6.278189868192053
1.1767761850266678e-6	1.6545034400648801
1.2319437290958982e-6	0.26968172922285105
1.2896975405941886e-6	0.02509571514685143
1.3501588643463309e-6	0.0012406929099560873
1.4134546291629856e-6	3.0103807300355078e-5
1.4797177143072835e-6	0.0005200810391941016
1.5490872284534404e-6	0.0023522177728977503
1.6217088017229976e-6	0.010132940164798793
1.697734891411824e-6	0.04096998948936893
1.7773251020496348e-6	0.15306505087267186
1.8606465204640015e-6	0.5192034491532599
1.9478740665522424e-6	1.5677761526117187
2.0391908604975524e-6	4.122064188252486
2.1347886072003556e-6	9.208338057483882
2.2348679987318455e-6	17.23761798465725
2.3396391356546694e-6	32.72183968378869
2.4493219680952324e-6	77.91503010389793
2.5641467574935333e-6	77.46444128286214
2.68435456e-6	22.205646656296167
2.8101977325340225e-6	6.273312452022862
2.9419404625666695e-6	1.6527744683745644
3.0798593227397456e-6	0.2693134914298336
3.2242438514854718e-6	0.025053464073050907
3.375397160865827e-6	0.0012381398501347621
3.533636572907464e-6	3.0019312777881735e-5
3.6992942857682087e-6	0.000523111126139425
3.872718071133601e-6	0.002364972563996846
4.054272004307494e-6	0.010183545864778062
4.24433722852956e-6	0.041156107557476174
4.443312755124087e-6	0.15368860603619286
4.651616301160004e-6	0.5210634278571316
4.869685166380606e-6	1.5725870460069455
5.09797715124388e-6	4.132499702391305
5.336971518000889e-6	9.226500483749996
5.587169996829613e-6	17.263113063114396
5.849097839136674e-6	32.77919049676581
6.123304920238081e-6	78.01024054614305
6.4103668937338335e-6	77.37628150355454
6.7108864e-6	22.151848022729588
7.025494331335056e-6	6.2602840190253195
7.354851156416673e-6	1.648234501213508
7.699648306849364e-6	0.26835848575327137
8.06060962871368e-6	0.024945160884527917
8.438492902164567e-6	0.001231748551006284
8.834091432268661e-6	2.9830258690949366e-5
9.248235714420522e-6	0.0005307284519423507
9.681795177834002e-6	0.0023969781580026684
1.0135680010768735e-5	0.010310370701827063
1.0610843071323899e-5	0.0416216951264822
1.1108281887810218e-5	0.15524311083998754
1.1629040752900008e-5	0.5256829524428401
1.2174212915951514e-5	1.5844812693519232
1.2744942878109702e-5	4.1581565616988545
1.3342428795002223e-5	9.27080226393329
1.3967924992074034e-5	17.324654635484062
1.4622744597841684e-5	32.91870270957878
1.5308262300595205e-5	78.23706474637513
1.6025917234334584e-5	77.14434905087404
1.6777216e-5	22.014913330081708
1.756373582833764e-5	6.226993801717539
1.8387127891041685e-5	1.6367211659278131
1.9249120767123408e-5	0.26595298746117685
2.01515240717842e-5	0.024676218702677777
2.109623225541142e-5	0.001216646328086983
2.2085228580671653e-5	2.951856347955323e-5
2.3120589286051304e-5	0.0005503835669610219
2.4204487944585006e-5	0.0024793023401015434
2.5339200026921837e-5	0.010636110366530553
2.652710767830975e-5	0.04281470123272499
2.7770704719525543e-5	0.15920367806066615
2.9072601882250022e-5	0.5373874080518615
3.043553228987879e-5	1.6144344852283263
3.1862357195274255e-5	4.222375074605153
3.335607198750556e-5	9.380906345832557
3.491981248018508e-5	17.47657977926576
3.655686149460421e-5	33.26557995350358
3.8270655751488006e-5	78.78742108769436
4.006479308583646e-5	76.54792010187624
4.194304e-5	21.673526740687322
4.39093395708441e-5	6.143809141842525
4.596781972760421e-5	1.6081209005090438
4.812280191780852e-5	0.2600246580885408
5.03788101794605e-5	0.0240336276240859
5.274058063852855e-5	0.0011852679087751776
5.521307145167913e-5	2.9744778629863613e-5
5.780147321512826e-5	0.0006039443176826681
6.0511219861462516e-5	0.002701979458826195
6.334800006730459e-5	0.011514118502000964
6.631776919577437e-5	0.04601341832385928
6.942676179881386e-5	0.1696881978564216
7.268150470562505e-5	0.5679963711553043
7.608883072469697e-5	1.6917603784535507
7.965589298818563e-5	4.386181848323065
8.339017996876389e-5	9.658309300198507
8.72995312004627e-5	17.856159428643682
9.139215373651052e-5	34.143259098341964
9.567663937872002e-5	80.11126218990645
0.00010016198271459114	75.01164916486395
0.0001048576	20.842269361868258
0.00010977334892711025	5.940643972171528
0.00011491954931901053	1.5389383889610202
0.0001203070047945213	0.24591928602038193
0.00012594702544865125	0.022626579675483056
0.00013185145159632137	0.001146838888217999
0.00013803267862919782	3.620993945642879e-5
0.00014450368303782065	0.0007703634896439396
0.0001512780496536563	0.0033808637169741224
0.00015837000016826147	0.014160193084249598
0.00016579442298943594	0.05551395070781325
0.00017356690449703464	0.19991357810558286
0.00018170376176406263	0.6536939641411771
0.00019022207681174241	1.9016618827606024
0.0001991397324704641	4.818196651497522
0.00020847544992190972	10.369038728390825
0.00021824882800115678	18.812815734247696
0.00022848038434127632	36.42163826531358
0.00023919159844680004	83.12281183581368
0.00025040495678647787	70.97915206590235
0.000262144	18.91442932127906
0.00027443337231777566	5.465753278602668
0.0002872988732975263	1.3807419883383836
0.00030076751198630325	0.21500086760170534
0.0003148675636216281	0.02028379440353483
0.0003296286289908034	0.0012942859387345817
0.00034508169657299456	8.41528096620331e-5
0.00036125920759455163	0.0014821360900039052
0.0003781951241341407	0.006143112169372391
0.0003959250004206537	0.024483329142378715
0.00041448605747358984	0.09097835613635154
0.0004339172612425866	0.30546324950779163
0.0004542594044101566	0.9329677380639624
0.0004755551920293561	2.5374122925422253
0.0004978493311761602	6.037328310259181
0.0005211886248047743	12.239330704334405
0.0005456220700028919	21.262713364639442
0.0005712009608531907	42.64711682916085
0.0005979789961170002	88.5845327443125
0.0006260123919661946	60.32265123162816
0.00065536	14.978685810961343
0.0006860834307944391	4.473318488196122
0.0007182471832438158	1.0664914478931726
0.0007519187799657582	0.1610884482824848
0.0007871689090540703	0.02057691775566396
0.0008240715724770085	0.0031862747676604563
0.0008627042414324864	0.00034712905507482963
0.0009031480189863791	0.007568339710553018
0.0009454878103353518	0.02691122662016994
0.0009898125010516343	0.09223739123892244
0.0010362151436839745	0.2952111580992168
0.0010847931531064664	0.8320172764825742
0.0011356485110253914	2.1195660915548333
0.00118888798007339	4.814341348601924
0.0012446233279404006	9.712341408761079
0.001302971562011936	17.030470668755957
0.00136405517500723	27.719663460032635
0.001428002402132977	59.96094124338978
0.0014949474902925003	87.53956331190429
0.0015650309799154867	36.19656872245669
0.0016384	9.180200711434717
0.0017152085769860962	2.902200619846619
0.0017956179581095394	0.6204370341243508
0.0018797969499143954	0.1311851158120314
0.0019679222726351774	0.0421017169080232
0.0020601789311925213	0.014166070639142722
0.0021567606035812143	0.0010070610783750168
0.0022578700474659478	0.14291101898370934
0.0023637195258383796	0.3750590338761186
0.0024745312526290877	0.9269584419895891
0.0025905378592099362	2.14808546437862
0.002711982882766164	4.31499931796872
0.0028391212775634787	7.631192583563003
0.002972219950183475	12.077945651147783
0.0031115583198510037	17.940018654974626
0.0032574289050298394	25.86454291428298
0.003410137937518072	48.31812259342086
0.003570006005332442	77.87887514716097
0.0037373687257312507	41.094461891002325
0.00391257744978872	11.389816577407961
0.004096	4.752585640049918
0.004288021442465241	1.4435466868824829
0.004489044895273848	0.3889632035258453
0.004699492374785988	0.35100953187765216
0.004919805681587943	0.1032402036354581
0.005150447327981303	0.044401562126515505
0.005391901508953035	0.0011601470678775665
0.005644675118664869	2.5397460194303516
0.005909298814595948	4.2915166130469915
0.006186328131572719	6.826763345064137
0.006476344648024841	9.959220485941543
0.00677995720691541	12.175300322388651
0.007097803193908697	13.415966600144802
0.007430549875458688	16.417175265085955
0.00777889579962751	24.92116324502861
0.0081435722625746	46.13920472059346
0.00852534484379518	48.815565557191356
0.008925015013331105	20.260405520552002
0.009343421814328127	8.755067329287535
0.0097814436244718	5.043186669866376
0.01024	2.2328937983766806
0.010720053606163103	0.8448783778705228
0.011222612238184621	0.9991267371223411
0.011748730936964972	0.36330563595684134
0.012299514203969858	0.3187482043649421
0.012876118319953259	0.032645586103568644
0.013479753772382589	0.02600195161007636
0.014111687796662173	4.908745017778347
0.014773247036489872	7.974355901357728
0.015465820328931797	12.146946932137796
0.016190861620062103	14.376480112363284
0.016949893017288525	14.52842398774208
0.017744507984771743	17.416260994266942
0.018576374688646723	24.460727142372253
0.019447239499068774	26.681016478998394
0.020358930656436496	12.705012123528444
0.02131336210948795	3.2839105531318498
0.022312537533327764	2.0792963852172455
0.02335855453582032	3.228063553749376
0.0244536090611795	4.532252863078213
0.0256	4.576484334308702
0.026800134015407755	3.8411371035498747
0.028056530595461555	2.230178331914931
0.029371827342412428	1.2169790809655159
0.030748785509924645	0.23678901900544758
0.03219029579988315	0.023789389825581778
0.03369938443095647	0.042166337879574495
0.03527921949165543	6.437738227952512
0.03693311759122468	7.548135122739825
0.038664550822329495	9.154479286422383
0.040477154050155256	17.0562287045406
0.04237473254322131	14.471724639681296
0.04436126996192936	7.750062647710111
0.0464409367216168	2.03931142675305
0.04861809874767194	1.2382542261169813
0.05089732664109124	2.8692510888402643
0.05328340527371987	2.751853377540763
0.05578134383331941	1.4470001460323423
0.05839638633955079	1.5073723193655453
0.06113402265294875	2.3580873351655915
0.064	2.707286395202974
0.06700033503851939	2.268718846813291
0.07014132648865391	1.8815687888987245
0.07342956835603104	2.1157029221282717
0.0768719637748116	1.263347553353748
0.08047573949970786	0.4843794702956088
0.08424846107739119	0.521225717167745
0.08819804872913861	3.457425368152229
0.09233279397806166	4.840423309506976
0.09666137705582374	10.748119980369877
0.10119288512538814	8.365960832892206
0.10593683135805329	1.5978640891947316
0.11090317490482343	0.4198272686213756
0.11610234180404196	0.3138157388490858
0.12154524686917983	0.9024226432344571
0.1272433166027281	1.5361277728549654
0.1332085131842997	0.9804688666537497
0.13945335958329858	0.7300609533081415
0.1459909658488769	1.1500974682887475
0.15283505663237187	1.590886457079128
0.16000000000000003	1.681871750371746
0.16750083759629847	1.7672407965910593
0.17535331622163478	2.3254545084894236
0.1835739208900776	3.0316350460290438
0.19217990943702903	1.833039475632244
0.20118934874926966	1.8285764932696356
0.21062115269347795	1.0144967395057813
0.22049512182284653	2.110151932329978
0.23083198494515414	3.7961214097496074
0.24165344263955935	3.0244019880084934
0.25298221281347033	2.3484250308040173
0.2648420783951332	1.7049663423887473
0.2772579372620586	3.774665867900695
0.2902558545101049	8.448486657663905
0.3038631171729496	12.572826741212474
0.31810829150682024	14.241937482469137
0.3330212829607492	17.04753686400271
0.34863339895824647	29.748329847305786
0.3649774146221923	41.68715987190598
0.38208764158092967	16.22061540396698
0.4	2.9132887318441085
0.41875209399074625	0.8587598487306407
0.438383290554087	0.3560358975457216
0.458934802225194	0.34006819767318175
0.48044977359257246	0.7701517327550202
0.5029733718731741	1.7094252123403226
0.526552881733695	1.0853142315572002
0.5512378045571164	1.4453521898606534
0.5770799623628854	0.9547008029096662
0.6041336065988983	0.42353546917078283
0.6324555320336759	0.268229430961797
0.6621051959878331	0.2609364895323991
0.6931448431551465	0.14973686981881554
0.7256396362752623	0.032745891317841606
0.7596577929323739	0.0040886078152370525
0.7952707287670506	0.003042016780042029
0.8325532074018732	0.0059387013669331455
0.8715834973956161	0.012623307635044967
0.9124435365554808	0.020075489010503697
0.955219103952324	0.043377784032367056
1.0	0.08846271947185987
