-1.0	0.021960371094040403
-0.955219103952324	0.020945764435941927
-0.9124435365554808	0.023078465453204848
-0.8715834973956161	0.0281265594018163
-0.8325532074018732	0.028393324471456288
-0.7952707287670506	0.03751286672764187
-0.7596577929323739	0.008394081649706786
-0.7256396362752623	0.028776135407190234
-0.6931448431551465	0.1592757393397557
-0.6621051959878331	0.3283123279125673
-0.6324555320336759	0.44408248102444614
-0.6041336065988983	0.45955344902865886
-0.5770799623628854	0.3620291358981297
-0.5512378045571164	0.25714505896767503
-0.526552881733695	0.15039485409826656
-0.5029733718731741	0.11257940595606625
-0.48044977359257246	0.13508041952290142
-0.458934802225194	0.08831693242495284
-0.438383290554087	0.05168005922495201
-0.41875209399074625	0.16936185650864824
-0.4	0.9965191554194427
-0.38208764158092967	2.5307364523252565
-0.3649774146221923	2.7629419394789623
-0.34863339895824647	2.0560093147884193
-0.3330212829607492	1.553971903246213
-0.31810829150682024	1.5688477038342692
-0.3038631171729496	0.061230014609527955
-0.2902558545101049	0.08104496952457928
-0.2772579372620586	0.7190847214179494
-0.2648420783951332	3.0754970337768164
-0.25298221281347033	1.052486071089984
-0.24165344263955935	0.2642629545890009
-0.23083198494515414	0.5320765502117484
-0.22049512182284653	1.7693394874334576
-0.21062115269347795	5.95194141129717
-0.20118934874926966	19.01427010850533
-0.19217990943702903	46.3055085402316
-0.1835739208900776	49.5070592060726
-0.17535331622163478	29.840283897279747
-0.16750083759629847	21.177230000632132
-0.16000000000000003	13.694519137775698
-0.15283505663237187	7.516282916423086
-0.1459909658488769	4.119021158367898
-0.13945335958329858	4.062932168553831
-0.1332085131842997	2.7916643374860177
-0.1272433166027281	1.1456076913805238
-0.12154524686917983	0.2832382346403234
-0.11610234180404196	0.6678046324470954
-0.11090317490482343	0.9413305157254679
-0.10593683135805329	0.723543152846363
-0.10119288512538814	0.8073827759099367
-0.09666137705582374	1.0995558431849983
-0.09233279397806166	4.058297393597044
-0.08819804872913861	7.907998105108677
-0.08424846107739119	5.595699927911347
-0.08047573949970786	5.632687484197248
-0.0768719637748116	5.901666176047149
-0.07342956835603104	6.059353645308481
-0.07014132648865391	6.843891566563518
-0.06700033503851939	4.7713507215461135
-0.064	1.6981544476870771
-0.06113402265294875	0.7135370877631493
-0.05839638633955079	1.3173058927925447
-0.05578134383331941	7.8899089744196225
-0.05328340527371987	2.6720745821413106
-0.05089732664109124	1.676292767924554
-0.04861809874767194	0.6598422600762841
-0.0464409367216168	0.854253237564847
-0.04436126996192936	0.931821176151092
-0.04237473254322131	0.5814771265703864
-0.040477154050155256	0.9677582860058908
-0.038664550822329495	3.4267520919783716
-0.03693311759122468	2.0986380692007542
-0.03527921949165543	1.8395549563714333
-0.03369938443095647	3.7058360568907456
-0.03219029579988315	6.336739827736787
-0.030748785509924645	6.678190948379879
-0.029371827342412428	4.850236950656642
-0.028056530595461555	3.4841228553822314
-0.026800134015407755	5.374485754290741
-0.0256	12.85032620817189
-0.0244536090611795	14.226988437565552
-0.02335855453582032	7.030126603873934
-0.022312537533327764	3.0564241855935306
-0.02131336210948795	2.5847010182085977
-0.020358930656436496	2.851196928749882
-0.019447239499068774	0.03683848607930161
-0.018576374688646723	0.009917181590122774
-0.017744507984771743	0.000895388638496277
-0.016949893017288525	0.11687465484272283
-0.016190861620062103	1.2999311582486153
-0.015465820328931797	1.0169337558047609
-0.014773247036489872	0.09644229354581213
-0.014111687796662173	0.3113088943765265
-0.013479753772382589	1.6013829734702731
-0.012876118319953259	1.9275690902986578
-0.012299514203969858	2.7033446702413753
-0.011748730936964972	6.446203514389698
-0.011222612238184621	18.01917012979317
-0.010720053606163103	37.75093093030027
-0.01024	38.10322007186825
-0.0097814436244718	23.399036400100137
-0.009343421814328127	14.833329045433489
-0.008925015013331105	10.70474708886543
-0.00852534484379518	6.977719570763007
-0.0081435722625746	4.171755178080207
-0.00777889579962751	0.027352730450301403
-0.007430549875458688	0.004548150710673802
-0.007097803193908697	0.0029152580419665656
-0.00677995720691541	0.14844575177766142
-0.006476344648024841	0.4672425320703711
-0.006186328131572719	0.12112602874813644
-0.005909298814595948	0.08426066251563923
-0.005644675118664869	0.6444492037486967
-0.005391901508953035	1.3251979588275677
-0.005150447327981303	2.8605210672483956
-0.004919805681587943	7.823704282759268
-0.004699492374785988	25.705750050680955
-0.004489044895273848	55.03359446612691
-0.004288021442465241	49.52566117337927
-0.004096	27.46809562850836
-0.00391257744978872	17.36915648204553
-0.0037373687257312507	11.964351859620528
-0.003570006005332442	7.579967679821706
-0.003410137937518072	4.303088060683536
-0.0032574289050298394	2.210619982999192
-0.0031115583198510037	0.0022906542451016517
-0.002972219950183475	0.00021265887522707079
-0.0028391212775634787	0.0017946833504964134
-0.002711982882766164	0.053712821826439425
-0.0025905378592099362	0.084984035315191
-0.0024745312526290877	0.01815848796788208
-0.0023637195258383796	0.10485860618175473
-0.0022578700474659478	0.5393106760036797
-0.0021567606035812143	1.7462661024011055
-0.0020601789311925213	5.288132515532631
-0.0019679222726351774	18.805018664128045
-0.0018797969499143954	55.258682164230315
-0.0017956179581095394	64.38748054757009
-0.0017152085769860962	36.83344575089928
-0.0016384	21.874508713840974
-0.0015650309799154867	15.22853470714945
-0.0014949474902925003	9.820718141814055
-0.001428002402132977	5.651476494735759
-0.00136405517500723	2.9326997058305384
-0.001302971562011936	1.394791545233867
-0.0012446233279404006	0.0001839613257547566
-0.00118888798007339	1.3769147802538522e-5
-0.0011356485110253914	0.0005420539718495723
-0.0010847931531064664	0.011573054089832294
-0.0010362151436839745	0.01350251266502429
-0.0009898125010516343	0.012828346267009452
-0.0009454878103353518	0.11230393020339768
-0.0009031480189863791	0.6133375166322654
-0.0008627042414324864	2.320847155975462
-0.0008240715724770085	7.510060318974335
-0.0007871689090540703	29.79104756581557
-0.0007519187799657582	68.92666192711233
-0.0007182471832438158	58.993261031681655
-0.0006860834307944391	31.30959396438592
-0.00065536	20.47232686611453
-0.0006260123919661946	14.13191004716306
-0.0005979789961170002	8.72248536396723
-0.0005712009608531907	4.798204793682491
-0.0005456220700028919	2.3895501469411102
-0.0005211886248047743	1.0943830972957562
-0.0004978493311761602	2.069306932782045e-5
-0.0004755551920293561	1.5136032026390313e-6
-0.0004542594044101566	0.00011189554712081366
-0.0004339172612425866	0.0020643737934162272
-0.00041448605747358984	0.0028907969136839178
-0.0003959250004206537	0.014306015439857999
-0.0003781951241341407	0.12480654817727306
-0.00036125920759455163	0.6937126588561102
-0.00034508169657299456	2.6450561241093493
-0.0003296286289908034	8.90020271371768
-0.0003148675636216281	35.90236422151901
-0.00030076751198630325	73.09183579710918
-0.0002872988732975263	55.43651913255665
-0.00027443337231777566	29.51127314196068
-0.000262144	19.965496940693903
-0.00025040495678647787	13.623942488103731
-0.00023919159844680004	8.247593427828692
-0.00022848038434127632	4.451475337390339
-0.00021824882800115678	2.177900347704296
-0.00020847544992190972	0.9809320690121902
-0.0001991397324704641	2.578468496384197e-6
-0.00019022207681174241	2.0395896429360405e-7
-0.00018170376176406263	2.0584924431256548e-5
-0.00017356690449703464	0.0003790611524817126
-0.00016579442298943594	0.0013827708180961422
-0.00015837000016826147	0.01542208736523129
-0.0001512780496536563	0.1329584372869188
-0.00014450368303782065	0.7363734503567178
-0.00013803267862919782	2.7941543968028646
-0.00013185145159632137	9.58151225272718
-0.00012594702544865125	38.64002644060507
-0.0001203070047945213	74.40939118179773
-0.00011491954931901053	53.87687560798702
-0.00010977334892711025	28.879631870421612
-0.0001048576	19.768261004811617
-0.00010016198271459114	13.412708158702655
-9.567663937872002e-5	8.05506867681881
-9.139215373651052e-5	4.3139297287854035
-8.72995312004627e-5	2.095160300710052
-8.339017996876389e-5	0.9370997925862722
-7.965589298818563e-5	3.2647846203467687e-7
-7.608883072469697e-5	3.6627072070497815e-8
-7.268150470562505e-5	4.204012779540216e-6
-6.942676179881386e-5	9.924719313053203e-5
-6.631776919577437e-5	0.001178092223130863
-6.334800006730459e-5	0.015952226497338167
-6.0511219861462516e-5	0.1368178947304465
-5.780147321512826e-5	0.7550825326924248
-5.521307145167913e-5	2.856713297387364
-5.274058063852855e-5	9.876163580170918
-5.03788101794605e-5	39.775098795080936
-4.812280191780852e-5	74.86246941984139
-4.596781972760421e-5	53.23024170364409
-4.39093395708441e-5	28.635979083047097
-4.194304e-5	19.685812501688314
-4.006479308583646e-5	13.324229881023617
-3.8270655751488006e-5	7.976082598685098
-3.655686149460421e-5	4.2582644457329435
-3.491981248018508e-5	2.061968659933533
-3.335607198750556e-5	0.9196351496370976
-3.1862357195274255e-5	3.165626207104044e-8
-3.043553228987879e-5	1.4082904888534266e-8
-2.9072601882250022e-5	1.569537740187125e-6
-2.7770704719525543e-5	5.589393563703451e-5
-2.652710767830975e-5	0.0011587763059201152
-2.5339200026921837e-5	0.016177661872649025
-2.4204487944585006e-5	0.13846132228159685
-2.3120589286051304e-5	0.76280879060699
-2.2085228580671653e-5	2.882125468847193
-2.109623225541142e-5	9.997458903622851
-2.01515240717842e-5	40.233773475370896
-1.9249120767123408e-5	75.02842172651908
-1.8387127891041685e-5	52.96638467813834
-1.756373582833764e-5	28.538926145714072
-1.6777216e-5	19.651549474866798
-1.6025917234334584e-5	13.287744546854869
-1.5308262300595205e-5	7.943905320239307
-1.4622744597841684e-5	4.235754507098449
-1.3967924992074034e-5	2.0486095653796292
-1.3342428795002223e-5	0.9126306192224979
-1.2744942878109702e-5	6.138205950764925e-10
-1.2174212915951514e-5	1.1577766572083828e-8
-1.1629040752900008e-5	1.192998285083119e-6
-1.1108281887810218e-5	4.989872161032593e-5
-1.0610843071323899e-5	0.0011609409673008662
-1.0135680010768735e-5	0.01626936227142242
-9.681795177834002e-6	0.13912954321660873
-9.248235714420522e-6	0.7659070225907473
-8.834091432268661e-6	2.892234403782818
-8.438492902164567e-6	10.046128330542668
-8.06060962871368e-6	40.41628663888089
-7.699648306849364e-6	75.08913519572468
-7.354851156416673e-6	52.85776137831361
-7.025494331335056e-6	28.498943664864257
-6.7108864e-6	19.636793228810788
-6.4103668937338335e-6	13.272402932126022
-6.123304920238081e-6	7.930597856231232
-5.849097839136674e-6	4.226527836603407
-5.587169996829613e-6	2.0431635987571104
-5.336971518000889e-6	0.9097859821509069
-5.09797715124388e-6	1.480983777367998e-9
-4.869685166380606e-6	1.1583313127944053e-8
-4.651616301160004e-6	1.1541601241524156e-6
-4.443312755124087e-6	4.933983588477188e-5
-4.24433722852956e-6	0.001163338318492124
-4.054272004307494e-6	0.016305618503284797
-3.872718071133601e-6	0.13939281664712658
-3.6992942857682087e-6	0.7671154469098345
-3.533636572907464e-6	2.896146987740265
-3.375397160865827e-6	10.065198654892924
-3.2242438514854718e-6	40.48742662771688
-3.0798593227397456e-6	75.10925872680555
-2.9419404625666695e-6	52.81149153828667
-2.8101977325340225e-6	28.481510715886508
-2.68435456e-6	19.629859241702913
-2.5641467574935333e-6	13.265560647903763
-2.4493219680952324e-6	7.924853126438719
-2.3396391356546694e-6	4.222613111883367
-2.2348679987318455e-6	2.0408773427229807
-2.1347886072003556e-6	0.9086003598396919
-2.0391908604975524e-6	3.908672810973043e-9
-1.9478740665522424e-6	1.1743941106348817e-8
-1.8606465204640015e-6	1.1567206478474507e-6
-1.7773251020496348e-6	4.941073033263502e-5
-1.697734891411824e-6	0.0011644948669706817
-1.6217088017229976e-6	0.016319379402108307
-1.5490872284534404e-6	0.13949167102521184
-1.4797177143072835e-6	0.76756159672875
-1.4134546291629856e-6	2.897568323749399
-1.3501588643463309e-6	10.072338516046734
-1.2896975405941886e-6	40.51386404640419
-1.2319437290958982e-6	75.11336733196833
-1.1767761850266678e-6	52.79018544257411
-1.1240790930136089e-6	28.473044482354886
-1.073741824e-6	19.626051814686296
-1.0256587029974134e-6	13.262120904032061
-9.797287872380915e-7	7.922133439590005
-9.358556542618692e-7	4.220821612621613
-8.939471994927382e-7	2.0398534185040225
-8.539154428801423e-7	0.9080772470770512
-8.156763441990209e-7	5.207965702278196e-9
-7.791496266208957e-7	1.1832839724055176e-8
-7.442586081856018e-7	1.1606174703252136e-6
-7.109300408198538e-7	4.948444769460397e-5
-6.790939565647296e-7	0.0011649415243366673
-6.48683520689199e-7	0.01632409019185751
-6.196348913813751e-7	0.13952435611968378
-5.918870857229143e-7	0.7677017660066588
-5.653818516651943e-7	2.8979909087706712
-5.400635457385323e-7	10.074690878853405
-5.158790162376754e-7	40.52239261119885
-4.927774916383585e-7	75.11109715986211
-4.707104740106679e-7	52.77886165614137
-4.496316372054436e-7	28.468153238601673
-4.294967296e-7	19.623492584343246
-4.1026348119896534e-7	13.260041193894446
-3.9189151489523657e-7	7.920622873274707
-3.743422617047477e-7	4.219878664728048
-3.575788797970953e-7	2.0393339337954868
-3.415661771520569e-7	0.9078188502924673
-3.262705376796084e-7	5.779112760490129e-9
-3.1165985064835826e-7	1.1871829309319538e-8
-2.977034432742407e-7	1.1625925383726572e-6
-2.8437201632794157e-7	4.9519227032532664e-5
-2.7163758262589184e-7	0.0011650699536382891
-2.594734082756796e-7	0.016325172276934984
-2.478539565525501e-7	0.13953050594431587
-2.3675483428916573e-7	0.7677193527622804
-2.261527406660777e-7	2.898013556262475
-2.1602541829541292e-7	10.075125530513448
-2.0635160649507018e-7	40.523751951610556
-1.971109966553434e-7	75.1062767280805
-1.8828418960426715e-7	52.77152776613663
-1.7985265488217743e-7	28.464688920884374
-1.7179869184e-7	19.621431479561867
-1.6410539247958613e-7	13.25850480754979
-1.5675660595809464e-7	7.91959548077521
-1.497369046818991e-7	4.219274836191899
-1.430315519188381e-7	2.0390160544609515
-1.3662647086082276e-7	0.9076662517587538
-1.3050821507184335e-7	6.01527899365672e-9
-1.246639402593433e-7	1.1887488765129142e-8
-1.1908137730969629e-7	1.1634032462878837e-6
-1.1374880653117662e-7	4.953198502704807e-5
-1.0865503305035673e-7	0.0011650655794393412
-1.0378936331027184e-7	0.01632480139873746
-9.914158262102003e-8	0.13952602991363525
-9.47019337156663e-8	0.7676878703016768
-9.046109626643109e-8	2.8978761350427105
-8.641016731816518e-8	10.074792584188755
-8.254064259802807e-8	40.522242295490535
-7.884439866213736e-8	75.10043533679517
-7.531367584170686e-8	52.76578848116277
-7.194106195287098e-8	28.461794475503382
-6.8719476736e-8	19.619569184412136
-6.564215699183446e-8	13.257185461425266
-6.270264238323785e-8	7.918761170084028
-5.989476187275963e-8	4.218806545071026
-5.721262076753524e-8	2.0387787587908175
-5.46505883443291e-8	0.9075559440093307
-5.220328602873734e-8	6.110608573391896e-9
-4.9865576103737325e-8	1.1893285230781362e-8
-4.763255092387851e-8	1.1636843418130324e-6
-4.549952261247065e-8	4.953489448784455e-5
-4.346201322014269e-8	0.0011650071952688007
-4.1515745324108734e-8	0.016323849095655707
-3.965663304840801e-8	0.1395173015966624
-3.788077348626652e-8	0.7676367537761095
-3.618443850657244e-8	2.8976746684106645
-3.456406692726607e-8	10.07415250736057
-3.301625703921123e-8	40.519584764800605
-3.1537759464854944e-8	75.0941851823309
-3.012547033668274e-8	52.76068660545201
-2.877642478114839e-8	28.45912774301351
-2.74877906944e-8	19.617786288507364
-2.6256862796733782e-8	13.255952846488976
-2.508105695329514e-8	7.918004037255581
-2.3957904749103853e-8	4.218392437117884
-2.2885048307014098e-8	2.0385736799673113
-2.186023533773164e-8	0.9074625445930213
-2.0881314411494936e-8	6.148561375796364e-9
-1.994623044149493e-8	1.1895054307393275e-8
-1.9053020369551404e-8	1.1637432045639573e-6
-1.819980904498826e-8	4.953369549914646e-5
-1.7384805288057076e-8	0.0011649270651745165
-1.6606298129643494e-8	0.016322664217893315
-1.5862653219363203e-8	0.1395068723297328
-1.5152309394506606e-8	0.7675777840564044
-1.4473775402628974e-8	2.897447586028949
-1.3825626770906428e-8	10.073389582321724
-1.3206502815684493e-8	40.516468104114026
-1.2615103785941977e-8	75.08777154243946
-1.2050188134673098e-8	52.75583966757537
-1.1510569912459357e-8	28.45655209059199
-1.099511627776e-8	19.61603515849266
-1.0502745118693512e-8	13.254754927594352
-1.0032422781318056e-8	7.917277776548871
-9.58316189964154e-9	4.218000002283603
-9.154019322805639e-9	2.0383814874917507
-8.744094135092657e-9	0.9073759081905703
-8.352525764597973e-9	6.163417000310029e-9
-7.978492176597972e-9	1.1895200362584369e-8
-7.621208147820563e-9	1.1637114539387608e-6
-7.279923617995304e-9	4.9530825234379036e-5
-6.95392211522283e-9	0.001164838216582976
-6.642519251857398e-9	0.0163213863573689
-6.345061287745282e-9	0.13949576308714937
-6.060923757802643e-9	0.7675156753875161
-5.78951016105159e-9	2.897210266274816
-5.530250708362571e-9	10.07257754823006
-5.282601126273797e-9	40.513167910501984
-5.046041514376791e-9	75.08129272037138
-4.820075253869239e-9	52.75109484715729
-4.6042279649837425e-9	28.454012951709373
-4.398046511104e-9	19.614296793806318
-4.201098047477405e-9	13.25357092697392
-4.012969112527222e-9	7.916563888330769
-3.833264759856617e-9	4.21761624919115
-3.6616077291222557e-9	2.0381944555457245
-3.497637654037063e-9	0.9072919796378454
-3.3410103058391895e-9	6.169018313403224e-9
-3.191396870639189e-9	1.1894695730356998e-8
-3.0484832591282247e-9	1.1636431627692294e-6
-2.9119694471981214e-9	4.952728177212582e-5
-2.7815688460891322e-9	0.001164745880819218
-2.657007700742959e-9	0.016320071364738176
-2.5380245150981126e-9	0.13948438238184474
-2.4243695031210573e-9	0.7674523140890546
-2.3158040644206357e-9	2.896968862827023
-2.2121002833450285e-9	10.071745909274515
-2.113040450509519e-9	40.50979445914928
-2.0184166057507163e-9	75.07478811907562
-1.9280301015476955e-9	52.746391083986154
-1.841691185993497e-9	28.451488533345696
-1.7592186044416e-9	19.612563615316006
-1.6804392189909622e-9	13.252392548119516
-1.605187645010889e-9	7.91585498182961
-1.5333059039426467e-9	4.217235986325066
-1.4646430916489022e-9	2.03800949632779
-1.3990550616148251e-9	0.9072091380346258
-1.3364041223356758e-9	6.170918621956651e-9
-1.2765587482556754e-9	1.1893930789177564e-8
-1.2193933036512899e-9	1.163560202568418e-6
-1.1647877788792485e-9	4.9523468293377044e-5
-1.1126275384356529e-9	0.0011646521540011805
-1.0628030802971836e-9	0.016318741584678536
-1.015209806039245e-9	0.13947289365947935
-9.697478012484228e-10	0.7673884549136767
-9.263216257682543e-10	2.896725838037129
-8.848401133380114e-10	10.070906470212472
-8.452161802038075e-10	40.506391874097744
-8.073666423002865e-10	75.06827353299063
-7.712120406190783e-10	52.74170398109384
-7.366764743973988e-10	28.44897013148801
-7.0368744177664e-10	19.610832599762354
-6.721756875963849e-10	13.251216478255026
-6.420750580043556e-10	7.915148104357164
-6.133223615770587e-10	4.216857139082255
-5.858572366595609e-10	2.037825375719933
-5.5962202464593e-10	0.9071267354822579
-5.345616489342703e-10	6.171339936755512e-9
-5.106234993022702e-10	1.1893061823512838e-8
-4.877573214605159e-10	1.1634713665038458e-6
-4.659151115516994e-10	4.951954679759893e-5
-4.450510153742612e-10	0.001164557875287035
-4.2512123211887347e-10	0.016317405956690643
-4.06083922415698e-10	0.13946136231341677
-3.878991204993691e-10	0.7673243998498183
-3.7052865030730173e-10	2.8964821771928837
-3.5393604533520453e-10	10.070063954131024
-3.38086472081523e-10	40.50297781044478
-3.229466569201146e-10	75.06175529323365
-3.084848162476313e-10	52.73702379047522
-2.9467058975895954e-10	28.446454269734478
-2.81474976710656e-10	19.609102541160308
-2.688702750385539e-10	13.250041394572225
-2.568300232017422e-10	7.9144420762655106
-2.453289446308235e-10	4.216478878409345
-2.3434289466382435e-10	2.03764160046842
-2.23848809858372e-10	0.9070445130019971
-2.1382465957370812e-10	6.17117040335768e-9
-2.0424939972090808e-10	1.189215132824478e-8
-1.951029285842064e-10	1.1633801811368515e-6
-1.8636604462067977e-10	4.9515582236370725e-5
-1.7802040614970448e-10	0.0011644633804997145
-1.700484928475494e-10	0.016316068057119458
-1.624335689662792e-10	0.13944981450623636
-1.5515964819974767e-10	0.7672602697244799
-1.4821146012292068e-10	2.8962382745381205
-1.4157441813408183e-10	10.069220250699356
-1.352345888326092e-10	40.49955933230573
-1.2917866276804584e-10	75.05523593752896
-1.2339392649905252e-10	52.73234661724584
-1.178682359035838e-10	28.443939559599784
-1.125899906842624e-10	19.607372958442205
-1.0754811001542157e-10	13.248866768873242
-1.027320092806969e-10	7.913736426272106
-9.813157785232939e-11	4.21610087300464
-9.373715786552974e-11	2.037457973431998
-8.953952394334881e-11	0.9069623670761798
-8.552986382948326e-11	6.1707648838658535e-9
-8.169975988836323e-11	1.1891224283154717e-8
-7.804117143368256e-11	1.1632880594170402e-6
-7.45464178482719e-11	4.951160062836303e-5
-7.120816245988178e-11	0.0011643688040128112
-6.801939713901976e-11	0.01631472931671381
-6.497342758651168e-11	0.13943826070500503
-6.206385927989906e-11	0.767196112880864
-5.928458404916827e-11	2.8959942878210985
-5.662976725363273e-11	10.06837611595962
-5.409383553304368e-11	40.49613926616455
-5.167146510721834e-11	75.04871648304932
-4.935757059962101e-11	52.72767090513299
-4.714729436143352e-11	28.441425446501356
-4.503599627370496e-11	19.605643659703457
-4.301924400616863e-11	13.247692390243824
-4.1092803712278756e-11	7.913030966091257
-3.925263114093175e-11	4.215722990473487
-3.7494863146211896e-11	2.037274415817332
-3.581580957733952e-11	0.9068802563268343
-3.42119455317933e-11	6.1702651373272664e-9
-3.2679903955345294e-11	1.1890290671086516e-8
-3.121646857347302e-11	1.163195567328812e-6
-2.9818567139308763e-11	4.950761239433224e-5
-2.8483264983952715e-11	0.0011642741995958024
-2.7207758855607903e-11	0.01631339030790607
-2.5989371034604672e-11	0.13942670509770386
-2.4825543711959625e-11	0.7671319486627058
-2.371383361966731e-11	2.8957502801657244
-2.265190690145309e-11	10.06753185240807
-2.163753421321747e-11	40.49271874296593
-2.0668586042887337e-11	75.0421973374896
-1.9743028239848403e-11	52.72299603227405
-1.8858917744573408e-11	28.43891170891017
-1.8014398509481985e-11	19.603914568371565
-1.720769760246745e-11	13.24651817444635
-1.6437121484911504e-11	7.912325620486331
-1.5701052456372703e-11	4.215345177899962
-1.4997945258484758e-11	2.037090896127618
-1.4326323830935808e-11	0.9067981642120431
-1.368477821271732e-11	6.169727777995372e-9
-1.3071961582138117e-11	1.1889354480529064e-8
-1.2486587429389208e-11	1.1631029315333877e-6
-1.1927426855723505e-11	4.950362170693249e-5
-1.1393305993581086e-11	0.0011641795887609658
-1.0883103542243161e-11	0.01631205125968699
-1.039574841384187e-11	0.13941514935972585
-9.93021748478385e-12	0.7670677848088717
-9.485533447866924e-12	2.895506276827666
-9.060762760581236e-12	10.066687581067743
-8.65501368528699e-12	40.489298215215705
-8.267434417154934e-12	75.03567866423047
-7.897211295939361e-12	52.71832175015939
-7.543567097829363e-12	28.43639825833004
-7.205759403792793e-12	19.602185653894548
-6.88307904098698e-12	13.24534408784068
-6.5748485939646015e-12	7.9116203593973236
-6.28042098254908e-12	4.214967414137142
-5.9991781033939035e-12	2.036907401774011
-5.7305295323743236e-12	0.9067160841196303
-5.473911285086928e-12	6.16917542666467e-9
-5.228784632855247e-12	1.1888417305480595e-8
-4.9946349717556835e-12	1.163010242734401e-6
-4.770970742289403e-12	4.9499630235801015e-5
-4.557322397432434e-12	0.0011640849801117545
-4.3532414168972644e-12	0.016310712263630796
-4.1582993655367474e-12	0.1394035941610919
-3.97208699391354e-12	0.7670036244144137
-3.794213379146769e-12	2.8952622879080647
-3.6243051042324945e-12	10.065843350339138
-3.4620054741147955e-12	40.48587786389346
-3.3069737668619735e-12	75.02916052870137
-3.1588845183757443e-12	52.7136479595003
-3.0174268391317456e-12	28.43388505941337
-2.8823037615171173e-12	19.60045690408053
-2.753231616394792e-12	13.24417011699264
-2.6299394375858407e-12	7.910915170815192
-2.512168393019632e-12	4.214589690735188
-2.399671241357561e-12	2.036723927725704
-2.2922118129497296e-12	0.9066340134070217
-2.1895645140347714e-12	6.1686171211997185e-9
-2.091513853142099e-12	1.1887479783180855e-8
-1.9978539887022734e-12	1.1629175373162106e-6
-1.908388296915761e-12	4.949563865054015e-5
-1.8229289589729738e-12	0.0011639903770937782
-1.7412965667589057e-12	0.01630937335640278
-1.663319746214699e-12	0.13939203977007034
-1.588834797565416e-12	0.7669394687185825
-1.5176853516587079e-12	2.895018317451393
-1.4497220416929979e-12	10.064999179600193
-1.3848021896459183e-12	40.482457761458164
-1.3227895067447895e-12	75.02264295711961
-1.2635538073502978e-12	52.7089746205681
-1.2069707356526982e-12	28.43137209801599
-1.152921504606847e-12	19.598728314051485
-1.1012926465579169e-12	13.24299625652563
-1.0519757750343362e-12	7.910210049933094
-1.004867357207853e-12	4.214212004311713
-9.598684965430246e-13	2.0365404719688676
-9.168847251798917e-13	0.9065519510163599
-8.758258056139085e-13	6.168056467064994e-9
-8.366055412568395e-13	1.1886542167851027e-8
-7.991415954809093e-13	1.1628248297881712e-6
-7.633553187663044e-13	4.949164721822374e-5
-7.291715835891894e-13	0.0011638957810830854
-6.965186267035623e-13	0.016308034552648495
-6.653278984858797e-13	0.13938048629381594
-6.355339190261664e-13	0.7668753182163393
-6.070741406634831e-13	2.894774367073009
-5.798888166771992e-13	10.064155076591724
-5.539208758583673e-13	40.47903793685604
-5.291158026979158e-13	75.01612595994739
-5.054215229401191e-13	52.704301717477335
-4.827882942610793e-13	28.428859368480637
-4.611686018427388e-13	19.596999881854487
-4.405170586231682e-13	13.241822504289368
-4.207903100137345e-13	7.909504994829033
-4.0194694288314114e-13	4.213834353514512
-3.839473986172086e-13	2.0363570336983914
-3.667538900719567e-13	0.9064698965248349
-3.5033032224556456e-13	6.167494910487194e-9
-3.346422165027358e-13	1.1885604561475085e-8
-3.1965663819236375e-13	1.1627321259880723e-6
-3.0534212750652074e-13	4.9487656046220186e-5
-2.916686334356758e-13	0.0011638011926295288
-2.7860745068142583e-13	0.0163066958582107
-2.6613115939435187e-13	0.1393689337750927
-2.5421356761046654e-13	0.7668111731051913
-2.4282965626539245e-13	2.8945304374176826
-2.3195552667087964e-13	10.063311044406154
-2.2156835034334765e-13	40.47561840165107
-2.116463210791663e-13	75.00960954134722
-2.0216860917604765e-13	52.69962924385692
-1.9311531770443107e-13	28.426346868535397
-1.8446744073709553e-13	19.595271606704408
-1.7620682344926728e-13	13.240648859420677
-1.683161240054938e-13	7.908800004733359
-1.6077877715325645e-13	4.213456737802469
-1.5357895944688342e-13	2.0361736125924663
-1.467015560287827e-13	0.9063878497633338
-1.4013212889822583e-13	6.16693302180642e-9
-1.3385688660109433e-13	1.1884667004464831e-8
-1.278626552769455e-13	1.1626394282863187e-6
-1.221368510026083e-13	4.9483665178059986e-5
-1.1666745337427032e-13	0.0011637066119549893
-1.1144298027257033e-13	0.0163053572754496
-1.0645246375774074e-13	0.13935738223111613
-1.0168542704418663e-13	0.7667470334645747
-9.713186250615699e-14	2.8942865287437516
-9.278221066835187e-14	10.062467084279534
-8.862734013733905e-14	40.47219916046123
-8.465852843166653e-14	75.0030937029603
-8.086744367041906e-14	52.69495719714472
-7.724612708177243e-14	28.423834597261788
-7.378697629483821e-14	19.593543488274435
-7.048272937970691e-14	13.239475321564406
-6.732644960219751e-14	7.908095079330719
-6.431151086130258e-14	4.21307915695459
-6.143158377875337e-14	2.035990208519726
-5.868062241151308e-14	0.9063058106630129
-5.605285155929033e-14	6.166371032910982e-9
-5.354275464043773e-14	1.1883729513098768e-8
-5.11450621107782e-14	1.1625467375872428e-6
-4.885474040104332e-14	4.947967463043217e-5
-4.666698134970813e-14	0.00116361203914632
-4.457719210902813e-14	0.016304018805287757
-4.2580985503096294e-14	0.13934583166864245
-4.067417081767465e-14	0.7666828993256294
-3.8852745002462796e-14	2.8940426411529194
-3.711288426734074e-14	10.06162319670376
-3.545093605493562e-14	40.46878021512526
-3.386341137266661e-14	74.9965784454095
-3.2346977468167627e-14	52.69028557627582
-3.089845083270897e-14	28.421322554274
-2.951479051793528e-14	19.59181552642684
-2.8193091751882763e-14	13.238301890574643
-2.6930579840879007e-14	7.90739021849329
-2.5724604344521032e-14	4.2127016108817745
-2.4572633511501348e-14	2.0358068214274208
-2.347224896460523e-14	0.9062237791962755
-2.2421140623716132e-14	6.1658090333850525e-9
-2.141710185617509e-14	1.1882792093591658e-8
-2.045802484431128e-14	1.1624540542167636e-6
-1.9541896160417327e-14	4.9475684409331376e-5
-1.866679253988325e-14	0.0011635174742344935
-1.7830876843611252e-14	0.016302680448053823
-1.7032394201238517e-14	0.13933428209006743
-1.626966832706986e-14	0.7666187706993567
-1.5541098000985117e-14	2.893798774681083
-1.48451537069363e-14	10.060779381859259
-1.4180374421974249e-14	40.46536156632754
-1.3545364549066645e-14	74.990063768903
-1.293879098726705e-14	52.685614380824255
-1.235938033308359e-14	28.418810739417342
-1.1805916207174113e-14	19.590087721106137
-1.1277236700753106e-14	13.2371285663953
-1.0772231936351603e-14	7.906685422172871
-1.0289841737808413e-14	4.212324099550814
-9.82905340460054e-15	2.0356234512960207
-9.388899585842092e-15	0.9061417553529386
-8.968456249486452e-15	6.165247065028212e-9
-8.566840742470036e-15	1.1881854749073438e-8
-8.183209937724512e-15	1.1623613784204807e-6
-7.816758464166932e-15	4.947169451915916e-5
-7.466717015953301e-15	0.0011634229172380812
-7.1323507374445e-15	0.016301342203935545
-6.8129576804954076e-15	0.13932273349674612
-6.507867330827944e-15	0.7665546475919179
-6.216439200394047e-15	2.8935549293476814
-5.938061482774519e-15	10.059935639830304
-5.672149768789699e-15	40.461943214361284
-5.418145819626658e-15	74.98354967351302
-5.17551639490682e-15	52.68094361058995
-4.9437521332334355e-15	28.416299152609003
-4.722366482869645e-15	19.588360072270223
-4.5108946803012425e-15	13.23595534898549
-4.308892774540641e-15	7.90598069033622
-4.1159366951233654e-15	4.211946622939473
-3.9316213618402156e-15	2.0354400981126783
-3.755559834336837e-15	0.9060597391264014
-3.587382499794581e-15	6.164685139094966e-9
-3.4267362969880147e-15	1.1880917480233175e-8
-3.273283975089805e-15	1.1622687101964499e-6
-3.1267033856667727e-15	4.946770495995914e-5
-2.98668680638132e-15	0.0011633283681599534
-2.8529402949778004e-15	0.016300004072966955
-2.725183072198163e-15	0.1393111858889162
-2.6031469323311777e-15	0.7664905300043118
-2.486575680157619e-15	2.8933111051558638
-2.3752245931098076e-15	10.059091970641024
-2.2688599075158797e-15	40.458525159324644
-2.1672583278506632e-15	74.97703615922227
-2.070206557962728e-15	52.67627326545215
-1.977500853293374e-15	28.413787793800843
-1.8889465931478582e-15	19.58663257989825
-1.8043578721204968e-15	13.234782238328998
-1.7235571098162564e-15	7.9052760229717265
-1.646374678049346e-15	4.211569181040507
-1.5726485447360863e-15	2.035256761873439
-1.5022239337347346e-15	0.9059777305146921
-1.4349529999178325e-15	6.164123258058085e-9
-1.3706945187952058e-15	1.1879980287225322e-8
-1.3093135900359219e-15	1.1621760495482079e-6
-1.250681354266709e-15	4.946371573178489e-5
-1.194674722552528e-15	0.0011632338270001336
-1.1411761179911202e-15	0.0162986660551471
-1.0900732288792651e-15	0.13929963926655775
-1.041258772932471e-15	0.7664264179363864
-9.946302720630475e-16	2.893067302104993
-9.50089837243923e-16	10.05824837429339
-9.075439630063519e-16	40.45510740122882
-8.669033311402652e-16	74.97052322599887
-8.280826231850911e-16	52.67160334535841
-7.910003413173497e-16	28.41127666296913
-7.555786372591432e-16	19.58490524397754
-7.217431488481988e-16	13.233609234417111
-6.894228439265025e-16	7.9045714200737685
-6.585498712197385e-16	4.2111917738507705
-6.290594178944345e-16	2.03507344257668
-6.008895734938939e-16	0.9058957295170611
-5.73981199967133e-16	6.1635614302977496e-9
-5.482778075180824e-16	1.1879043170732921e-8
-5.237254360143688e-16	1.1620833965528124e-6
-5.002725417066836e-16	4.9459726835963055e-5
-4.778698890210112e-16	0.001163139293762284
-4.56470447196448e-16	0.016297328150506607
-4.3602929155170605e-16	0.1392880936298748
-4.165035091729884e-16	0.7663623113889685
-3.9785210882521903e-16	2.892823520197201
-3.800359348975692e-16	10.057404850793688
-3.6301758520254075e-16	40.45168994008198
-3.467613324561061e-16	74.96401087379657
-3.3123304927403646e-16	52.6669338502461
-3.1640013652693987e-16	28.408765760081124
-3.0223145490365727e-16	19.58317806448474
-2.886972595392795e-16	13.23243633723075
-2.7576913757060103e-16	7.9038668816289706
-2.634199484878954e-16	4.2108144013620885
-2.516237671577738e-16	2.0348901402179744
-2.4035582939755756e-16	0.9058137361313283
-2.295924799868532e-16	6.162999655288268e-9
-2.1931112300723293e-16	1.187810613059123e-8
-2.094901744057475e-16	1.1619907511618755e-6
-2.0010901668267343e-16	4.945573827162177e-5
-1.911479556084045e-16	0.001163044768442676
-1.8258817887857923e-16	0.01629599035900561
-1.7441171662068243e-16	0.13927654897856723
-1.6660140366919535e-16	0.7662982103606001
-1.591408435300876e-16	2.892579759427626
-1.5201437395902768e-16	10.05656140012576
-1.452070340810163e-16	40.44827277583066
-1.3870453298244244e-16	74.95749910255716
-1.3249321970961458e-16	52.66226478009366
-1.2656005461077595e-16	28.406255085123913
-1.208925819614629e-16	19.58145104141135
-1.154789038157118e-16	13.231263546766272
-1.1030765502824041e-16	7.903162407636429
-1.0536797939515815e-16	4.210437063574638
-1.0064950686310952e-16	2.0347068547977254
-9.614233175902302e-17	0.905731750357802
-9.183699199474127e-17	6.162437932107288e-9
-8.772444920289317e-17	1.1877169166749964e-8
-8.379606976229901e-17	1.1618981133680609e-6
-8.004360667306938e-17	4.945175003867697e-5
-7.645918224336179e-17	0.001162950251042515
-7.303527155143169e-17	0.016294652680659234
-6.976468664827297e-17	0.139265005312727
-6.664056146767815e-17	0.7662341148516019
-6.365633741203505e-17	2.8923360197969767
-6.080574958361107e-17	10.055718022294947
-5.808281363240652e-17	40.44485590848982
-5.5481813192976974e-17	74.95098791223596
-5.299728788384584e-17	52.657596134832026
-5.0624021844310384e-17	28.403744638065525
-4.835703278458517e-17	19.5797241747383
-4.619156152628472e-17	13.23009086300914
-4.4123062011296164e-17	7.902457998086256
-4.2147191758063264e-17	4.210059760482541
-4.025980274524381e-17	2.0345235863127873
-3.8456932703609207e-17	0.9056497721949631
-3.673479679789651e-17	6.161876262968522e-9
-3.508977968115727e-17	1.1876232279459462e-8
-3.3518427904919603e-17	1.1618054832301337e-6
-3.201744266922775e-17	4.94477621380781e-5
-3.058367289734472e-17	0.0011628557415622634
-2.9214108620572674e-17	0.01629331511546165
-2.790587465930919e-17	0.13925346263229682
-2.6656224587071258e-17	0.7661700248616246
-2.5462534964814016e-17	2.8920923013036957
-2.432229983344443e-17	10.054874717291762
-2.3233125452962608e-17	40.441439338015506
-2.2192725277190788e-17	74.94447730278016
-2.1198915153538333e-17	52.65292791443977
-2.0249608737724152e-17	28.40123441888951
-1.9342813113834068e-17	19.577997464450434
-1.8476624610513888e-17	13.228918285948327
-1.7649224804518467e-17	7.901753652971574
-1.6858876703225304e-17	4.209682492081957
-1.6103921098097522e-17	2.034340334761245
-1.5382773081443683e-17	0.9055678016419294
-1.4693918719158603e-17	6.1613146447265e-9
-1.4035911872462908e-17	1.1875295468388982e-8
-1.340737116196784e-17	1.1617128606870558e-6
-1.28069770676911e-17	4.944377456877475e-5
-1.2233469158937888e-17	0.0011627612399990569
-1.1685643448229071e-17	0.016291977663385988
-1.1162349863723676e-17	0.13924192093706977
-1.0662489834828503e-17	0.7661059403896299
-1.0185013985925606e-17	2.8918486039443265
-9.728919933377772e-18	10.05403148510975
-9.293250181185044e-18	40.438023064392766
-8.877090110876316e-18	74.93796727413411
-8.479566061415333e-18	52.64826011886105
-8.099843495089662e-18	28.39872442757162
-7.737125245533627e-18	19.576270910536127
-7.390649844205555e-18	13.22774581557748
-7.059689921807386e-18	7.901049372289255
-6.743550681290122e-18	4.2093052583716
-6.441568439239009e-18	2.0341571001426386
-6.153109232577473e-18	0.9054858386985594
-5.877567487663442e-18	6.160753078127568e-9
-5.6143647489851634e-18	1.1874358733650142e-8
-5.362948464787136e-18	1.1616202457688472e-6
-5.12279082707644e-18	4.943978733126372e-5
-4.893387663575155e-18	0.0011626667463535616
-4.674257379291628e-18	0.016290640324434214
-4.46493994548947e-18	0.13923038022704173
-4.264995933931401e-18	0.7660418614355031
-4.074005594370243e-18	2.8916049277180456
-3.891567973351109e-18	10.053188325741695
-3.7173000724740175e-18	40.434607087583196
-3.550836044350526e-18	74.9314578262471
-3.3918264245661336e-18	52.643592748072585
-3.2399373980358644e-18	28.396214664094586
-3.0948500982134505e-18	19.57454451297945
3.0948500982134505e-18	0.49331959649302387
3.2399373980358644e-18	1.4916937836234445
3.3918264245661336e-18	3.929126414514651
3.550836044350526e-18	8.797219119332036
3.7173000724740175e-18	16.501982381090542
3.891567973351109e-18	31.19173932463889
4.074005594370243e-18	74.45804798464367
4.264995933931401e-18	75.59333804555793
4.46493994548947e-18	21.93539539069122
4.674257379291628e-18	6.166241438113216
4.893387663575155e-18	1.6351240121816697
5.12279082707644e-18	0.26878250217175054
5.362948464787136e-18	0.02525611771469791
5.6143647489851634e-18	0.0012626390611934948
5.877567487663442e-18	3.1038854374592446e-5
6.153109232577473e-18	0.0004931200971508614
6.441568439239009e-18	0.0022299921280585482
6.743550681290122e-18	0.009607989811348487
7.059689921807386e-18	0.038863508887983164
7.390649844205555e-18	0.14529737621691272
7.737125245533627e-18	0.49336063770910843
8.099843495089662e-18	1.4918187768529065
8.479566061415333e-18	3.9294581103058097
8.877090110876316e-18	8.797967528590632
9.293250181185044e-18	16.503395552268046
9.728919933377772e-18	31.19439506790146
1.0185013985925606e-17	74.46442989239401
1.0662489834828503e-17	75.60005622214366
1.1162349863723676e-17	21.9373818526101
1.1685643448229071e-17	6.166795549264508
1.2233469158937888e-17	1.6352721843979132
1.28069770676911e-17	0.2688071130901029
1.340737116196784e-17	0.025258455308378353
1.4035911872462908e-17	0.001262757234459349
1.4693918719158603e-17	3.104179301477448e-5
1.5382773081443683e-17	0.0004931598389929435
1.6103921098097522e-17	0.002230172880656639
1.6858876703225304e-17	0.009608773378980653
1.7649224804518467e-17	0.038866698638080656
1.8476624610513888e-17	0.14530938099689444
1.9342813113834068e-17	0.49340168244000987
2.0249608737724152e-17	1.4919437808605236
2.1198915153538333e-17	3.9297898349035747
2.2192725277190788e-17	8.798716003327367
2.3233125452962608e-17	16.50480884788323
2.432229983344443e-17	31.197051043828917
2.5462534964814016e-17	74.47081236221784
2.6656224587071258e-17	75.60677501121508
2.790587465930919e-17	21.939368499118356
2.9214108620572674e-17	6.167349711514655
3.058367289734472e-17	1.6354203703867445
3.201744266922775e-17	0.2688317263189871
3.3518427904919603e-17	0.025260793123802545
3.508977968115727e-17	0.0012628754190560807
3.673479679789651e-17	3.104473193989201e-5
3.8456932703609207e-17	0.0004931995841383703
4.025980274524381e-17	0.002230353648360098
4.2147191758063264e-17	0.00960955701247664
4.4123062011296164e-17	0.038869888657923284
4.619156152628472e-17	0.14532138679848894
4.835703278458517e-17	0.4934427306867991
5.0624021844310384e-17	1.4920687956491991
5.299728788384584e-17	3.93012158831465
5.5481813192976974e-17	8.799464543555125
5.808281363240652e-17	16.506222267956336
6.080574958361107e-17	31.19970725245795
6.365633741203505e-17	74.47719539418628
6.664056146767815e-17	75.61349441279235
6.976468664827297e-17	21.941355330211326
7.303527155143169e-17	6.16790392486175
7.645918224336179e-17	1.635568570147168
8.004360667306938e-17	0.2688563418581468
8.379606976229901e-17	0.025263131160936387
8.772444920289317e-17	0.0012629936149813285
9.183699199474127e-17	3.104767114983773e-5
9.614233175902302e-17	0.0004932393325872749
1.0064950686310952e-16	0.002230534431169624
1.0536797939515815e-16	0.009610340711839707
1.1030765502824041e-16	0.03887307894752663
1.154789038157118e-16	0.14533339362175726
1.208925819614629e-16	0.4934837824496998
1.2656005461077595e-16	1.4921938212196653
1.3249321970961458e-16	3.930453370541117
1.3870453298244244e-16	8.800213149278983
1.452070340810163e-16	16.507635812498062
1.5201437395902768e-16	31.202363693817496
1.591408435300876e-16	74.48357898837092
1.6660140366919535e-16	75.62021442691582
1.7441171662068243e-16	21.94334234589903
1.8258817887857923e-16	6.168458189311181
1.911479556084045e-16	1.6357167836807414
2.0010901668267343e-16	0.2688809597078559
2.094901744057475e-16	0.02526546941980867
2.1931112300723293e-16	0.0012631118222366433
2.295924799868532e-16	3.105061064465593e-5
2.4035582939755756e-16	0.0004932790843400008
2.516237671577738e-16	0.0022307152290867533
2.634199484878954e-16	0.009611124477076549
2.7576913757060103e-16	0.038876269506917034
2.886972595392795e-16	0.14534540146679928
3.0223145490365727e-16	0.49352483772905464
3.1640013652693987e-16	1.4923188575729607
3.3123304927403646e-16	3.930785181585738
3.467613324561061e-16	8.800961820505067
3.6301758520254075e-16	16.509049481519327
3.800359348975692e-16	31.205020367915985
3.9785210882521903e-16	74.48996314479128
4.165035091729884e-16	75.62693505366693
4.3602929155170605e-16	21.945329546211017
4.56470447196448e-16	6.169012504867752
4.778698890210112e-16	1.6358650109886654
5.002725417066836e-16	0.2689055798683129
5.237254360143688e-16	0.025267807900437332
5.482778075180824e-16	0.0012632300408229103
5.73981199967133e-16	3.105355042436077e-5
6.008895734938939e-16	0.0004933188393966324
6.290594178944345e-16	0.0022308960421119563
6.585498712197385e-16	0.00961190830818949
6.894228439265025e-16	0.0388794603361059
7.217431488481988e-16	0.1453574103336644
7.555786372591432e-16	0.49356589652504795
7.910003413173497e-16	1.4924439047097082
8.280826231850911e-16	3.9311170214503255
8.669033311402652e-16	8.801710557237936
9.075439630063519e-16	16.51046327502987
9.50089837243923e-16	31.207677274780288
9.946302720630475e-16	74.496347863516
1.041258772932471e-15	75.63365629308618
1.0900732288792651e-15	21.947316931157328
1.1411761179911202e-15	6.169566871536611
1.194674722552528e-15	1.6360132520724935
1.250681354266709e-15	0.26893020233979237
1.3093135900359219e-15	0.025270146602850343
1.3706945187952058e-15	0.0012633482707417511
1.4349529999178325e-15	3.1056490489027346e-5
1.5022239337347346e-15	0.0004933585977580564
1.5726485447360863e-15	0.002231076870249072
1.646374678049346e-15	0.009612692205194364
1.7235571098162564e-15	0.03888265143515413
1.8043578721204968e-15	0.14536942022256574
1.8889465931478582e-15	0.4936069588383665
1.977500853293374e-15	1.492568962631845
2.070206557962728e-15	3.931448890139618
2.1672583278506632e-15	8.802459359487282
2.2688599075158797e-15	16.51187719304627
2.3752245931098076e-15	31.210334414441174
2.486575680157619e-15	74.50273314461016
2.6031469323311777e-15	75.64037814521653
2.725183072198163e-15	21.949304500746514
2.8529402949778004e-15	6.170121289320139
2.98668680638132e-15	1.636161506932612
3.1267033856667727e-15	0.26895482712232144
3.273283975089805e-15	0.02527248552704656
3.4267362969880147e-15	0.0012634665119928762
3.587382499794581e-15	3.105943083862726e-5
3.755559834336837e-15	0.0004933983594254972
3.9316213618402156e-15	0.0022312577135033766
4.1159366951233654e-15	0.009613476168112674
4.308892774540641e-15	0.03888584280414312
4.5108946803012425e-15	0.1453814311337902
4.722366482869645e-15	0.4936480246699044
4.9437521332334355e-15	1.4926940313418677
5.17551639490682e-15	3.9317807876595485
5.418145819626658e-15	8.803208227264973
5.672149768789699e-15	16.513291235587875
5.938061482774519e-15	31.212991786927184
6.216439200394047e-15	74.5091189881326
6.507867330827944e-15	75.64710061012248
6.8129576804954076e-15	21.951292254993206
7.1323507374445e-15	6.170675758219715
7.466717015953301e-15	1.6363097755690128
7.816758464166932e-15	0.2689794542158363
8.183209937724512e-15	0.025274824673014243
8.566840742470036e-15	0.0012635847645751342
8.968456249486452e-15	3.10623714730678e-5
9.388899585842092e-15	0.0004934381244014153
9.82905340460054e-15	0.002231438571885341
1.0289841737808413e-14	0.00961426019698644
1.0772231936351603e-14	0.03888903444323047
1.1277236700753106e-14	0.14539344306787433
1.1805916207174113e-14	0.4936890940213134
1.235938033308359e-14	1.492819110844191
1.293879098726705e-14	3.9321127140202026
1.3545364549066645e-14	8.80395716058993
1.4180374421974249e-14	16.514705402684974
1.48451537069363e-14	31.21564939231801
1.5541098000985117e-14	74.51550539424514
1.626966832706986e-14	75.65382368774894
1.7032394201238517e-14	21.953280193852972
1.7830876843611252e-14	6.171230278229541
1.866679253988325e-14	1.636458057979488
1.9541896160417327e-14	0.2690040836198139
2.045802484431128e-14	0.025277164040689065
2.141710185617509e-14	0.0012637030284846328
2.2421140623716132e-14	3.106531239225399e-5
2.347224896460523e-14	0.0004934778926932958
2.4572633511501348e-14	0.0022316194454265097
2.5724604344521032e-14	0.00961504429194122
2.6930579840879007e-14	0.03889222635287973
2.8193091751882763e-14	0.14540545602638058
2.951479051793528e-14	0.49373016689728255
3.089845083270897e-14	1.4929442011510563
3.2346977468167627e-14	3.9324446692485027
3.386341137266661e-14	8.80470615950993
3.545093605493562e-14	16.51611969440581
3.711288426734074e-14	31.218307230754256
3.8852745002462796e-14	74.52189236319131
4.067417081767465e-14	75.66054737793743
4.2580985503096294e-14	21.955268317208965
4.457719210902813e-14	6.17178484931962
4.666698134970813e-14	1.63660635415321
4.885474040104332e-14	0.2690287153319224
5.11450621107782e-14	0.02527950362980012
5.354275464043773e-14	0.0012638213037044863
5.605285155929033e-14	3.106825359554692e-5
5.868062241151308e-14	0.0004935176643170996
6.143158377875337e-14	0.002231800334194231
6.431151086130258e-14	0.009615828453244574
6.732644960219751e-14	0.03889541853407779
7.048272937970691e-14	0.1454174700126248
7.378697629483821e-14	0.49377124330775274
7.724612708177243e-14	1.4930693022883412
8.086744367041906e-14	3.932776653400986
8.465852843166653e-14	8.805455224124612
8.862734013733905e-14	16.51753411089204
9.278221066835187e-14	31.220965302547015
9.713186250615699e-14	74.52827989551048
1.0168542704418663e-13	75.66727168026192
1.0645246375774074e-13	21.957256624777607
1.1144298027257033e-13	6.172339471422001
1.1666745337427032e-13	1.636754664066181
1.221368510026083e-13	0.2690533493470265
1.278626552769455e-13	0.02528184343975148
1.3385688660109433e-13	0.0012639395901981156
1.4013212889822583e-13	3.1071195081670986e-5
1.467015560287827e-13	0.000493557439311787
1.5357895944688342e-13	0.002231981238352533
1.6077877715325645e-13	0.00961661268154735
1.683161240054938e-13	0.03889861098922183
1.7620682344926728e-13	0.14542948503464478
1.8446744073709553e-13	0.49381232327674124
1.9311531770443107e-13	1.4931944143183018
2.0216860917604765e-13	3.9331086666130846
2.116463210791663e-13	8.80620435467022
2.2156835034334765e-13	16.518948652475295
2.3195552667087964e-13	31.223623608436306
2.4282965626539245e-13	74.53466799247173
2.5421356761046654e-13	75.67399659356789
2.6613115939435187e-13	21.959245115823453
2.7860745068142583e-13	6.17289414436081
2.916686334356758e-13	1.636902987656903
3.0534212750652074e-13	0.26907798565206836
3.1965663819236375e-13	0.02528418346903706
3.346422165027358e-13	0.0012640578878733884
3.5033032224556456e-13	3.1074136847409694e-5
3.667538900719567e-13	0.0004935972177782306
3.839473986172086e-13	0.0022321621583259546
4.0194694288314114e-13	0.00961739697853277
4.207903100137345e-13	0.03890180372450382
4.405170586231682e-13	0.14544150111318072
4.611686018427388e-13	0.49385340686613033
4.827882942610793e-13	1.4933195374011146
5.054215229401191e-13	3.933440709231621
5.291158026979158e-13	8.806953551748759
5.539208758583673e-13	16.52036331999221
5.798888166771992e-13	31.226282150295074
6.070741406634831e-13	74.5410566572472
6.355339190261664e-13	75.6807221147233
6.653278984858797e-13	21.96123378839558
6.965186267035623e-13	6.173448867666997
7.291715835891894e-13	1.637051324762086
7.633553187663044e-13	0.2691026242124538
7.991415954809093e-13	0.025286523713679534
8.366055412568395e-13	0.0012641761964869123
8.758258056139085e-13	3.1077078884205545e-5
9.168847251798917e-13	0.0004936369999642222
9.598684965430246e-13	0.002232343095157536
1.004867357207853e-12	0.009618181348335088
1.0519757750343362e-12	0.038904996755132835
1.1012926465579169e-12	0.14545351829915226
1.152921504606847e-12	0.4938944942278516
1.2069707356526982e-12	1.4934446719294074
1.2635538073502978e-12	3.9337727821076665
1.3227895067447895e-12	8.807702816836246
1.3848021896459183e-12	16.52177811549452
1.4497220416929979e-12	31.228940932698016
1.5176853516587079e-12	74.54744589754958
1.588834797565416e-12	75.68744823602474
1.663319746214699e-12	21.963222637701197
1.7412965667589057e-12	6.174003640182125
1.8229289589729738e-12	1.637199674979283
1.908388296915761e-12	0.26912726494316147
1.9978539887022734e-12	0.025288864163886548
2.091513853142099e-12	0.0012642945154401149
2.1895645140347714e-12	3.108002117105466e-5
2.2922118129497296e-12	0.0004936767864902472
2.399671241357561e-12	0.0022325240514577136
2.512168393019632e-12	0.009618965801304226
2.6299394375858407e-12	0.038908190119177934
2.753231616394792e-12	0.14546553672005033
2.8823037615171173e-12	0.49393558574204116
3.0174268391317456e-12	1.493569818885948
3.1588845183757443e-12	3.9341048873687963
3.3069737668619735e-12	8.808452153619786
3.4620054741147955e-12	16.523193044098303
3.6243051042324945e-12	31.231599967093164
3.794213379146769e-12	74.55383573268664
3.97208699391354e-12	75.6941749379918
4.1582993655367474e-12	21.965211651665747
4.3532414168972644e-12	6.174558458995386
4.557322397432434e-12	1.6373480372972544
4.770970742289403e-12	0.26915190763040125
4.9946349717556835e-12	0.02529120479507317
5.228784632855247e-12	0.0012644128432303323
5.473911285086928e-12	3.1082963655243694e-5
5.7305295323743236e-12	0.0004937165789065293
5.9991781033939035e-12	0.002232705033749821
6.28042098254908e-12	0.009619750363297276
6.5748485939646015e-12	0.03891138391173936
6.88307904098698e-12	0.14547755669426027
7.205759403792793e-12	0.49397668235817926
7.543567097829363e-12	1.4936949807247344
7.897211295939361e-12	3.9344370303273504
8.267434417154934e-12	8.809201571302532
8.65501368528699e-12	16.524608118567652
9.060762760581236e-12	31.23425928203276
9.485533447866924e-12	74.56022621076002
9.93021748478385e-12	75.70090217184469
1.039574841384187e-11	21.967200800087777
1.0883103542243161e-11	6.17511331681984
1.1393305993581086e-11	1.6374964091854762
1.1927426855723505e-11	0.26917655173943117
1.2486587429389208e-11	0.025293545545739614
1.3071961582138117e-11	0.0012645311760987512
1.368477821271732e-11	3.108590620487164e-5
1.4326323830935808e-11	0.0004937563810890604
1.4997945258484758e-11	0.0022328860583428504
1.5701052456372703e-11	0.00962053509896035
1.6437121484911504e-11	0.038914578370575104
1.720769760246745e-11	0.14548957901776557
1.8014398509481985e-11	0.4940177864497656
1.8858917744573408e-11	1.4938201635798423
1.9743028239848403e-11	3.9347692242604198
2.0668586042887337e-11	8.809951092881395
2.163753421321747e-11	16.52602337078844
2.265190690145309e-11	31.236918948871416
2.371383361966731e-11	74.5666174519473
2.4825543711959625e-11	75.70762981538593
2.5989371034604672e-11	21.969190007367907
2.7207758855607903e-11	6.175668195416319
2.8483264983952715e-11	1.6376447843113957
2.9818567139308763e-11	0.2692011959322278
3.121646857347302e-11	0.025295886262019687
3.2679903955345294e-11	0.0012646495046411649
3.42119455317933e-11	3.108884848977216e-5
3.581580957733952e-11	0.0004937962027251764
3.7494863146211896e-11	0.0022330671659976805
3.925263114093175e-11	0.009621320169859473
4.1092803712278756e-11	0.03891777408988469
4.301924400616863e-11	0.1455016056798181
4.503599627370496e-11	0.49405890394823015
4.714729436143352e-11	1.49394538277959
4.935757059962101e-11	3.935101502343336
5.167146510721834e-11	8.810700775810822
5.409383553304368e-11	16.527438880406084
5.662976725363273e-11	31.239579145849824
5.928458404916827e-11	74.57300975636151
6.206385927989906e-11	75.71435756289756
6.497342758651168e-11	21.971179084452064
6.801939713901976e-11	6.176223049166717
7.120816245988178e-11	1.6377931468384104
7.45464178482719e-11	0.2692258368629365
7.804117143368256e-11	0.02529822655918239
8.169975988836323e-11	0.0012647678053428076
8.552986382948326e-11	3.1091789684035825e-5
8.953952394334881e-11	0.0004938360680362985
9.373715786552974e-11	0.002233248458628069
9.813157785232939e-11	0.009622105979949749
1.027320092806969e-10	0.03892097255528094
1.0754811001542157e-10	0.14551364165378533
1.125899906842624e-10	0.4941000496823016
1.178682359035838e-10	1.49407067664318
1.2339392649905252e-10	3.9354339475044537
1.2917866276804584e-10	8.811450763691386
1.352345888326092e-10	16.528854846444926
1.4157441813408183e-10	31.242240318433474
1.4821146012292068e-10	74.57940387388243
1.5515964819974767e-10	75.72108464915394
1.624335689662792e-10	21.973167558344496
1.700484928475494e-10	6.1767777639311445
1.7802040614970448e-10	1.6379414571468516
1.8636604462067977e-10	0.2692504661616776
1.951029285842064e-10	0.02530056547485554
2.0424939972090808e-10	0.0012648860193811215
2.1382465957370812e-10	3.1094727720562484e-5
2.23848809858372e-10	0.0004938760375672777
2.3434289466382435e-10	0.0022334301909789607
2.453289446308235e-10	0.009622893538947621
2.568300232017422e-10	0.03892417748009917
2.688702750385539e-10	0.14552569937047075
2.81474976710656e-10	0.4941412607148255
2.9467058975895954e-10	1.4941961409411928
3.084848162476313e-10	3.9357667669916143
3.229466569201146e-10	8.812201415358969
3.38086472081523e-10	16.530271766151962
3.5393604533520453e-10	31.24490357970005
3.7052865030730173e-10	74.58580167784295
3.878991204993691e-10	75.72780915963837
4.06083922415698e-10	21.975154246105678
4.2512123211887347e-10	6.177332054231752
4.450510153742612e-10	1.6380896161529543
4.659151115516994e-10	0.2692750628979346
4.877573214605159e-10	0.02530290060257377
5.106234993022702e-10	0.0012650039996631563
5.345616489342703e-10	3.109765742809182e-5
5.5962202464593e-10	0.0004939162626757158
5.858572366595609e-10	0.00223361299988635
6.133223615770587e-10	0.009623685371005384
6.420750580043556e-10	0.038927398146997506
6.721756875963849e-10	0.14553780990388246
7.0368744177664e-10	0.49418262969107685
7.366764743973988e-10	1.4943220150589733
7.712120406190783e-10	3.9361004788018326
8.073666423002865e-10	8.812953627594942
8.452161802038075e-10	16.531690882011215
8.848401133380114e-10	31.247571711250067
9.263216257682543e-10	74.59220784884026
9.697478012484228e-10	75.73452630389592
1.015209806039245e-9	21.9771361889182
1.0628030802971836e-9	6.177885205978474
1.1126275384356529e-9	1.63823737603454
1.1647877788792485e-9	0.2692995747253071
1.2193933036512899e-9	0.025305225924196335
1.2765587482556754e-9	0.0012651213783242837
1.3364041223356758e-9	3.110056586788286e-5
1.3990550616148251e-9	0.0004939571217352614
1.4646430916489022e-9	0.00223379847733629
1.5333059039426467e-9	0.009624487786004512
1.605187645010889e-9	0.03893065776035771
1.6804392189909622e-9	0.14555005092965703
1.7592186044416e-9	0.4942243881889657
1.841691185993497e-9	1.494448897342506
1.9280301015476955e-9	3.9364363775890507
2.0184166057507163e-9	8.813709641526469
2.113040450509519e-9	16.533115298567818
2.2121002833450285e-9	31.250251664079784
2.3158040644206357e-9	74.59863408098903
2.4243695031210573e-9	75.74122409592806
2.5380245150981126e-9	21.979105986381548
2.657007700742959e-9	6.17843543301275
2.7815688460891322e-9	1.6383841169725792
2.9119694471981214e-9	0.2693238707313804
3.0484832591282247e-9	0.025307526389899904
3.191396870639189e-9	0.001265237235408571
3.3410103058391895e-9	3.110342066936066e-5
3.497637654037063e-9	0.0004939995606511312
3.6616077291222557e-9	0.002233990603124461
3.833264759856617e-9	0.009625316557757927
4.012969112527222e-9	0.03893401432674805
4.201098047477405e-9	0.14556261661759984
4.398046511104e-9	0.49426711507702376
4.6042279649837425e-9	1.4945782833927135
4.820075253869239e-9	3.936777699203365
5.046041514376791e-9	8.814475058008702
5.282601126273797e-9	16.53455277316816
5.530250708362571e-9	31.252960808598015
5.78951016105159e-9	74.60510959184862
6.060923757802643e-9	75.74787254532306
6.345061287745282e-9	21.981045128726812
6.642519251857398e-9	6.178978267536712
6.95392211522283e-9	1.6385282887386285
7.279923617995304e-9	0.269347623514793
7.621208147820563e-9	0.0253097643636171
7.978492176597972e-9	0.0012653492703123405
8.352525764597973e-9	3.11061408555531e-5
8.744094135092657e-9	0.0004940459441235682
9.154019322805639e-9	0.002234199326343565
9.58316189964154e-9	0.009626211118659295
1.0032422781318056e-8	0.03893761285168347
1.0502745118693512e-8	0.14557599234352991
1.099511627776e-8	0.49431225733141404
1.1510569912459357e-8	1.4947139115312211
1.2050188134673098e-8	3.9371325312455494
1.2615103785941977e-8	8.815263874132368
1.3206502815684493e-8	16.536022688909576
1.3825626770906428e-8	31.255742552731334
1.4473775402628974e-8	74.61170737973433
1.5152309394506606e-8	75.75439661272313
1.5862653219363203e-8	21.98290732027698
1.6606298129643494e-8	6.179502534212077
1.7384805288057076e-8	1.6386660141219982
1.819980904498826e-8	0.2693700142868934
1.9053020369551404e-8	0.02531184572935063
1.994623044149493e-8	0.001265451730178663
2.0881314411494936e-8	3.110852392061285e-5
2.186023533773164e-8	0.0004941021839885337
2.2885048307014098e-8	0.002234449519674351
2.3957904749103853e-8	0.009627270047970062
2.508105695329514e-8	0.038941815833355924
2.6256862796733782e-8	0.14559139146032413
2.74877906944e-8	0.4943634319896281
2.877642478114839e-8	1.4948651260265626
3.012547033668274e-8	3.9375210879107296
3.1537759464854944e-8	8.816111070259794
3.301625703921123e-8	16.537573478020295
3.456406692726607e-8	31.25870537185527
3.618443850657244e-8	74.61860982403287
3.788077348626652e-8	75.76060853837969
3.965663304840801e-8	21.984576769827093
4.1515745324108734e-8	6.179980280289367
4.346201322014269e-8	1.6387875961067306
4.549952261247065e-8	0.26938899540016703
4.763255092387851e-8	0.025313535143851172
4.9865576103737325e-8	0.0012655302318214324
5.220328602873734e-8	3.111006382801258e-5
5.46505883443291e-8	0.000494183061452758
5.721262076753524e-8	0.002234803370104856
5.989476187275963e-8	0.009628739810353152
6.270264238323785e-8	0.038947529544605085
6.564215699183446e-8	0.14561184733086788
6.8719476736e-8	0.4944296811063867
7.194106195287098e-8	1.4950552845917553
7.531367584170686e-8	3.937993893933377
7.884439866213736e-8	8.817104067456661
8.254064259802807e-8	16.539326157735847
8.641016731816518e-8	31.262120348056143
9.046109626643109e-8	74.62627256799074
9.47019337156663e-8	75.76603850365892
9.914158262102003e-8	21.985763878049607
1.0378936331027184e-7	6.180341589878218
1.0865503305035673e-7	1.63886878310856
1.1374880653117662e-7	0.26939944632832835
1.1908137730969629e-7	0.025314244192362813
1.246639402593433e-7	0.001265548829582695
1.3050821507184335e-7	3.1109498493081425e-5
1.3662647086082276e-7	0.0004943255424129739
1.430315519188381e-7	0.0022354163924435165
1.497369046818991e-7	0.009631236740015247
1.5675660595809464e-7	0.038957020155234445
1.6410539247958613e-7	0.1456449445644586
1.7179869184e-7	0.4945336114527232
1.7985265488217743e-7	1.4953427797788832
1.8828418960426715e-7	3.938677242577202
1.971109966553434e-7	8.81846135136892
2.0635160649507018e-7	16.541583117156218
2.1602541829541292e-7	31.266664952102317
2.261527406660777e-7	74.63583387170198
2.3675483428916573e-7	75.76951082356679
2.478539565525501e-7	21.98574440074424
2.594734082756796e-7	6.1804116011438
2.7163758262589184e-7	1.6388489294717437
2.8437201632794157e-7	0.2693885640176781
2.977034432742407e-7	0.025312502176571643
3.1165985064835826e-7	0.00126541778377416
3.262705376796084e-7	3.110369553844089e-5
3.415661771520569e-7	0.0004946221292113656
3.575788797970953e-7	0.00223667770601229
3.743422617047477e-7	0.009636302926871225
3.9189151489523657e-7	0.038975956940048094
4.1026348119896534e-7	0.14570965554053583
4.294967296e-7	0.4947317627976147
4.496316372054436e-7	1.4958736244036928
4.707104740106679e-7	3.939886873416451
4.927774916383585e-7	8.820729017920302
5.158790162376754e-7	16.545099974955054
5.400635457385323e-7	31.274032479566188
5.653818516651943e-7	74.65013675378655
5.918870857229143e-7	75.76808288879658
6.196348913813751e-7	21.982707474532287
6.48683520689199e-7	6.179753061241037
6.790939565647296e-7	1.6385764166028314
7.109300408198538e-7	0.26932434766859875
7.442586081856018e-7	0.025304636206367387
7.791496266208957e-7	0.0012649136444038722
8.156763441990209e-7	3.10849773345319e-5
8.539154428801423e-7	0.0004953046436461237
8.939471994927382e-7	0.002239562279593236
9.358556542618692e-7	0.009647801883093868
9.797287872380915e-7	0.039018539183283824
1.0256587029974134e-6	0.1458534874976836
1.073741824e-6	0.4951656591273057
1.1240790930136089e-6	1.49701315326658
1.1767761850266678e-6	3.94241248337865
1.2319437290958982e-6	8.82527232370465
1.2896975405941886e-6	16.55176509338954
1.3501588643463309e-6	31.288456509623604
1.4134546291629856e-6	74.67627901576984
1.4797177143072835e-6	75.7543862966398
1.5490872284534404e-6	21.972127586755033
1.6217088017229976e-6	6.177273109179418
1.697734891411824e-6	1.6376724209969025
1.7773251020496348e-6	0.26912688241595645
1.8606465204640015e-6	0.02528149253913891
1.9478740665522424e-6	0.0012634837243627908
2.0391908604975524e-6	3.1035136971409946e-5
2.1347886072003556e-6	0.0004969562322498802
2.2348679987318455e-6	0.0022465213650291597
2.3396391356546694e-6	0.009675445393373887
2.4493219680952324e-6	0.03912043355669757
2.5641467574935333e-6	0.14619570708436563
2.68435456e-6	0.49619028224564576
2.8101977325340225e-6	1.4996768636145537
2.9419404625666695e-6	3.948231262750718
3.0798593227397456e-6	8.83550640901344
3.2242438514854718e-6	16.566298935668637
3.375397160865827e-6	31.32052995918938
3.533636572907464e-6	74.7319610408082
3.6992942857682087e-6	75.70994935824828
3.872718071133601e-6	21.942709339629236
4.054272004307494e-6	6.17024350813358
4.24433722852956e-6	1.6351919056858002
4.443312755124087e-6	0.2685970365645166
4.651616301160004e-6	0.02522037582140073
4.869685166380606e-6	0.0012597842750114124
5.09797715124388e-6	3.091490443365646e-5
5.336971518000889e-6	0.0005010574801846545
5.587169996829613e-6	0.002263770640262173
5.849097839136674e-6	0.009743848585755705
6.123304920238081e-6	0.03937187686278503
6.4103668937338335e-6	0.14703765985762438
6.7108864e-6	0.49870062712091073
7.025494331335056e-6	1.50616768467501
7.354851156416673e-6	3.9623065376805213
7.699648306849364e-6	8.859986298954402
8.06060962871368e-6	16.600509437395733
8.438492902164567e-6	31.39680827965129
8.834091432268661e-6	74.8611991762686
9.248235714420522e-6	75.58833647621002
9.681795177834002e-6	21.866349399419335
1.0135680010768735e-5	6.151873681477259
1.0610843071323899e-5	1.6287864643662116
1.1108281887810218e-5	0.26724134480510225
1.1629040752900008e-5	0.025065754510573097
1.2174212915951514e-5	0.0012506954242519125
1.2744942878109702e-5	3.0665217549996916e-5
1.3342428795002223e-5	0.0005114545943018439
1.3967924992074034e-5	0.002307406401540843
1.4622744597841684e-5	0.009916680375586186
1.5308262300595205e-5	0.040005254063882424
1.6025917234334584e-5	0.14915287456513948
1.6777216e-5	0.504982080269642
1.756373582833764e-5	1.5223335329218008
1.8387127891041685e-5	3.997178467538249
1.9249120767123408e-5	8.92021761522852
2.01515240717842e-5	16.68398157094148
2.109623225541142e-5	31.584179224796532
2.2085228580671653e-5	75.1726558842347
2.3120589286051304e-5	75.27202629195662
2.4204487944585006e-5	21.673683368845776
2.5339200026921837e-5	6.1053880102789275
2.652710767830975e-5	1.6126771560783122
2.7770704719525543e-5	0.2638539011370511
2.9072601882250022e-5	0.024686363877209006
3.043553228987879e-5	0.0012299148605353688
3.1862357195274255e-5	3.0379809688393056e-5
3.335607198750556e-5	0.0005387081093114424
3.491981248018508e-5	0.0024212909056444297
3.655686149460421e-5	0.010366874162884865
3.8270655751488006e-5	0.04164523222399083
4.006479308583646e-5	0.15460417655430833
4.194304e-5	0.5210530921985702
4.39093395708441e-5	1.5633687324671088
4.596781972760421e-5	4.085030669485508
4.812280191780852e-5	9.070713834225364
5.03788101794605e-5	16.89112521777215
5.274058063852855e-5	32.053071740950514
5.521307145167913e-5	75.92936061066769
5.780147321512826e-5	74.45897475864113
6.0511219861462516e-5	21.19697932113303
6.334800006730459e-5	5.990123980285456
6.631776919577437e-5	1.5729928233207855
6.942676179881386e-5	0.2555916436208782
7.268150470562505e-5	0.02380063156738229
7.608883072469697e-5	0.0011909359075219673
7.965589298818563e-5	3.173684127235909e-5
8.339017996876389e-5	0.0006157871757337141
8.72995312004627e-5	0.002739967201657361
9.139215373651052e-5	0.01161977577438946
9.567663937872002e-5	0.046145770753137715
0.00010016198271459114	0.16939808600771955
0.0001048576	0.5639378007766488
0.00010977334892711025	1.6709225036496425
0.00011491954931901053	4.311506706582759
0.0001203070047945213	9.452224734758701
0.00012594702544865125	17.410607186756874
0.00013185145159632137	33.24956984092503
0.00013803267862919782	77.73145079449674
0.00014450368303782065	72.34878913058486
0.0001512780496536563	20.05205104909091
0.00015837000016826147	5.712261458285897
0.00016579442298943594	1.4785336711756583
0.00017356690449703464	0.23637010896381036
0.00018170376176406263	0.02198214713587169
0.00019022207681174241	0.0011732407807220346
0.0001991397324704641	4.6918676254305125e-5
0.00020847544992190972	0.0008781364361134725
0.00021824882800115678	0.0037951409615462704
0.00022848038434127632	0.015690415339705107
0.00023919159844680004	0.06028663142050456
0.00025040495678647787	0.2145461843084658
0.000262144	0.6896116204170661
0.00027443337231777566	1.9728137777792996
0.0002872988732975263	4.921895252556257
0.00030076751198630325	10.439598605385358
0.0003148675636216281	18.726091208154887
0.0003296286289908034	36.407418695662955
0.00034508169657299456	81.66176671286942
0.00036125920759455163	66.74032701949284
0.0003781951241341407	17.48561946137813
0.0003959250004206537	5.082591959057592
0.00041448605747358984	1.2707749899602403
0.0004339172612425866	0.1966081502240814
0.0004542594044101566	0.01968439982422559
0.0004755551920293561	0.0016012396626895321
0.0004978493311761602	0.00014304460803998842
0.0005211886248047743	0.0022643228559626736
0.0005456220700028919	0.008980883735234394
0.0005712009608531907	0.03438912781168415
0.0005979789961170002	0.1203336846400636
0.0006260123919661946	0.39180460799916017
0.00065536	1.1381279334176155
0.0006860834307944391	2.9462318713220834
0.0007182471832438158	6.702742353097624
0.0007519187799657582	13.051341388208256
0.0007871689090540703	22.109682262248736
0.0008240715724770085	45.24111075229265
0.0008627042414324864	87.26422766807465
0.0009031480189863791	52.10971725841576
0.0009454878103353518	12.697017337343562
0.0009898125010516343	3.865658455103696
0.0010362151436839745	0.8955836683927564
0.0010847931531064664	0.1390281269113158
0.0011356485110253914	0.02464265383750602
0.00118888798007339	0.00548981920366469
0.0012446233279404006	0.0005869627395538074
0.001302971562011936	0.019531678508108632
0.00136405517500723	0.06301430811575981
0.001428002402132977	0.19477999055494347
0.0014949474902925003	0.5495130159761873
0.0015650309799154867	1.4287721161711646
0.0016384	3.246373983759996
0.0017152085769860962	6.5685441678700105
0.0017956179581095394	11.935342697172212
0.0018797969499143954	19.26769657635067
0.0019679222726351774	31.381383062192025
0.0020601789311925213	67.71781786436533
0.0021567606035812143	74.82615537722265
0.0022578700474659478	24.41885350300356
0.0023637195258383796	7.013383856260423
0.0024745312526290877	2.258112686988174
0.0025905378592099362	0.46769898983183267
0.002711982882766164	0.16664702108218962
0.0028391212775634787	0.06093388885909785
0.002972219950183475	0.023988148736325793
0.0031115583198510037	0.0012632224907030796
0.0032574289050298394	0.47655664518830887
0.003410137937518072	1.067842555152046
0.003570006005332442	2.2367093487043945
0.0037373687257312507	4.298959997170398
0.00391257744978872	7.380719091843008
0.004096	10.841530615975438
0.004288021442465241	14.62097130472069
0.004489044895273848	19.828399582573212
0.004699492374785988	29.847558294475306
0.004919805681587943	58.147298015290815
0.005150447327981303	58.992405163728066
0.005391901508953035	20.71787683049345
0.005644675118664869	7.6889661204499316
0.005909298814595948	3.6680096234508985
0.006186328131572719	1.0317495778144887
0.006476344648024841	0.5515821450875605
0.00677995720691541	0.42379509012624994
0.007097803193908697	0.15523670618362564
0.007430549875458688	0.05157454114410301
0.00777889579962751	0.002311081549985927
0.0081435722625746	4.3801451705219066
0.00852534484379518	6.278188065888806
0.008925015013331105	8.714587067560547
0.009343421814328127	10.431649073620742
0.0097814436244718	10.916391081100857
0.01024	11.495465520819394
0.010720053606163103	16.527175497714822
0.011222612238184621	30.108570709020942
0.011748730936964972	42.52685735333027
0.012299514203969858	25.55020982258188
0.012876118319953259	10.600250342390964
0.013479753772382589	6.198413737639717
0.014111687796662173	3.5851160099899597
0.014773247036489872	1.4629695349057608
0.015465820328931797	1.017583996737327
0.016190861620062103	0.8486601781524922
0.016949893017288525	0.46893363826248824
0.017744507984771743	0.33414252128644095
0.018576374688646723	0.02377610677738488
0.019447239499068774	0.06682870586500887
0.020358930656436496	6.4184991852881135
0.02131336210948795	9.360270730549704
0.022312537533327764	11.731312779809437
0.02335855453582032	11.397380841067402
0.0244536090611795	11.802087332611872
0.0256	15.627533464381319
0.026800134015407755	19.83594429402061
0.028056530595461555	14.153727402112725
0.029371827342412428	4.595000335143285
0.030748785509924645	1.4179584983380935
0.03219029579988315	1.1480864461909839
0.03369938443095647	2.4043026347554366
0.03527921949165543	3.3035369012283806
0.03693311759122468	3.719305718049524
0.038664550822329495	3.5367012514116816
0.040477154050155256	2.2967561202225713
0.04237473254322131	1.1855438706484147
0.04436126996192936	0.1905341112642215
0.0464409367216168	0.08801807762956539
0.04861809874767194	0.10345319487291825
0.05089732664109124	5.181390135013132
0.05328340527371987	5.867796115758942
0.05578134383331941	9.569496655478956
0.05839638633955079	10.479620137881078
0.06113402265294875	7.685122027263202
0.064	2.6070958645795876
0.06700033503851939	0.6344109972057924
0.07014132648865391	0.9155422043467435
0.07342956835603104	2.203558009970278
0.0768719637748116	1.795180903666343
0.08047573949970786	0.922688396611568
0.08424846107739119	1.0542909440158585
0.08819804872913861	1.7848861112894365
0.09233279397806166	1.9835611622009492
0.09666137705582374	1.86750335765252
0.10119288512538814	1.7080447104632146
0.10593683135805329	2.175420253219166
0.11090317490482343	1.6812789844056124
0.11610234180404196	0.8234717301189239
0.12154524686917983	1.0444631477098447
0.1272433166027281	2.5314819214669795
0.1332085131842997	3.7788928120171246
0.13945335958329858	7.135194787680237
0.1459909658488769	2.146971794874988
0.15283505663237187	0.6782957526918157
0.16000000000000003	0.25145062494366816
0.16750083759629847	0.35351110426492505
0.17535331622163478	0.9593042062970843
0.1835739208900776	1.4389676103658586
0.19217990943702903	1.0040439709481066
0.20118934874926966	0.9305328979143324
0.21062115269347795	1.5657320205422565
0.22049512182284653	2.072474402495656
0.23083198494515414	1.882278821577421
0.24165344263955935	2.3246888155395857
0.25298221281347033	3.6859394803745396
0.2648420783951332	3.7023597389034313
0.2772579372620586	1.876685809605059
0.2902558545101049	1.516784970195528
0.3038631171729496	0.6931102279714807
0.31810829150682024	10.457881171495805
0.3330212829607492	14.904853693796037
0.34863339895824647	22.09961684282759
0.3649774146221923	27.002716605347118
0.38208764158092967	20.298521056124706
0.4	10.713768966762474
0.41875209399074625	8.365606416734822
0.438383290554087	6.81703632918576
0.458934802225194	2.9278473486335552
0.48044977359257246	0.8214440971202929
0.5029733718731741	0.34665782319387595
0.526552881733695	0.3930975836261657
0.5512378045571164	0.7385532614622328
0.5770799623628854	0.5650005729294982
0.6041336065988983	0.6986128875528066
0.6324555320336759	0.8122814289755195
0.6621051959878331	0.2888499741565479
0.6931448431551465	0.1062519147814225
0.7256396362752623	0.06984901085308433
0.7596577929323739	0.09611254930685499
0.7952707287670506	0.14482186863182217
0.8325532074018732	0.0803268514450952
0.8715834973956161	0.03862225894876038
0.9124435365554808	0.01766739762433954
0.955219103952324	0.019428484114600835
1.0	0.02301893991938197
