-1.0	0.022622358539598177
-0.955219103952324	0.030903717120236037
-0.9124435365554808	0.027803637022364595
-0.8715834973956161	0.028076418225467973
-0.8325532074018732	0.02863175993189854
-0.7952707287670506	0.04250613122655603
-0.7596577929323739	0.025902648646872382
-0.7256396362752623	0.02685675066469354
-0.6931448431551465	0.018051563946986173
-0.6621051959878331	0.197447848972611
-0.6324555320336759	0.34731639574035866
-0.6041336065988983	0.4757123116037085
-0.5770799623628854	0.7182437574685794
-0.5512378045571164	0.47640701668577473
-0.526552881733695	0.2795023555165999
-0.5029733718731741	0.14159659326824037
-0.48044977359257246	0.06071296331813616
-0.458934802225194	0.0723606023541392
-0.438383290554087	0.16661664985263447
-0.41875209399074625	0.14328452951796203
-0.4	0.10527316407834714
-0.38208764158092967	0.37700165102792027
-0.3649774146221923	1.5297145574725577
-0.34863339895824647	3.127947940082354
-0.3330212829607492	3.2404229200842662
-0.31810829150682024	2.3794067318224434
-0.3038631171729496	1.9953471129724525
-0.2902558545101049	1.9806910420579336
-0.2772579372620586	0.11110908849299399
-0.2648420783951332	1.4774872977294247
-0.25298221281347033	2.9130054562151475
-0.24165344263955935	0.7520018898624686
-0.23083198494515414	0.5043987468345377
-0.22049512182284653	1.1273287642747585
-0.21062115269347795	3.5231646260515745
-0.20118934874926966	11.693009913904316
-0.19217990943702903	42.901506689936234
-0.1835739208900776	55.261197366383534
-0.17535331622163478	28.50300483537151
-0.16750083759629847	17.439309237231985
-0.16000000000000003	15.310702354657899
-0.15283505663237187	13.08467904404238
-0.1459909658488769	7.719602473210406
-0.13945335958329858	3.7560454227493802
-0.1332085131842997	2.0812176249278744
-0.1272433166027281	3.2560911285294436
-0.12154524686917983	2.57551245192032
-0.11610234180404196	1.0347624148083359
-0.11090317490482343	0.3251985090967276
-0.10593683135805329	0.7418221059622843
-0.10119288512538814	0.9508306725213902
-0.09666137705582374	0.7682631418748155
-0.09233279397806166	0.8477588574774872
-0.08819804872913861	1.2261509413380773
-0.08424846107739119	4.547485276178596
-0.08047573949970786	7.688529591129899
-0.0768719637748116	5.393340379410744
-0.07342956835603104	5.751105197043022
-0.07014132648865391	5.9889991874481
-0.06700033503851939	6.105589110404168
-0.064	6.974591105455689
-0.06113402265294875	4.916961842093299
-0.05839638633955079	1.7470171623502917
-0.05578134383331941	0.7606602158818202
-0.05328340527371987	1.4935275803049275
-0.05089732664109124	8.49067100310304
-0.04861809874767194	2.863804573680803
-0.0464409367216168	1.8128297591634588
-0.04436126996192936	0.6661469533262884
-0.04237473254322131	0.8458553920907559
-0.040477154050155256	0.8485047070056987
-0.038664550822329495	0.5450591161304694
-0.03693311759122468	1.0006529051989521
-0.03527921949165543	3.4218497387144433
-0.03369938443095647	1.949078507599912
-0.03219029579988315	1.7989278729679619
-0.030748785509924645	3.7590110395495895
-0.029371827342412428	6.5316403767159175
-0.028056530595461555	6.823772640126375
-0.026800134015407755	5.031909640098892
-0.0256	3.738694868227353
-0.0244536090611795	6.069706834322811
-0.02335855453582032	14.136369480849037
-0.022312537533327764	14.974749419041538
-0.02131336210948795	7.191078124066887
-0.020358930656436496	3.2566678444951296
-0.019447239499068774	2.864100974783517
-0.018576374688646723	3.1568669793581496
-0.017744507984771743	0.03601512539431949
-0.016949893017288525	0.008776307417611281
-0.016190861620062103	0.0013807344973261622
-0.015465820328931797	0.12312560355798445
-0.014773247036489872	1.282823633183341
-0.014111687796662173	0.9474073811985947
-0.013479753772382589	0.0892350726437933
-0.012876118319953259	0.34940121502397375
-0.012299514203969858	1.6562789616861586
-0.011748730936964972	1.9437484680716948
-0.011222612238184621	2.9211243185858318
-0.010720053606163103	7.089491121544803
-0.01024	20.038077360429632
-0.0097814436244718	40.67171216695426
-0.009343421814328127	39.31606409767839
-0.008925015013331105	23.72594241556059
-0.00852534484379518	15.149693162950653
-0.0081435722625746	10.890545892924377
-0.00777889579962751	7.060169813179686
-0.007430549875458688	4.182138150203838
-0.007097803193908697	0.025947487542547724
-0.00677995720691541	0.004137405852837191
-0.006476344648024841	0.002824194209821926
-0.006186328131572719	0.14287705575052678
-0.005909298814595948	0.4385971180367778
-0.005644675118664869	0.11103223890551167
-0.005391901508953035	0.08750757893313255
-0.005150447327981303	0.6456454020077118
-0.004919805681587943	1.3456891243133893
-0.004699492374785988	3.0321401696172345
-0.004489044895273848	8.412998741913283
-0.004288021442465241	27.920757029331092
-0.004096	58.0323660523868
-0.00391257744978872	50.46070800803634
-0.0037373687257312507	27.798783630226023
-0.003570006005332442	17.749468289441857
-0.003410137937518072	12.207298629308253
-0.0032574289050298394	7.691334301477769
-0.0031115583198510037	4.342863003746503
-0.002972219950183475	2.2210150964988356
-0.0028391212775634787	0.0020689763902372506
-0.002711982882766164	0.00018874143645245163
-0.0025905378592099362	0.0016587497799505344
-0.0024745312526290877	0.04973894803326328
-0.0023637195258383796	0.0785589083297277
-0.0022578700474659478	0.017563330600574693
-0.0021567606035812143	0.1055071307069592
-0.0020601789311925213	0.5465836258379988
-0.0019679222726351774	1.8087643290626856
-0.0018797969499143954	5.510451085164022
-0.0017956179581095394	19.77813264075398
-0.0017152085769860962	57.64851164287175
-0.0016384	66.11599949503783
-0.0015650309799154867	37.56851771323832
-0.0014949474902925003	22.430587399942368
-0.001428002402132977	15.630109753966414
-0.00136405517500723	10.061742258843204
-0.001302971562011936	5.778284684099308
-0.0012446233279404006	2.9929837535468296
-0.00118888798007339	1.4211107699552963
-0.0011356485110253914	0.00016980486325327647
-0.0010847931531064664	1.2618550473331159e-5
-0.0010362151436839745	0.00048695257774825773
-0.0009898125010516343	0.010561896726489533
-0.0009454878103353518	0.012548207381294571
-0.0009031480189863791	0.012950001516835575
-0.0008627042414324864	0.1137296465278211
-0.0008240715724770085	0.6254348560194659
-0.0007871689090540703	2.37828214674755
-0.0007519187799657582	7.713568675480934
-0.0007182471832438158	30.672378931974862
-0.0006860834307944391	70.94517551551449
-0.00065536	60.6408912704916
-0.0006260123919661946	32.18310964200087
-0.0005979789961170002	21.06546404843817
-0.0005712009608531907	14.547045689143127
-0.0005456220700028919	8.979803537773359
-0.0005211886248047743	4.939890177280237
-0.0004978493311761602	2.460134825518519
-0.0004755551920293561	1.126679020832806
-0.0004542594044101566	1.940527524029158e-5
-0.0004339172612425866	1.4058199748565532e-6
-0.00041448605747358984	9.927438077183408e-5
-0.0003959250004206537	0.0018759976394926317
-0.0003781951241341407	0.0027543697164017123
-0.00036125920759455163	0.014423005429673374
-0.00034508169657299456	0.12621758935130362
-0.0003296286289908034	0.7043702195821532
-0.0003148675636216281	2.693604912611711
-0.00030076751198630325	9.063983153695359
-0.0002872988732975263	36.627969897061284
-0.00027443337231777566	75.0230421378899
-0.000262144	57.15917433261662
-0.00025040495678647787	30.41880046478294
-0.00023919159844680004	20.568452810447187
-0.00022848038434127632	14.049093265791267
-0.00021824882800115678	8.514126458576307
-0.00020847544992190972	4.599769028541982
-0.0001991397324704641	2.252401808523225
-0.00019022207681174241	1.0152691371507259
-0.00018170376176406263	2.4242773436014835e-6
-0.00017356690449703464	1.8944664988912798e-7
-0.00016579442298943594	1.82613572654186e-5
-0.00015837000016826147	0.0003472196654148705
-0.0001512780496536563	0.0013620243083320549
-0.00014450368303782065	0.015497932009469027
-0.00013803267862919782	0.13413076866215787
-0.00013185145159632137	0.7456435472447973
-0.00012594702544865125	2.8376397474988937
-0.0001203070047945213	9.719272016282785
-0.00011491954931901053	39.282833668971556
-0.00010977334892711025	76.33390342059802
-0.0001048576	55.63917738188291
-0.00010016198271459114	29.795589580176213
-9.567663937872002e-5	20.375450856717254
-9.139215373651052e-5	13.842814946615235
-8.72995312004627e-5	8.325704251910093
-8.339017996876389e-5	4.46492568088961
-7.965589298818563e-5	2.1711691150886208
-7.608883072469697e-5	0.9721821009321104
-7.268150470562505e-5	3.0497808230766296e-7
-6.942676179881386e-5	3.428947280100145e-8
-6.631776919577437e-5	3.8099142132382453e-6
-6.334800006730459e-5	9.3914522894522e-5
-6.0511219861462516e-5	0.0011733510120826981
-5.780147321512826e-5	0.016004620913030784
-5.521307145167913e-5	0.13784112283241606
-5.274058063852855e-5	0.7636526453814854
-5.03788101794605e-5	2.8978832200065807
-4.812280191780852e-5	10.00139943933171
-4.596781972760421e-5	40.38171749761611
-4.39093395708441e-5	76.78962667304164
-4.194304e-5	55.008957796115375
-4.006479308583646e-5	29.55438006315102
-3.8270655751488006e-5	20.294737427850844
-3.655686149460421e-5	13.756422095291057
-3.491981248018508e-5	8.248385990100877
-3.335607198750556e-5	4.410326179614985
-3.1862357195274255e-5	2.138558078546081
-3.043553228987879e-5	0.9549980690843956
-2.9072601882250022e-5	2.8678891713508467e-8
-2.7770704719525543e-5	1.355502655342124e-8
-2.652710767830975e-5	1.4978273303258001e-6
-2.5339200026921837e-5	5.48195713175897e-5
-2.4204487944585006e-5	0.0011559041225853422
-2.3120589286051304e-5	0.01621945586068128
-2.2085228580671653e-5	0.1394150633901717
-2.109623225541142e-5	0.7710741566713677
-2.01515240717842e-5	2.9223161485168694
-1.9249120767123408e-5	10.11730156364426
-1.8387127891041685e-5	40.82541736988601
-1.756373582833764e-5	76.95744054413494
-1.6777216e-5	54.75161570225695
-1.6025917234334584e-5	29.45811575110058
-1.5308262300595205e-5	20.26115022729466
-1.4622744597841684e-5	13.720767666512138
-1.3967924992074034e-5	8.216867524313942
-1.3342428795002223e-5	4.38823316282593
-1.2744942878109702e-5	2.125424193396908
-1.2174212915951514e-5	0.948101413591376
-1.1629040752900008e-5	4.1869224644062727e-10
-1.1108281887810218e-5	1.132252101570814e-8
-1.0610843071323899e-5	1.1709190469918291e-6
-1.0135680010768735e-5	4.947245279062097e-5
-9.681795177834002e-6	0.0011581101879117406
-9.248235714420522e-6	0.016306708035542152
-8.834091432268661e-6	0.14005376371718167
-8.438492902164567e-6	0.774045945771371
-8.06060962871368e-6	2.9320222345480644
-7.699648306849364e-6	10.163742541963543
-7.354851156416673e-6	41.0018291787893
-7.025494331335056e-6	77.01892839633611
-6.7108864e-6	54.64549391110887
-6.4103668937338335e-6	29.418370689916678
-6.123304920238081e-6	20.24662967452729
-5.849097839136674e-6	13.7057352676191
-5.587169996829613e-6	8.203808000646127
-5.336971518000889e-6	4.379163803249032
-5.09797715124388e-6	2.1200631797812157
-4.869685166380606e-6	0.9452973777944316
-4.651616301160004e-6	1.7159416123203815e-9
-4.443312755124087e-6	1.1367003005602712e-8
-4.24433722852956e-6	1.1387217356506138e-6
-4.054272004307494e-6	4.9001114272932656e-5
-3.872718071133601e-6	0.00116041203988207
-3.6992942857682087e-6	0.016341146090107568
-3.533636572907464e-6	0.140304878333515
-3.375397160865827e-6	0.7752025484267953
-3.2242438514854718e-6	2.9357695327458155
-3.0798593227397456e-6	10.181902674934591
-2.9419404625666695e-6	41.07047716454083
-2.8101977325340225e-6	77.03926526929679
-2.68435456e-6	54.600115467101354
-2.5641467574935333e-6	29.400972446875862
-2.4493219680952324e-6	20.239752719636602
-2.3396391356546694e-6	13.69899049955678
-2.2348679987318455e-6	8.19814581602961
-2.1347886072003556e-6	4.37530259996455
-2.0391908604975524e-6	2.1178061106823693
-1.9478740665522424e-6	0.9441257531061699
-1.8606465204640015e-6	4.210217314685005e-9
-1.7773251020496348e-6	1.153211349562666e-8
-1.697734891411824e-6	1.1417874562633898e-6
-1.6217088017229976e-6	4.907933064378805e-5
-1.5490872284534404e-6	0.0011615123697984828
-1.4797177143072835e-6	0.016354168448805138
-1.4134546291629856e-6	0.1403987440641724
-1.3501588643463309e-6	0.7756272594656706
-1.2896975405941886e-6	2.937121756730855
-1.2319437290958982e-6	10.188668206206755
-1.1767761850266678e-6	41.095875935870055
-1.1240790930136089e-6	77.04334279094263
-1.073741824e-6	54.579056355313114
-1.0256587029974134e-6	29.392462736633973
-9.797287872380915e-7	20.23593049032406
-9.358556542618692e-7	13.695563148539797
-8.939471994927382e-7	8.195442373349293
-8.539154428801423e-7	4.3735231276976405
-8.156763441990209e-7	2.1167891266129115
-7.791496266208957e-7	0.9436060478986028
-7.442586081856018e-7	5.519533395732122e-9
-7.109300408198538e-7	1.1621043225489732e-8
-6.790939565647296e-7	1.1455394043881233e-6
-6.48683520689199e-7	4.915152507491202e-5
-6.196348913813751e-7	0.001161933526211081
-5.918870857229143e-7	0.016358577036195626
-5.653818516651943e-7	0.1404293452357129
-5.400635457385323e-7	0.775758230275258
-5.158790162376754e-7	2.9375138892444244
-4.927774916383585e-7	10.19086198077096
-4.707104740106679e-7	41.10394881790463
-4.496316372054436e-7	77.04094071703966
-4.294967296e-7	54.567721815162486
-4.1026348119896534e-7	29.387497237559792
-3.9189151489523657e-7	20.233327688540715
-3.743422617047477e-7	13.693461726952643
-3.575788797970953e-7	8.193921516713644
-3.415661771520569e-7	4.372575616667664
-3.262705376796084e-7	2.1162676947086263
-3.1165985064835826e-7	0.9433468315841067
-2.977034432742407e-7	6.0920400649846154e-9
-2.8437201632794157e-7	1.1659769326672837e-8
-2.7163758262589184e-7	1.1474010179803758e-6
-2.594734082756796e-7	4.9184982626727824e-5
-2.478539565525501e-7	0.0011620511442609835
-2.3675483428916573e-7	0.01635953218652399
-2.261527406660777e-7	0.14043457902758089
-2.1602541829541292e-7	0.7757715292699052
-2.0635160649507018e-7	2.93752158079888
-1.971109966553434e-7	10.191224573034466
-1.8828418960426715e-7	41.10508596151553
-1.7985265488217743e-7	77.03594764078252
-1.7179869184e-7	54.56027411605105
-1.6410539247958613e-7	29.383946447500268
-1.5675660595809464e-7	20.23121151079535
-1.497369046818991e-7	13.691889986364334
-1.430315519188381e-7	8.192873222140129
-1.3662647086082276e-7	4.371960592276425
-1.3050821507184335e-7	2.11594431599393
-1.246639402593433e-7	0.9431917244961799
-1.1908137730969629e-7	6.328313324516978e-9
-1.1374880653117662e-7	1.1675284914749724e-8
-1.0865503305035673e-7	1.1481577659852305e-6
-1.0378936331027184e-7	4.9197100143362465e-5
-9.914158262102003e-8	0.0011620422201955502
-9.47019337156663e-8	0.01635910460349422
-9.046109626643109e-8	0.14042965513151398
-8.641016731816518e-8	0.775737725947023
-8.254064259802807e-8	2.9373754085818997
-7.884439866213736e-8	10.190854219734858
-7.531367584170686e-8	41.103447569564175
-7.194106195287098e-8	77.02991727684386
-6.8719476736e-8	54.554379825654934
-6.564215699183446e-8	29.38096066718167
-6.270264238323785e-8	20.229289549744404
-5.989476187275963e-8	13.690529833182977
-5.721262076753524e-8	8.192013767589701
-5.46505883443291e-8	4.371478454077536
-5.220328602873734e-8	2.115700101129811
-4.9865576103737325e-8	0.9430782331374737
-4.763255092387851e-8	6.423600565743739e-9
-4.549952261247065e-8	1.1681023391450372e-8
-4.346201322014269e-8	1.1484162566806985e-6
-4.1515745324108734e-8	4.919973827280477e-5
-3.965663304840801e-8	0.0011619818527332298
-3.788077348626652e-8	0.0163581237098231
-3.618443850657244e-8	0.14042066640274808
-3.456406692726607e-8	0.7756850758838343
-3.301625703921123e-8	2.9371676745164423
-3.1537759464854944e-8	10.190190605398744
-3.012547033668274e-8	41.10069870766192
-2.877642478114839e-8	77.02347163382142
-2.74877906944e-8	54.54910648355855
-2.6256862796733782e-8	29.378200665176887
-2.508105695329514e-8	20.2274451566156
-2.3957904749103853e-8	13.689254233921544
-2.2885048307014098e-8	8.191229796557366
-2.186023533773164e-8	4.37104943987231
-2.0881314411494936e-8	2.11548753584835
-1.994623044149493e-8	0.942981380397578
-1.9053020369551404e-8	6.4615071274584816e-9
-1.819980904498826e-8	1.1682774942401065e-8
-1.7384805288057076e-8	1.1484662783408899e-6
-1.6606298129643494e-8	4.9198431197370337e-5
-1.5862653219363203e-8	0.001161900776025706
-1.5152309394506606e-8	0.016356921492184973
-1.4473775402628974e-8	0.1404100517501082
-1.3825626770906428e-8	0.7756248877395915
-1.3206502815684493e-8	2.936935318763645
-1.2615103785941977e-8	10.189409693263833
-1.2050188134673098e-8	41.09750568684727
-1.1510569912459357e-8	77.01685991581427
-1.099511627776e-8	54.544081508733996
-1.0502745118693512e-8	29.375530976662354
-1.0032422781318056e-8	20.22563180158596
-9.58316189964154e-9	13.688012463060897
-9.154019322805639e-9	8.190476021919388
-8.744094135092657e-9	4.370641676219688
-8.352525764597973e-9	2.115287630557114
-7.978492176597972e-9	0.9428911830361143
-7.621208147820563e-9	6.476323779249224e-9
-7.279923617995304e-9	1.1682920646734923e-8
-6.95392211522283e-9	1.1484313917233587e-6
-6.642519251857398e-9	4.91955206784128e-5
-6.345061287745282e-9	0.0011618113971625281
-6.060923757802643e-9	0.01635563079386553
-5.78951016105159e-9	0.14039878715020718
-5.530250708362571e-9	0.7755616867920917
-5.282601126273797e-9	2.936693123670404
-5.046041514376791e-9	10.188581893647735
-4.820075253869239e-9	41.09413512757537
-4.6042279649837425e-9	77.01018199445885
-4.398046511104e-9	54.53915603543186
-4.201098047477405e-9	29.372897501402626
-4.012969112527222e-9	20.223830925003544
-3.833264759856617e-9	13.686784266385368
-3.6616077291222557e-9	8.189734351325226
-3.497637654037063e-9	4.370242426303268
-3.3410103058391895e-9	2.115092795762532
-3.191396870639189e-9	0.9428036507043642
-3.0484832591282247e-9	6.481890403487296e-9
-2.9119694471981214e-9	1.1682422696372377e-8
-2.7815688460891322e-9	1.1483622800687656e-6
-2.657007700742959e-9	4.9191964515970534e-5
-2.5380245150981126e-9	0.0011617186979741392
-2.4243695031210573e-9	0.016354304765385134
-2.3158040644206357e-9	0.14038726311117228
-2.2121002833450285e-9	0.7754972837528706
-2.113040450509519e-9	2.936447004437305
-2.0184166057507163e-9	10.187735378907638
-1.9280301015476955e-9	41.090693713336016
-1.841691185993497e-9	77.00347789877061
-1.7592186044416e-9	54.534270584645654
-1.6804392189909622e-9	29.37027863258527
-1.605187645010889e-9	20.222035123887668
-1.5333059039426467e-9	13.685561556675648
-1.4646430916489022e-9	8.188997556845308
-1.3990550616148251e-9	4.369846600397896
-1.3364041223356758e-9	2.114899998178455
-1.2765587482556754e-9	0.9427171884224943
-1.2193933036512899e-9	6.4837579458050165e-9
-1.1647877788792485e-9	1.1681667277904823e-8
-1.1126275384356529e-9	1.148279431523343e-6
-1.0628030802971836e-9	4.9188149432194135e-5
-1.015209806039245e-9	0.0011616246745556468
-9.697478012484228e-10	0.016352964671189896
-9.263216257682543e-10	0.14037563587522786
-8.848401133380114e-10	0.7754324031246823
-8.452161802038075e-10	2.936199328002189
-8.073666423002865e-10	10.186881420978068
-7.712120406190783e-10	41.08722413110001
-7.366764743973988e-10	76.99676367302989
-7.0368744177664e-10	54.52940139163111
-6.721756875963849e-10	29.367665740565734
-6.420750580043556e-10	20.220241445352492
-6.133223615770587e-10	13.68434110481632
-5.858572366595609e-10	8.188262750898993
-5.5962202464593e-10	4.369452164602809
-5.345616489342703e-10	2.1147080254872064
-5.106234993022702e-10	0.9426311586578064
-4.877573214605159e-10	6.484147292839139e-9
-4.659151115516994e-10	1.16808089762774e-8
-4.450510153742612e-10	1.1481910811694208e-6
-4.2512123211887347e-10	4.918423078453051e-5
-4.06083922415698e-10	0.0011615301260183282
-3.878991204993691e-10	0.016351619018638033
-3.7052865030730173e-10	0.1403639679539285
-3.5393604533520453e-10	0.7753673347938679
-3.38086472081523e-10	2.9359510414795666
-3.229466569201146e-10	10.186024529785715
-3.084848162476313e-10	41.08374346098026
-2.9467058975895954e-10	76.9900457480482
-2.81474976710656e-10	54.52453896117885
-2.688702750385539e-10	29.36505537864728
-2.568300232017422e-10	20.218448711526374
-2.453289446308235e-10	13.683121621439751
-2.3434289466382435e-10	8.187528779868323
-2.23848809858372e-10	4.369058306139241
-2.1382465957370812e-10	2.114516393152412
-2.0424939972090808e-10	0.942545306576819
-1.951029285842064e-10	6.483946115591674e-9
-1.8636604462067977e-10	1.1679909602325577e-8
-1.7802040614970448e-10	1.1481005313615702e-6
-1.700484928475494e-10	4.918027085574093e-5
-1.624335689662792e-10	0.001161435372155883
-1.5515964819974767e-10	0.01635027121117088
-1.4821146012292068e-10	0.14035228435676375
-1.4157441813408183e-10	0.7753021947447801
-1.352345888326092e-10	2.9357025238380032
-1.2917866276804584e-10	10.185166509716781
-1.2339392649905252e-10	41.08025853702105
-1.178682359035838e-10	76.98332670132032
-1.125899906842624e-10	54.51967949948966
-1.0754811001542157e-10	29.362446170215858
-1.027320092806969e-10	20.21665645257952
-9.813157785232939e-11	13.681902591722132
-9.373715786552974e-11	8.186795182883456
-8.953952394334881e-11	4.368664700216779
-8.552986382948326e-11	2.114324907520954
-8.169975988836323e-11	0.9424595303207158
-7.804117143368256e-11	6.483509081305605e-9
-7.45464178482719e-11	1.1678993861457102e-8
-7.120816245988178e-11	1.1480091052545984e-6
-6.801939713901976e-11	4.9176294596241314e-5
-6.497342758651168e-11	0.0011613405409323162
-6.206385927989906e-11	0.016348922610399344
-5.928458404916827e-11	0.14034059508972033
-5.662976725363273e-11	0.7752370293842386
-5.409383553304368e-11	2.9354539267175896
-5.167146510721834e-11	10.184308082705796
-4.935757059962101e-11	41.0767720936853
-4.714729436143352e-11	76.97660756590268
-4.503599627370496e-11	54.51482149069595
-4.301924400616863e-11	29.35983756542319
-4.1092803712278756e-11	20.21486448109123
-3.925263114093175e-11	13.68068381008921
-3.7494863146211896e-11	8.186061775816874
-3.581580957733952e-11	4.368271217040943
-3.42119455317933e-11	2.1141334911923773
-3.2679903955345294e-11	0.9423737891739035
-3.121646857347302e-11	6.482977875901469e-9
-2.9818567139308763e-11	1.1678071626665084e-8
-2.8483264983952715e-11	1.1479173327863223e-6
-2.7207758855607903e-11	4.9172311997664855e-5
-2.5989371034604672e-11	0.0011612456835504057
-2.4825543711959625e-11	0.01634757376107934
-2.371383361966731e-11	0.14032890415619179
-2.265190690145309e-11	0.775171857280679
-2.163753421321747e-11	2.9352053107965066
-2.0668586042887337e-11	10.183449537597875
-1.9743028239848403e-11	41.07328522507858
-1.8858917744573408e-11	76.9698887558093
-1.8014398509481985e-11	54.50996432909025
-1.720769760246745e-11	29.357229344632174
-1.6437121484911504e-11	20.21307272228162
-1.5701052456372703e-11	13.679465194439983
-1.4997945258484758e-11	8.18532848509628
-1.4326323830935808e-11	4.36787780473691
-1.368477821271732e-11	2.1139421132277256
-1.3071961582138117e-11	0.9422880668597878
-1.2486587429389208e-11	6.482409082308862e-9
-1.1927426855723505e-11	1.1677146842339365e-8
-1.1393305993581086e-11	1.1478254261998468e-6
-1.0883103542243161e-11	4.9168327061156906e-5
-1.039574841384187e-11	0.0011611508204961696
-9.93021748478385e-12	0.01634622488113395
-9.485533447866924e-12	0.1403172131577533
-9.060762760581236e-12	0.7751066858629161
-8.65501368528699e-12	2.9349567003523074
-8.267434417154934e-12	10.18259098995672
-7.897211295939361e-12	41.0697983689752
-7.543567097829363e-12	76.96317043694599
-7.205759403792793e-12	54.50510777261776
-6.88307904098698e-12	29.35462142009984
-6.5748485939646015e-12	20.211281146313496
-6.28042098254908e-12	13.678246711987171
-5.9991781033939035e-12	8.184595281326358
-5.7305295323743236e-12	4.367484442573553
-5.473911285086928e-12	2.113750761260929
-5.228784632855247e-12	0.9422023568721605
-4.9946349717556835e-12	6.481825306183636e-9
-4.770970742289403e-12	1.1676221084781525e-8
-4.557322397432434e-12	1.147733470481018e-6
-4.3532414168972644e-12	4.9164341388612494e-5
-4.1582993655367474e-12	0.0011610559599637485
-3.97208699391354e-12	0.016344876057715434
-3.794213379146769e-12	0.14030552273493394
-3.6243051042324945e-12	0.775041518102145
-3.4620054741147955e-12	2.934708105095382
-3.3069737668619735e-12	10.181732485997557
-3.1588845183757443e-12	41.066311700450136
-3.0174268391317456e-12	76.95645267575716
-2.8823037615171173e-12	54.50025172459224
-2.753231616394792e-12	29.35201375678654
-2.6299394375858407e-12	20.209489741281896
-2.512168393019632e-12	13.677028349637935
-2.399671241357561e-12	8.183862152763759
-2.2922118129497296e-12	4.367091122267197
-2.1895645140347714e-12	2.1135594303502176
-2.091513853142099e-12	0.9421166566107779
-1.9978539887022734e-12	6.481235582305504e-9
-1.908388296915761e-12	1.167529498411515e-8
-1.8229289589729738e-12	1.147641499636229e-6
-1.7412965667589057e-12	4.9160355621019554e-5
-1.663319746214699e-12	0.0011609611052322212
-1.588834797565416e-12	0.016343527325701077
-1.5176853516587079e-12	0.1402938331440671
-1.4497220416929979e-12	0.7749763551874366
-1.3848021896459183e-12	2.9344595289119604
-1.3227895067447895e-12	10.180874044221223
-1.2635538073502978e-12	41.062825289598976
-1.2069707356526982e-12	76.94973549885319
-1.152921504606847e-12	54.49539614630972
-1.1012926465579169e-12	29.34940634066765
-1.0519757750343362e-12	20.207698502425185
-1.004867357207853e-12	13.67581010215496
-9.598684965430246e-13	8.18312909471049
-9.168847251798917e-13	4.366697840503654
-8.758258056139085e-13	2.1133681185183772
-8.366055412568395e-13	0.9420309650352595
-7.991415954809093e-13	6.4806435152314035e-9
-7.633553187663044e-13	1.1674368791854788e-8
-7.291715835891894e-13	1.1475495272781154e-6
-6.965186267035623e-13	4.915637001492492e-5
-6.653278984858797e-13	0.001160866257612734
-6.355339190261664e-13	0.01634217869903315
-6.070741406634831e-13	0.1402821444876219
-5.798888166771992e-13	0.7749111975940798
-5.539208758583673e-13	2.9342109733552926
-5.291158026979158e-13	10.18001567202005
-5.054215229401191e-13	41.05933916442545
-4.827882942610793e-13	76.94301891685797
-4.611686018427388e-13	54.49054102229891
-4.405170586231682e-13	29.346799166134936
-4.207903100137345e-13	20.20590742783534
-4.0194694288314114e-13	13.674591967440993
-3.839473986172086e-13	8.182396105285813
-3.667538900719567e-13	4.366304595956774
-3.5033032224556456e-13	2.1131768249744614
-3.346422165027358e-13	0.9419452817293938
-3.1965663819236375e-13	6.480050547045316e-9
-3.0534212750652074e-13	1.1673442608728374e-8
-2.916686334356758e-13	1.1474575588982043e-6
-2.7860745068142583e-13	4.9152384673726113e-5
-2.6613115939435187e-13	0.0011607714176309336
-2.5421356761046654e-13	0.016340830183294318
-2.4282965626539245e-13	0.14027045680663566
-2.3195552667087964e-13	0.7748460455122992
-2.2156835034334765e-13	2.93396243904663
-2.116463210791663e-13	10.179157372354405
-2.0216860917604765e-13	41.055853336144935
-1.9311531770443107e-13	76.93630293400338
-1.8446744073709553e-13	54.48568634633311
-1.7620682344926728e-13	29.344192230925046
-1.683161240054938e-13	20.204116516739507
-1.6077877715325645e-13	13.673373944650054
-1.5357895944688342e-13	8.18166318373345
-1.467015560287827e-13	4.365911388093243
-1.4013212889822583e-13	2.112985549400308
-1.3385688660109433e-13	0.9418596065259727
-1.278626552769455e-13	6.479457252790938e-9
-1.221368510026083e-13	1.1672516474844085e-8
-1.1666745337427032e-13	1.1473655966648278e-6
-1.1144298027257033e-13	4.914839963831041e-5
-1.0645246375774074e-13	0.0011606765854956227
-1.0168542704418663e-13	0.016339481780703574
-9.713186250615699e-14	0.14025877011736707
-9.278221066835187e-14	0.7747808990176096
-8.862734013733905e-14	2.933713926232954
-8.465852843166653e-14	10.178299146395425
-8.086744367041906e-14	41.05236780918704
-7.724612708177243e-14	76.92958755194209
-7.378697629483821e-14	54.48083211593194
-7.048272937970691e-14	29.34158553413286
-6.732644960219751e-14	20.202325768821748
-6.431151086130258e-14	13.672156033439183
-6.143158377875337e-14	8.18093032974789
-5.868062241151308e-14	4.365518216698605
-5.605285155929033e-14	2.1127942916683797
-5.354275464043773e-14	0.9417739393579301
-5.11450621107782e-14	6.47886385939883e-9
-4.885474040104332e-14	1.1671590406113277e-8
-4.666698134970813e-14	1.147273641462381e-6
-4.457719210902813e-14	4.914441492530802e-5
-4.2580985503096294e-14	0.001160581761290927
-4.067417081767465e-14	0.01633813349215246
-3.8852745002462796e-14	0.14024708442637426
-3.711288426734074e-14	0.7747157581402646
-3.545093605493562e-14	2.9334654350126246
-3.386341137266661e-14	10.177440994617314
-3.2346977468167627e-14	41.04888258534953
-3.089845083270897e-14	76.922872771313
-2.951479051793528e-14	54.4759783300461
-2.8193091751882763e-14	29.33897907537206
-2.6930579840879007e-14	20.200535183944865
-2.5724604344521032e-14	13.670938233663477
-2.4572633511501348e-14	8.180197543201928
-2.347224896460523e-14	4.365125081684102
-2.2421140623716132e-14	2.1126030517260683
-2.141710185617509e-14	0.9416882801976963
-2.045802484431128e-14	6.478270460380976e-9
-1.9541896160417327e-14	1.1670664408920934e-8
-1.866679253988325e-14	1.1471816935953729e-6
-1.7830876843611252e-14	4.914043054045562e-5
-1.7032394201238517e-14	0.001160486945046366
-1.626966832706986e-14	0.016336785317954107
-1.5541098000985117e-14	0.14023539973594873
-1.48451537069363e-14	0.7746506228908147
-1.4180374421974249e-14	2.933216965420131
-1.3545364549066645e-14	10.176582917193025
-1.293879098726705e-14	41.045397665297806
-1.235938033308359e-14	76.91615859232431
-1.1805916207174113e-14	54.47112498825152
-1.1277236700753106e-14	29.336372854485628
-1.0772231936351603e-14	20.198744762052847
-1.0289841737808413e-14	13.669720545267065
-9.82905340460054e-15	8.179464824047713
-9.388899585842092e-15	4.364731983016728
-8.968456249486452e-15	2.112411829553947
-8.566840742470036e-15	0.9416026290351459
-8.183209937724512e-15	6.477677095708157e-9
-7.816758464166932e-15	1.1669738486174148e-8
-7.466717015953301e-15	1.1470897532643884e-6
-7.1323507374445e-15	4.913644648746857e-5
-6.8129576804954076e-15	0.0011603921367784838
-6.507867330827944e-15	0.016335437258277553
-6.216439200394047e-15	0.1402237160473147
-5.938061482774519e-15	0.7745854932748516
-5.672149768789699e-15	2.9329685174730358
-5.418145819626658e-15	10.1757249141964
-5.17551639490682e-15	41.04191304928967
-4.9437521332334355e-15	76.90944501504632
-4.722366482869645e-15	54.46627209037217
-4.5108946803012425e-15	29.333766871397653
-4.308892774540641e-15	20.19695450310555
-4.1159366951233654e-15	13.66850296821107
-3.9316213618402156e-15	8.178732172253717
-3.755559834336837e-15	4.364338920675447
-3.587382499794581e-15	2.112220625139879
-3.4267362969880147e-15	0.9415169858640314
-3.273283975089805e-15	6.477083774214132e-9
-3.1267033856667727e-15	1.1668812638505335e-8
-2.98668680638132e-15	1.1469978205066118e-6
-2.8529402949778004e-15	4.913246276704584e-5
-2.725183072198163e-15	0.0011602973364909215
-2.6031469323311777e-15	0.01633408931315999
-2.486575680157619e-15	0.14021203336073162
-2.3752245931098076e-15	0.7745203692934833
-2.2688599075158797e-15	2.932720091174946
-2.1672583278506632e-15	10.17486698565697
-2.070206557962728e-15	41.0384287374489
-1.977500853293374e-15	76.902732039461
-1.8889465931478582e-15	54.46141963625763
-1.8043578721204968e-15	29.331161126050034
-1.7235571098162564e-15	20.195164407080384
-1.646374678049346e-15	13.66728550247818
-1.5726485447360863e-15	8.17799958780744
-1.5022239337347346e-15	4.3639458946524154
-1.4349529999178325e-15	2.112029438479541
-1.3706945187952058e-15	0.9414313506822014
-1.3093135900359219e-15	6.476490503174537e-9
-1.250681354266709e-15	1.166788686632992e-8
-1.194674722552528e-15	1.1469058953105245e-6
-1.1411761179911202e-15	4.9128479379016044e-5
-1.0900732288792651e-15	0.0011602025441843687
-1.041258772932471e-15	0.016332741482610907
-9.946302720630475e-16	0.1402003516762549
-9.50089837243923e-16	0.7744552509468701
-9.075439630063519e-16	2.9324716865259615
-8.669033311402652e-16	10.174009131573438
-8.280826231850911e-16	41.03494472976334
-7.910003413173497e-16	76.89601966553124
-7.555786372591432e-16	54.45656762587299
-7.217431488481988e-16	29.328555618421277
-6.894228439265025e-16	20.193374473960212
-6.585498712197385e-16	13.66606814805519
-6.290594178944345e-16	8.177267070699973
-6.008895734938939e-16	4.3635529049424155
-5.73981199967133e-16	2.1118382695701694
-5.482778075180824e-16	0.9413457234883289
-5.237254360143688e-16	6.4758972877752134e-9
-5.002725417066836e-16	1.1666961170042965e-8
-4.778698890210112e-16	1.146813977721416e-6
-4.56470447196448e-16	4.9124496324131776e-5
-4.3602929155170605e-16	0.0011601077598592103
-4.165035091729884e-16	0.016331393766625357
-3.9785210882521903e-16	0.14018867099383286
-3.800359348975692e-16	0.7743901382346919
-3.6301758520254075e-16	2.9322233035248453
-3.467613324561061e-16	10.173151351945418
-3.3123304927403646e-16	41.03146102623285
-3.1640013652693987e-16	76.88930789320396
-3.0223145490365727e-16	54.45171605915217
-2.886972595392795e-16	29.32595034848176
-2.7576913757060103e-16	20.191584703729195
-2.634199484878954e-16	13.664850904931214
-2.516237671577738e-16	8.176534620924489
-2.4035582939755756e-16	4.363159951541619
-2.295924799868532e-16	2.1116471184098415
-2.1931112300723293e-16	0.941260104281519
-2.094901744057475e-16	6.47530412799923e-9
-2.0010901668267343e-16	1.1666035549610301e-8
-1.911479556084045e-16	1.1467220677241514e-6
-1.8258817887857923e-16	4.912051360212443e-5
-1.7441171662068243e-16	0.0011600129835147475
-1.6660140366919535e-16	0.016330046165196198
-1.591408435300876e-16	0.14017699131340003
-1.5201437395902768e-16	0.7743250311565533
-1.452070340810163e-16	2.9319749421699286
-1.3870453298244244e-16	10.172293646765135
-1.3249321970961458e-16	41.02797762682371
-1.2656005461077595e-16	76.88259672243237
-1.208925819614629e-16	54.446864936070114
-1.154789038157118e-16	29.32334531621442
-1.1030765502824041e-16	20.18979509637298
-1.0536797939515815e-16	13.663633773096034
-1.0064950686310952e-16	8.175802238474702
-9.614233175902302e-17	4.3627670344465725
-9.183699199474127e-17	2.1114559849968395
-8.772444920289317e-17	0.9411744930609881
-8.379606976229901e-17	6.474711025390497e-9
-8.004360667306938e-17	1.1665110005103351e-8
-7.645918224336179e-17	1.146630165308355e-6
-7.303527155143169e-17	4.911653121282128e-5
-6.976468664827297e-17	0.0011599182151507722
-6.664056146767815e-17	0.016328698678320656
-6.365633741203505e-17	0.1401653126349203
-6.080574958361107e-17	0.7742599297121997
-5.808281363240652e-17	2.93172660246008
-5.5481813192976974e-17	10.171436016030022
-5.299728788384584e-17	41.024494531522606
-5.0624021844310384e-17	76.87588615315954
-4.835703278458517e-17	54.44201425656992
-4.619156152628472e-17	29.32074052159171
-4.4123062011296164e-17	20.188005651874484
-4.2147191758063264e-17	13.662416752537563
-4.025980274524381e-17	8.175069923342887
-3.8456932703609207e-17	4.362374153652915
-3.673479679789651e-17	2.1112648693289393
-3.508977968115727e-17	0.9410888898257026
-3.3518427904919603e-17	6.474117976935198e-9
-3.201744266922775e-17	1.1664184536442691e-8
-3.058367289734472e-17	1.14653827052283e-6
-2.9214108620572674e-17	4.911254915702642e-5
-2.790587465930919e-17	0.0011598234547675187
-2.6656224587071258e-17	0.016327351305991826
-2.5462534964814016e-17	0.14015363495832872
-2.432229983344443e-17	0.7741948339012289
-2.3233125452962608e-17	2.9314782843936924
-2.2192725277190788e-17	10.170578459733829
-2.1198915153538333e-17	41.02101174030399
-2.0249608737724152e-17	76.86917618533907
-1.9342813113834068e-17	54.437164020618596
-1.8476624610513888e-17	29.318135964593914
-1.7649224804518467e-17	20.186216370219054
-1.6858876703225304e-17	13.661199843245418
-1.6103921098097522e-17	8.174337675522644
-1.5382773081443683e-17	4.361981309157131
-1.4693918719158603e-17	2.111073771404393
-1.4035911872462908e-17	0.941003294574852
-1.340737116196784e-17	6.473524984051534e-9
-1.28069770676911e-17	1.1663259143564729e-8
-1.2233469158937888e-17	1.1464463832990267e-6
-1.1685643448229071e-17	4.9108567433564225e-5
-1.1162349863723676e-17	0.0011597287023630285
-1.0662489834828503e-17	0.016326004048195918
-1.0185013985925606e-17	0.1401419582835088
-9.728919933377772e-18	0.7741297437230176
-9.293250181185044e-18	2.9312299879684955
-8.877090110876316e-18	10.169720977872698
-8.479566061415333e-18	41.01752925315636
-8.099843495089662e-18	76.86246681890836
-7.737125245533627e-18	54.43231422814943
-7.390649844205555e-18	29.315531645191317
-7.059689921807386e-18	20.18442725139075
-6.743550681290122e-18	13.65998304520933
-6.441568439239009e-18	8.173605495007871
-6.153109232577473e-18	4.361588500955975
-5.877567487663442e-18	2.110882691221641
-5.6143647489851634e-18	0.9409177073077524
-5.362948464787136e-18	6.472932045765945e-9
-5.12279082707644e-18	1.166233382649711e-8
-4.893387663575155e-18	1.146354503680409e-6
-4.674257379291628e-18	4.91045860431512e-5
-4.46493994548947e-18	0.001159633957937406
-4.264995933931401e-18	0.01632465690492487
-4.074005594370243e-18	0.14013028261038626
-3.891567973351109e-18	0.7740646591771345
-3.7173000724740175e-18	2.9309817131826885
-3.550836044350526e-18	10.168863570436386
-3.3918264245661336e-18	41.014047070033364
-3.2399373980358644e-18	76.85575805381865
-3.0948500982134505e-18	54.42746487914785
3.0948500982134505e-18	4.0315643568022965
3.2399373980358644e-18	9.030056261345562
3.3918264245661336e-18	16.94381104360203
3.550836044350526e-18	32.041272515916276
3.7173000724740175e-18	76.5037526266514
3.891567973351109e-18	77.59117625201642
4.074005594370243e-18	22.495119015447113
4.264995933931401e-18	6.325940311454295
4.46493994548947e-18	1.6764109506388507
4.674257379291628e-18	0.27529485253038377
4.893387663575155e-18	0.025834646048227033
5.12279082707644e-18	0.001289463809663889
5.362948464787136e-18	3.163490152539101e-5
5.6143647489851634e-18	0.0005037094912439801
5.877567487663442e-18	0.0022796228498321706
6.153109232577473e-18	0.009829065065470552
6.441568439239009e-18	0.03978568068140485
6.743550681290122e-18	0.14884326109209647
7.059689921807386e-18	0.5057082396152062
7.390649844205555e-18	1.5299905419792754
7.737125245533627e-18	4.031906473378128
8.099843495089662e-18	9.030828461046864
8.479566061415333e-18	16.94526953949361
8.877090110876316e-18	32.044014701373335
9.293250181185044e-18	76.51034382322797
9.728919933377772e-18	77.59810692736053
1.0185013985925606e-17	22.497166271283653
1.0662489834828503e-17	6.32651161400932
1.1162349863723676e-17	1.6765636207443062
1.1685643448229071e-17	0.2753201844702166
1.2233469158937888e-17	0.02583704893979952
1.28069770676911e-17	0.0012895850825708679
1.340737116196784e-17	3.163791111277917e-5
1.4035911872462908e-17	0.0005037503044454438
1.4693918719158603e-17	0.0022798086135553263
1.5382773081443683e-17	0.009829870932945382
1.6103921098097522e-17	0.039788963443217126
1.6858876703225304e-17	0.14885562380225958
1.7649224804518467e-17	0.5057505328445865
1.8476624610513888e-17	1.5301194155945503
1.9342813113834068e-17	4.032248619816833
2.0249608737724152e-17	9.031600728649236
2.1198915153538333e-17	16.946728164458946
2.2192725277190788e-17	32.04675712827816
2.3233125452962608e-17	76.51693560323596
2.432229983344443e-17	77.60503823765494
2.5462534964814016e-17	22.499213718264173
2.6656224587071258e-17	6.327082969501266
2.790587465930919e-17	1.676716305108148
2.9214108620572674e-17	0.275345518799521
3.058367289734472e-17	0.025839452060378132
3.201744266922775e-17	0.0012897063671598564
3.3518427904919603e-17	3.1640920993311484e-5
3.508977968115727e-17	0.000503791121056286
3.673479679789651e-17	0.002279994392880283
3.8456932703609207e-17	0.009830676868496946
4.025980274524381e-17	0.03979224648402697
4.2147191758063264e-17	0.14886798756974468
4.4123062011296164e-17	0.5057928297148521
4.619156152628472e-17	1.5302483003799412
4.835703278458517e-17	4.032590796121816
5.0624021844310384e-17	9.032373064159973
5.299728788384584e-17	16.948186918510732
5.5481813192976974e-17	32.049499796648675
5.808281363240652e-17	76.52352796671295
6.080574958361107e-17	77.61197018295806
6.365633741203505e-17	22.501261356407117
6.664056146767815e-17	6.327654377933758
6.976468664827297e-17	1.6768690037312115
7.303527155143169e-17	0.2753708555184158
7.645918224336179e-17	0.02584185540997186
8.004360667306938e-17	0.001289827663431107
8.379606976229901e-17	3.1643931166975864e-5
8.772444920289317e-17	0.0005038319410777805
9.183699199474127e-17	0.0022801801878125833
9.614233175902302e-17	0.00983148287214788
1.0064950686310952e-16	0.0397955298039202
1.0536797939515815e-16	0.14888035239485023
1.1030765502824041e-16	0.5058351302269487
1.154789038157118e-16	1.5303771963380612
1.208925819614629e-16	4.032933002299297
1.2656005461077595e-16	9.033145467591435
1.3249321970961458e-16	16.949645801670176
1.3870453298244244e-16	32.0522427065379
1.452070340810163e-16	76.53012091377529
1.5201437395902768e-16	77.61890276328012
1.591408435300876e-16	22.50330918570186
1.6660140366919535e-16	6.328225839307345
1.7441171662068243e-16	1.6770217166133679
1.8258817887857923e-16	0.27539619462681497
1.911479556084045e-16	0.025844258988566574
2.0010901668267343e-16	0.0012899489713835408
2.094901744057475e-16	3.164694163371101e-5
2.1931112300723293e-16	0.0005038727645095357
2.295924799868532e-16	0.0022803659983506286
2.4035582939755756e-16	0.00983228894389243
2.516237671577738e-16	0.03979881340287803
2.634199484878954e-16	0.1488927182775263
2.7576913757060103e-16	0.5058774343807622
2.886972595392795e-16	1.5305061034687613
3.0223145490365727e-16	4.033275238349438
3.1640013652693987e-16	9.033917938945269
3.3123304927403646e-16	16.951104813941974
3.467613324561061e-16	32.054985857942235
3.6301758520254075e-16	76.53671444442395
3.800359348975692e-16	77.62583597872205
3.9785210882521903e-16	22.50535720618969
4.165035091729884e-16	6.328797353630046
4.3602929155170605e-16	1.6771744437569753
4.56470447196448e-16	0.2754215361251656
4.778698890210112e-16	0.025846662796209653
5.002725417066836e-16	0.0012900702910198785
5.237254360143688e-16	3.164995239361621e-5
5.482778075180824e-16	0.0005039135913513666
5.73981199967133e-16	0.0022805518244937745
6.008895734938939e-16	0.009833095083728533
6.290594178944345e-16	0.03980209728089571
6.585498712197385e-16	0.14890508521776488
6.894228439265025e-16	0.5059197421763184
7.217431488481988e-16	1.5306350217722804
7.555786372591432e-16	4.03361750427327
7.910003413173497e-16	9.034690478224755
8.280826231850911e-16	16.952563955334323
8.669033311402652e-16	32.05772925088365
9.075439630063519e-16	76.54330855871751
9.50089837243923e-16	77.63276982933672
9.946302720630475e-16	22.507405417888723
1.041258772932471e-15	6.329368920908945
1.0900732288792651e-15	1.6773271851641696
1.1411761179911202e-15	0.27544688001385714
1.194674722552528e-15	0.02584906683294214
1.250681354266709e-15	0.0012901916223424196
1.3093135900359219e-15	3.165296344676514e-5
1.3706945187952058e-15	0.0005039544216051713
1.4349529999178325e-15	0.002280737666250134
1.5022239337347346e-15	0.009833901291688952
1.5726485447360863e-15	0.03980538143809616
1.646374678049346e-15	0.14891745321599148
1.7235571098162564e-15	0.5059620536149272
1.8043578721204968e-15	1.5307639512521498
1.8889465931478582e-15	4.033959800078972
1.977500853293374e-15	9.035463085445526
2.070206557962728e-15	16.954023225871744
2.1672583278506632e-15	32.060472885406455
2.2688599075158797e-15	76.54990325674156
2.3752245931098076e-15	77.63970431514691
2.486575680157619e-15	22.509453820792316
2.6031469323311777e-15	6.329940541141466
2.725183072198163e-15	1.677479940833632
2.8529402949778004e-15	0.2754722262925604
2.98668680638132e-15	0.025851471098721407
3.1267033856667727e-15	0.0012903129653483948
3.273283975089805e-15	3.165597479304981e-5
3.4267362969880147e-15	0.0005039952552716723
3.587382499794581e-15	0.0022809235236228615
3.755559834336837e-15	0.009834707567786838
3.9316213618402156e-15	0.03980866587453036
4.1159366951233654e-15	0.14892982227238782
4.308892774540641e-15	0.5060043686971745
4.5108946803012425e-15	1.5308928919100722
4.722366482869645e-15	4.0343021257707194
4.9437521332334355e-15	9.036235760616403
5.17551639490682e-15	16.955482625569836
5.418145819626658e-15	32.06321676154342
5.672149768789699e-15	76.5564985385713
5.938061482774519e-15	77.64663943619858
6.216439200394047e-15	22.511502414909558
6.507867330827944e-15	6.330512214330828
6.8129576804954076e-15	1.677632710766101
7.1323507374445e-15	0.2754975749613699
7.466717015953301e-15	0.025853875593553947
7.816758464166932e-15	0.0012904343200378986
8.183209937724512e-15	3.16589864324485e-5
8.566840742470036e-15	0.0005040360923528954
8.968456249486452e-15	0.002281109396620592
9.388899585842092e-15	0.009835513912057014
9.82905340460054e-15	0.03981195059032968
1.0289841737808413e-14	0.1489421923874051
1.0772231936351603e-14	0.506046687424464
1.1277236700753106e-14	1.5310218437498215
1.1805916207174113e-14	4.034644481357314
1.235938033308359e-14	9.037008503754167
1.293879098726705e-14	16.956942154455472
1.3545364549066645e-14	32.06596087935036
1.4180374421974249e-14	76.5630944043159
1.48451537069363e-14	77.65357519249386
1.5541098000985117e-14	22.513551200224356
1.626966832706986e-14	6.33108394047426
1.7032394201238517e-14	1.677785494960235
1.7830876843611252e-14	0.275522926019938
1.866679253988325e-14	0.025856280317396365
1.9541896160417327e-14	0.0012905556864081867
2.045802484431128e-14	3.166199836488655e-5
2.141710185617509e-14	0.0005040769328565088
2.2421140623716132e-14	0.0022812952852757354
2.347224896460523e-14	0.009836320324628469
2.4572633511501348e-14	0.039815235585970554
2.5724604344521032e-14	0.14895456356265016
2.6930579840879007e-14	0.50608900980162
2.8193091751882763e-14	1.5311508067840331
2.951479051793528e-14	4.034986866866525
3.089845083270897e-14	9.037781314908234
3.2346977468167627e-14	16.958401812600062
3.386341137266661e-14	32.06870523898578
3.545093605493562e-14	76.5696908542609
3.711288426734074e-14	77.66051158385028
3.8852745002462796e-14	22.51560017660612
4.067417081767465e-14	6.33165571954099
4.2580985503096294e-14	1.6779382934050209
4.457719210902813e-14	0.27554827946589683
4.666698134970813e-14	0.025858685269972058
4.885474040104332e-14	0.0012906770644420496
5.11450621107782e-14	3.166501058971504e-5
5.354275464043773e-14	0.000504117776797627
5.605285155929033e-14	0.002281481189652062
5.868062241151308e-14	0.009837126805754874
6.143158377875337e-14	0.03981852086239015
6.431151086130258e-14	0.14896693580127526
6.732644960219751e-14	0.5061313358380995
7.048272937970691e-14	1.5312797810373515
7.378697629483821e-14	4.035329282352339
7.724612708177243e-14	9.03855419417389
8.086744367041906e-14	16.959861600139057
8.465852843166653e-14	32.07144984074184
8.862734013733905e-14	76.57628788890882
9.278221066835187e-14	77.66744860987666
9.713186250615699e-14	22.51764934379281
1.0168542704418663e-13	6.332227551467178
1.0645246375774074e-13	1.6780911060778227
1.1144298027257033e-13	0.2755736352943981
1.1666745337427032e-13	0.025861090450720114
1.221368510026083e-13	0.0012907984541050436
1.278626552769455e-13	3.166802310572473e-5
1.3385688660109433e-13	0.0005041586242145283
1.4013212889822583e-13	0.0022816671099108897
1.467015560287827e-13	0.009837933356076807
1.5357895944688342e-13	0.03982180642194869
1.6077877715325645e-13	0.14897930911120036
1.683161240054938e-13	0.5061736655575922
1.7620682344926728e-13	1.531408766571197
1.8446744073709553e-13	4.0356717279483645
1.9311531770443107e-13	9.039327141784343
2.0216860917604765e-13	16.961321517399917
2.116463210791663e-13	32.074194685348836
2.2156835034334765e-13	76.58288550951087
2.3195552667087964e-13	77.67438626943624
2.4282965626539245e-13	22.51969870106104
2.5421356761046654e-13	6.332799436079338
2.6613115939435187e-13	1.6782439329179932
2.7860745068142583e-13	0.2755989934925773
2.916686334356758e-13	0.025863495858158246
3.0534212750652074e-13	0.0012909198553066343
3.1965663819236375e-13	3.16710359097705e-5
3.346422165027358e-13	0.0005041994752043909
3.5033032224556456e-13	0.002281853046461508
3.667538900719567e-13	0.009838739977218243
3.839473986172086e-13	0.03982509227062554
4.0194694288314114e-13	0.1489916835124664
4.207903100137345e-13	0.5062159990199213
4.405170586231682e-13	1.5315377635404173
4.611686018427388e-13	4.036014203990366
4.827882942610793e-13	9.040100158323126
5.054215229401191e-13	16.962781565194323
5.291158026979158e-13	32.07693977462803
5.539208758583673e-13	76.58948371914546
5.798888166771992e-13	77.68132455948312
6.070741406634831e-13	22.521748246517696
6.355339190261664e-13	6.333371372923449
6.653278984858797e-13	1.6783967737677328
6.965186267035623e-13	0.27562435402711727
7.291715835891894e-13	0.02586590148845128
7.633553187663044e-13	0.0012910412678120414
7.991415954809093e-13	3.1674048993607716e-5
8.366055412568395e-13	0.0005042403300076801
8.758258056139085e-13	0.002282039000316412
9.168847251798917e-13	0.00983954667319716
9.598684965430246e-13	0.03982837842321544
1.004867357207853e-12	0.14900405905463773
1.0519757750343362e-12	0.506258336373031
1.1012926465579169e-12	1.53166677232764
1.152921504606847e-12	4.0363567113078
1.2069707356526982e-12	9.04087324522833
1.2635538073502978e-12	16.964241745521804
1.3227895067447895e-12	32.07968511304262
1.3848021896459183e-12	76.59608252534176
1.4497220416929979e-12	77.68826347249622
1.5176853516587079e-12	22.52379797550149
1.588834797565416e-12	6.33394336087154
1.663319746214699e-12	1.6785496282349852
1.7412965667589057e-12	0.27564971681510997
1.8229289589729738e-12	0.025868307332081543
1.908388296915761e-12	0.0012911626910409046
1.9978539887022734e-12	3.167706233692085e-5
2.091513853142099e-12	0.0005042811892250132
2.1895645140347714e-12	0.00228222497400534
2.2922118129497296e-12	0.009840353454046989
2.399671241357561e-12	0.039831664916640135
2.512168393019632e-12	0.1490164358614424
2.6299394375858407e-12	0.5063006779861325
2.753231616394792e-12	1.5317957938879652
2.8823037615171173e-12	4.03669925196898
3.0174268391317456e-12	9.041646406085832
3.1588845183757443e-12	16.9657020633587
3.3069737668619735e-12	32.08243071173556
3.4620054741147955e-12	76.6026819468631
3.6243051042324945e-12	77.69520298948197
3.794213379146769e-12	22.52584787627583
3.97208699391354e-12	6.3345153970922565
4.1582993655367474e-12	1.6787024953367178
4.3532414168972644e-12	0.27567508164904136
4.557322397432434e-12	0.02587071336520904
4.770970742289403e-12	0.0012912841235372921
4.9946349717556835e-12	3.168007588868854e-5
5.228784632855247e-12	0.0005043220543584061
5.473911285086928e-12	0.0022824109738529288
5.7305295323743236e-12	0.009841160344857231
5.9991781033939035e-12	0.03983495184324513
6.28042098254908e-12	0.14902881424223896
6.5748485939646015e-12	0.5063430247822639
6.88307904098698e-12	1.5319248306081557
7.205759403792793e-12	4.037041831142973
7.543567097829363e-12	9.042419649852892
7.897211295939361e-12	16.967162531130487
8.267434417154934e-12	32.08517659852905
8.65501368528699e-12	76.60928203052642
9.060762760581236e-12	77.70214306282469
9.485533447866924e-12	22.52789791945709
9.93021748478385e-12	6.335087474492102
1.039574841384187e-11	1.6788553726107731
1.0883103542243161e-11	0.2757004480091732
1.1393305993581086e-11	0.02587311952814032
1.1927426855723505e-11	0.0012914055616574066
1.2486587429389208e-11	3.168308952131414e-5
1.3071961582138117e-11	0.0005043629291611039
1.368477821271732e-11	0.002282597015663604
1.4326323830935808e-11	0.009841967408318782
1.4997945258484758e-11	0.03983823943375365
1.5701052456372703e-11	0.14904119496995083
1.6437121484911504e-11	0.5063853790674971
1.720769760246745e-11	1.5320538884509605
1.8014398509481985e-11	4.037384461741218
1.8858917744573408e-11	9.043192998899041
1.9743028239848403e-11	16.968623179858877
2.0668586042887337e-11	32.0879228429136
2.163753421321747e-11	76.61588289323349
2.265190690145309e-11	77.70908357330734
2.371383361966731e-11	22.529948031533674
2.4825543711959625e-11	6.335659575326126
2.5989371034604672e-11	1.6790082538991888
2.7207758855607903e-11	0.27572581459577966
2.8483264983952715e-11	0.02587552567161667
2.9818567139308763e-11	0.0012915269962893625
3.121646857347302e-11	3.168610291540779e-5
3.2679903955345294e-11	0.0005044038230160593
3.42119455317933e-11	0.0022827831389469165
3.581580957733952e-11	0.009842774801150582
3.7494863146211896e-11	0.039841528264930606
3.925263114093175e-11	0.14905357997667876
4.1092803712278756e-11	0.5064277466061419
4.301924400616863e-11	1.5321829823201587
4.503599627370496e-11	4.037727176032772
4.714729436143352e-11	9.043966509123365
4.935757059962101e-11	16.970084087045052
5.167146510721834e-11	32.090669618490935
5.409383553304368e-11	76.62248482692355
5.662976725363273e-11	77.71602422259956
5.928458404916827e-11	22.53199802863421
6.206385927989906e-11	6.336231655198554
6.497342758651168e-11	1.6791611237971777
6.801939713901976e-11	0.27575117815778355
7.120816245988178e-11	0.025877931422314333
7.45464178482719e-11	0.0012916484046429709
7.804117143368256e-11	3.1689115271921424e-5
8.169975988836323e-11	0.000504444759380849
8.552986382948326e-11	0.0022829694424765343
8.953952394334881e-11	0.009843582915142179
9.373715786552974e-11	0.039844819778628
9.813157785232939e-11	0.14906597409235053
1.027320092806969e-10	0.5064701418074745
1.0754811001542157e-10	1.53231214946936
1.125899906842624e-10	4.038070054671531
1.178682359035838e-10	9.04474032022349
1.2339392649905252e-10	16.971545446335902
1.2917866276804584e-10	32.09341735911203
1.352345888326092e-10	76.62908856103856
1.4157441813408183e-10	77.72296426401455
1.4821146012292068e-10	22.53404745076134
1.5515964819974767e-10	6.336803603041791
1.624335689662792e-10	1.679313943770407
1.700484928475494e-10	0.2757765305634378
1.7802040614970448e-10	0.0258803358465124
1.8636604462067977e-10	0.0012917697297156494
1.951029285842064e-10	3.16921245913126e-5
2.0424939972090808e-10	0.000504485796894328
2.1382465957370812e-10	0.0022831561731621593
2.23848809858372e-10	0.00984439272965675
2.3434289466382435e-10	0.039848117579002675
2.453289446308235e-10	0.14907838938990542
2.568300232017422e-10	0.50651260068792
2.688702750385539e-10	1.5324414830110011
2.81474976710656e-10	4.038413299231968
2.9467058975895954e-10	9.045514781300815
3.084848162476313e-10	16.97300774156628
3.229466569201146e-10	32.09616714886437
3.38086472081523e-10	76.6356959178867
3.5393604533520453e-10	77.72990182936452
3.7052865030730173e-10	22.53609514744114
3.878991204993691e-10	6.337375141045328
4.06083922415698e-10	1.6794666174433621
4.2512123211887347e-10	0.27580185147648006
4.450510153742612e-10	0.025882736609253592
4.659151115516994e-10	0.0012918908289560002
4.877573214605159e-10	3.169512587073034e-5
5.106234993022702e-10	0.0005045270821473695
5.345616489342703e-10	0.0022833439482446336
5.5962202464593e-10	0.00984520669293557
5.858572366595609e-10	0.039851430675666
6.133223615770587e-10	0.149090856048373
6.420750580043556e-10	0.5065552132758061
6.721756875963849e-10	1.5325712156828712
7.0368744177664e-10	4.038757413523346
7.366764743973988e-10	9.046290764793987
7.712120406190783e-10	16.974472181684682
8.073666423002865e-10	32.098921696875685
8.452161802038075e-10	76.6423114505275
8.848401133380114e-10	77.73683224406234
9.263216257682543e-10	22.53813824105057
9.697478012484228e-10	6.337945574301052
1.015209806039245e-9	1.679618903769205
1.0628030802971836e-9	0.2758270900370834
1.1126275384356529e-9	0.025885127871265987
1.1647877788792485e-9	0.0012920113458608736
1.2193933036512899e-9	3.169810659325149e-5
1.2765587482556754e-9	0.000504568981595963
1.3364041223356758e-9	0.00228353431071892
1.3990550616148251e-9	0.009846030925071738
1.4646430916489022e-9	0.03985478159035206
1.5333059039426467e-9	0.1491034495058753
1.605187645010889e-9	0.5065982046065797
1.6804392189909622e-9	1.5327019292122757
1.7592186044416e-9	4.039103656732304
1.841691185993497e-9	9.047070450981634
1.9280301015476955e-9	16.975941787417735
2.0184166057507163e-9	32.10168777298355
2.113040450509519e-9	76.64894653429914
2.2121002833450285e-9	77.74374381201832
2.3158040644206357e-9	22.540169534273208
2.4243695031210573e-9	6.338513164629486
2.5380245150981126e-9	1.6797701998745371
2.657007700742959e-9	0.275852119050674
2.7815688460891322e-9	0.02588749503004414
2.9119694471981214e-9	0.0012921303888867996
3.0484832591282247e-9	3.170103544348515e-5
3.191396870639189e-9	0.0005046124113523176
3.3410103058391895e-9	0.002283731117908946
3.497637654037063e-9	0.009846880725435
3.6616077291222557e-9	0.039858226623138905
3.833264759856617e-9	0.14911635833895212
4.012969112527222e-9	0.5066421371945823
4.201098047477405e-9	1.5328350776598827
4.398046511104e-9	4.039455176058582
4.6042279649837425e-9	9.047859288639795
4.820075253869239e-9	16.977424106647526
5.046041514376791e-9	32.10448229483377
5.282601126273797e-9	76.65562959013437
5.530250708362571e-9	77.75060726805161
5.78951016105159e-9	22.542171025211395
6.060923757802643e-9	6.339073564222172
6.345061287745282e-9	1.6799189979066245
6.642519251857398e-9	0.2758766204125641
6.95392211522283e-9	0.025889801568000727
7.279923617995304e-9	0.0012922457284704457
7.621208147820563e-9	3.170383408338212e-5
7.978492176597972e-9	0.0005046596616314564
8.352525764597973e-9	0.002283944012720744
8.744094135092657e-9	0.009847794340295032
9.154019322805639e-9	0.03986190651333785
9.58316189964154e-9	0.14913005394062262
1.0032422781318056e-8	0.5066884171327906
1.0502745118693512e-8	1.532974295506628
1.099511627776e-8	4.03981983751015
1.1510569912459357e-8	9.048670894748758
1.2050188134673098e-8	16.978937998992336
1.2615103785941977e-8	32.10734753875229
1.3206502815684493e-8	76.66243162558489
1.3825626770906428e-8	77.75734938705504
1.4473775402628974e-8	22.544097688263104
1.5152309394506606e-8	6.339615897825561
1.5862653219363203e-8	1.6800615266257688
1.6606298129643494e-8	0.27589979858136165
1.7384805288057076e-8	0.025891956165754106
1.819980904498826e-8	0.0012923517893566722
1.9053020369551404e-8	3.17063066023922e-5
1.994623044149493e-8	0.0005047164580291956
2.0881314411494936e-8	0.002284197102271563
2.186023533773164e-8	0.00984886738326018
2.2885048307014098e-8	0.039866173092726026
2.3957904749103853e-8	0.149145714704769
2.508105695329514e-8	0.5067405592493376
2.6256862796733782e-8	1.5331286674299267
2.74877906944e-8	4.040217301359755
2.877642478114839e-8	9.049539299587927
3.012547033668274e-8	16.980530588416848
3.1537759464854944e-8	32.110389151771216
3.301625703921123e-8	76.66953004519729
3.456406692726607e-8	77.76378694814534
3.618443850657244e-8	22.545836908353646
3.788077348626652e-8	6.3401129631661
3.965663304840801e-8	1.6801883540142908
4.1515745324108734e-8	0.2759196640387794
4.346201322014269e-8	0.025893730471779428
4.549952261247065e-8	0.0012924346321913562
4.763255092387851e-8	3.170796341813425e-5
4.9865576103737325e-8	0.0005047971159707615
5.220328602873734e-8	0.0022845506589660326
5.46505883443291e-8	0.009850338902350276
5.721262076753524e-8	0.03987190596061754
5.989476187275963e-8	0.14916628657633665
6.270264238323785e-8	0.5068073500355689
6.564215699183446e-8	1.5333209021235001
6.8719476736e-8	4.040696707588096
7.194106195287098e-8	9.050549549415514
7.531367584170686e-8	16.98231962253814
7.884439866213736e-8	32.11387114638573
8.254064259802807e-8	76.67736806130212
8.641016731816518e-8	77.7694614890559
9.046109626643109e-8	22.547107028107934
9.47019337156663e-8	6.34049672103133
9.914158262102003e-8	1.680275891083253
1.0378936331027184e-7	0.2759312415863985
1.0865503305035673e-7	0.025894553545090047
1.1374880653117662e-7	0.0012924594193354328
1.1908137730969629e-7	3.1707583313053465e-5
1.246639402593433e-7	0.0005049374357193249
1.3050821507184335e-7	0.0022851554066875687
1.3662647086082276e-7	0.009852806673246629
1.430315519188381e-7	0.0398813045505623
1.497369046818991e-7	0.1491991354683796
1.5675660595809464e-7	0.5069107570149004
1.6410539247958613e-7	1.5336077690325702
1.7179869184e-7	4.041380887032433
1.7985265488217743e-7	9.051914193222318
1.8828418960426715e-7	16.984599318597475
1.971109966553434e-7	32.11845332001514
2.0635160649507018e-7	76.68705287818715
2.1602541829541292e-7	77.77322574572766
2.261527406660777e-7	22.547203657842022
2.3675483428916573e-7	6.340597001497518
2.478539565525501e-7	1.6802651484550768
2.594734082756796e-7	0.27592209136436624
2.7163758262589184e-7	0.02589299832108367
2.8437201632794157e-7	0.0012923391701919079
2.977034432742407e-7	3.170213425699152e-5
3.1165985064835826e-7	0.0005052269980418179
3.262705376796084e-7	0.002286388458913666
3.415661771520569e-7	0.009857766280829832
3.575788797970953e-7	0.03989987095512851
3.743422617047477e-7	0.14926268601545367
3.9189151489523657e-7	0.5071057194969586
4.1026348119896534e-7	1.5341312189732992
4.294967296e-7	4.042576917656254
4.496316372054436e-7	9.054164482245554
4.707104740106679e-7	16.98810486847965
4.927774916383585e-7	32.1257847703877
5.158790162376754e-7	76.70134996585823
5.400635457385323e-7	77.77220827956566
5.653818516651943e-7	22.54436554171318
5.918870857229143e-7	6.339988275685579
6.196348913813751e-7	1.6800086448112932
6.48683520689199e-7	0.27586111937673174
6.790939565647296e-7	0.025885500635874144
7.109300408198538e-7	0.0012918572608169566
7.442586081856018e-7	3.168417771153076e-5
7.791496266208957e-7	0.0005058902736160239
8.156763441990209e-7	0.002289194589726112
8.539154428801423e-7	0.009868964287106615
8.939471994927382e-7	0.0399413843315017
9.358556542618692e-7	0.14940306966848052
9.797287872380915e-7	0.5075297451355382
1.0256587029974134e-6	1.5352464034344722
1.073741824e-6	4.045052802313928
1.1240790930136089e-6	9.058628529013726
1.1767761850266678e-6	16.994673558271888
1.2319437290958982e-6	32.13998844548273
1.2896975405941886e-6	76.72716371404451
1.3501588643463309e-6	77.75921918019357
1.4134546291629856e-6	22.534190939731616
1.4797177143072835e-6	6.337606938208542
1.5490872284534404e-6	1.6791378731739597
1.6217088017229976e-6	0.2756706694002886
1.697734891411824e-6	0.02586317622058005
1.7773251020496348e-6	0.0012904776122810168
1.8606465204640015e-6	3.1636029734487286e-5
1.9478740665522424e-6	0.0005074917342939052
2.0391908604975524e-6	0.0022959484305440916
2.1347886072003556e-6	0.00989581577282734
2.2348679987318455e-6	0.040040447340062735
2.3396391356546694e-6	0.14973607300753422
2.4493219680952324e-6	0.5085276784980407
2.5641467574935333e-6	1.5378431796722762
2.68435456e-6	4.050731232417791
2.8101977325340225e-6	9.06862837872832
2.9419404625666695e-6	17.008898036122027
3.0798593227397456e-6	32.171379715634274
3.2242438514854718e-6	76.78171358635173
3.375397160865827e-6	77.71623607638938
3.533636572907464e-6	22.505692180467108
3.6992942857682087e-6	6.330797506881134
3.872718071133601e-6	1.6767334082100296
4.054272004307494e-6	0.2751572016602128
4.24433722852956e-6	0.02580398851768669
4.443312755124087e-6	0.0012868951152084733
4.651616301160004e-6	3.1519257783421624e-5
4.869685166380606e-6	0.0005114634011823547
5.09797715124388e-6	0.0023126669449859538
5.336971518000889e-6	0.009962166798744758
5.587169996829613e-6	0.04028455037839134
5.849097839136674e-6	0.15055408549949909
6.123304920238081e-6	0.5109685634532383
6.4103668937338335e-6	1.5441592279268495
6.7108864e-6	4.064437607395077
7.025494331335056e-6	9.092484777858068
7.354851156416673e-6	17.042265763562188
7.699648306849364e-6	32.24581383506721
8.06060962871368e-6	76.90782941006569
8.438492902164567e-6	77.597964677178
8.834091432268661e-6	22.43152417509001
9.248235714420522e-6	6.312948780373174
9.681795177834002e-6	1.6705097201636585
1.0135680010768735e-5	0.2738408842919513
1.0610843071323899e-5	0.025653959560772696
1.1108281887810218e-5	0.001278068449201488
1.1629040752900008e-5	3.127396908975613e-5
1.2174212915951514e-5	0.0005215180133634659
1.2744942878109702e-5	0.0023549037587045113
1.3342428795002223e-5	0.010129589442503932
1.3967924992074034e-5	0.04089866273209396
1.4622744597841684e-5	0.15260662315011264
1.5308262300595205e-5	0.517069066387383
1.6025917234334584e-5	1.5598721017701465
1.6777216e-5	4.0983567182464276
1.756373582833764e-5	9.151107969140654
1.8387127891041685e-5	17.12355442194842
1.9249120767123408e-5	32.4283879393127
2.01515240717842e-5	77.2113065265733
2.109623225541142e-5	77.28984382460902
2.2085228580671653e-5	22.244148041718706
2.3120589286051304e-5	6.267717678249294
2.4204487944585006e-5	1.654837836874359
2.5339200026921837e-5	0.27054774184037883
2.652710767830975e-5	0.02528512897022926
2.7770704719525543e-5	0.0012577796205459225
2.9072601882250022e-5	3.0973986942780095e-5
3.043553228987879e-5	0.0005478018825419897
3.1862357195274255e-5	0.002464859984611903
3.335607198750556e-5	0.010564631296834905
3.491981248018508e-5	0.042485326216961765
3.655686149460421e-5	0.15788599825774302
3.8270655751488006e-5	0.532651256090589
4.006479308583646e-5	1.599704396668962
4.194304e-5	4.183718021295178
4.39093395708441e-5	9.297464263516572
4.596781972760421e-5	17.32511881786691
4.812280191780852e-5	32.884804214063486
5.03788101794605e-5	77.94865632344319
5.274058063852855e-5	76.49784593222714
5.521307145167913e-5	21.779957862439915
5.780147321512826e-5	6.155424312410283
6.0511219861462516e-5	1.616177218874372
6.334800006730459e-5	0.26250147286649184
6.631776919577437e-5	0.02442066009986802
6.942676179881386e-5	0.0012190500441331947
7.268150470562505e-5	3.2144367736070737e-5
7.608883072469697e-5	0.0006216567927864684
7.965589298818563e-5	0.0027707253845457576
8.339017996876389e-5	0.01176860787663076
8.72995312004627e-5	0.04681830736258022
9.139215373651052e-5	0.17215146252444063
9.567663937872002e-5	0.5740858436737637
0.00010016198271459114	1.7038315685560328
0.0001048576	4.403374694508004
0.00010977334892711025	9.668101884117693
0.00011491954931901053	17.830286746425614
0.0001203070047945213	34.0478002339799
0.00012594702544865125	79.7082711128549
0.00013185145159632137	74.44474457701538
0.00013803267862919782	20.662404843733167
0.00014450368303782065	5.884110418230325
0.0001512780496536563	1.5238943226394521
0.00015837000016826147	0.24370931740883325
0.00016579442298943594	0.022625596943994294
0.00017356690449703464	0.001196221012809119
0.00018170376176406263	4.606754456259667e-5
0.00019022207681174241	0.0008690527715899915
0.0001991397324704641	0.003768968802856634
0.00020847544992190972	0.015629290937512818
0.00021824882800115678	0.06027756024274284
0.00022848038434127632	0.21525841304257315
0.00023919159844680004	0.6945517553430937
0.00025040495678647787	1.9944181748260348
0.000262144	4.993195989563512
0.00027443337231777566	10.625743411955023
0.0002872988732975263	19.10836824427982
0.00030076751198630325	37.108742882900806
0.0003148675636216281	83.57845227080837
0.0003296286289908034	68.99664701220543
0.00034508169657299456	18.142205882142388
0.00036125920759455163	5.265944608993368
0.0003781951241341407	1.3195317667358262
0.0003959250004206537	0.20444114471071226
0.00041448605747358984	0.020229026408352967
0.0004339172612425866	0.0015793491788023163
0.0004542594044101566	0.00013593082687819044
0.0004755551920293561	0.0021295732725391536
0.0004978493311761602	0.0085186012102536
0.0005211886248047743	0.03287677580150323
0.0005456220700028919	0.1160721780486793
0.0005712009608531907	0.381196099248157
0.0005979789961170002	1.1180036344545954
0.0006260123919661946	2.9218274376412956
0.00065536	6.705262561036901
0.0006860834307944391	13.158186485586754
0.0007182471832438158	22.391985769854003
0.0007519187799657582	45.6432574171796
0.0007871689090540703	89.39119602106409
0.0008240715724770085	54.725405005816896
0.0008627042414324864	13.364922578450217
0.0009031480189863791	4.054751700913253
0.0009454878103353518	0.94428065391602
0.0009898125010516343	0.14560185347850135
0.0010362151436839745	0.024355262646627924
0.0010847931531064664	0.005188298387301961
0.0011356485110253914	0.0005620083089248759
0.00118888798007339	0.016920980136220645
0.0012446233279404006	0.05552892263896817
0.001302971562011936	0.17477084401013263
0.00136405517500723	0.501899481844105
0.001428002402132977	1.3296747145412375
0.0014949474902925003	3.082346136883236
0.0015650309799154867	6.364709474737183
0.0016384	11.778007805764478
0.0017152085769860962	19.27731200759022
0.0017956179581095394	31.302713528368212
0.0018797969499143954	67.88242403261543
0.0019679222726351774	79.00648834823382
0.0020601789311925213	26.74267336381341
0.0021567606035812143	7.4842648273880465
0.0022578700474659478	2.4053157920799357
0.0023637195258383796	0.4998301531416453
0.0024745312526290877	0.16235686176859743
0.0025905378592099362	0.05913227673731316
0.002711982882766164	0.022929195488524057
0.0028391212775634787	0.0012717603327051805
0.002972219950183475	0.4042591541828208
0.0031115583198510037	0.9297681382182208
0.0032574289050298394	2.0005543286139074
0.003410137937518072	3.951484130342896
0.003570006005332442	6.985445066936053
0.0037373687257312507	10.576340960031906
0.00391257744978872	14.607143991658415
0.004096	20.003000792909436
0.004288021442465241	29.611757108514972
0.004489044895273848	58.16258334422865
0.004699492374785988	64.26187609754037
0.004919805681587943	23.68028034783938
0.005150447327981303	8.276275026453572
0.005391901508953035	3.9066005313400027
0.005644675118664869	1.1116377804839468
0.005909298814595948	0.5268140370713965
0.006186328131572719	0.43039579220035246
0.006476344648024841	0.14850659375384642
0.00677995720691541	0.052604574380124516
0.007097803193908697	0.001949499768393782
0.007430549875458688	4.178975083226046
0.00777889579962751	6.137788388870404
0.0081435722625746	8.678769443252774
0.00852534484379518	10.682600338440372
0.008925015013331105	11.458770419692785
0.009343421814328127	12.009102973530897
0.0097814436244718	16.64375646033687
0.01024	29.85559943263498
0.010720053606163103	45.09325514124415
0.011222612238184621	29.285603906658615
0.011748730936964972	11.721676222692857
0.012299514203969858	6.693347625784627
0.012876118319953259	3.8746101563171482
0.013479753772382589	1.5950255028518023
0.014111687796662173	1.0243531946203552
0.014773247036489872	0.8989907357692946
0.015465820328931797	0.45349149060578053
0.016190861620062103	0.3481181844269254
0.016949893017288525	0.024709944300678185
0.017744507984771743	0.05860468097858144
0.018576374688646723	6.356431141566044
0.019447239499068774	9.411803064501376
0.020358930656436496	12.187465264666315
0.02131336210948795	12.089675267638837
0.022312537533327764	12.457417429601621
0.02335855453582032	16.247479960461078
0.0244536090611795	21.27860356379791
0.0256	16.244678079101842
0.026800134015407755	5.441032641075231
0.028056530595461555	1.6598376970346467
0.029371827342412428	1.273909675961678
0.030748785509924645	2.5804313610383427
0.03219029579988315	3.558170962168871
0.03369938443095647	3.9319136680885336
0.03527921949165543	3.658201225670825
0.03693311759122468	2.335394534544595
0.038664550822329495	1.227223867036351
0.040477154050155256	0.19421603638698073
0.04237473254322131	0.07424867537093058
0.04436126996192936	0.08969610325392803
0.0464409367216168	5.511950586110196
0.04861809874767194	6.218187421155305
0.05089732664109124	9.682826186967127
0.05328340527371987	11.285118985322194
0.05578134383331941	8.867123443850243
0.05839638633955079	3.213269180908852
0.06113402265294875	0.7685396050161678
0.064	0.9597229542704139
0.06700033503851939	2.3416089933504503
0.07014132648865391	1.9670035663297656
0.07342956835603104	1.0029579527977737
0.0768719637748116	1.119390381320413
0.08047573949970786	1.8900434293224504
0.08424846107739119	2.104579997600834
0.08819804872913861	1.950712534647888
0.09233279397806166	1.7477944981070568
0.09666137705582374	2.1541378714153936
0.10119288512538814	1.6009587656110367
0.10593683135805329	0.7805270475421784
0.11090317490482343	0.9643616975422062
0.11610234180404196	2.7283362132798636
0.12154524686917983	4.104997778837955
0.1272433166027281	8.063868552661923
0.1332085131842997	2.4532762861871382
0.13945335958329858	0.7516617515394194
0.1459909658488769	0.22074434307295893
0.15283505663237187	0.28888320010061813
0.16000000000000003	0.8951916408808193
0.16750083759629847	1.4399481761353663
0.17535331622163478	0.989421441482398
0.1835739208900776	0.831571530537168
0.19217990943702903	1.2523584424551872
0.20118934874926966	1.81708581581167
0.21062115269347795	2.0795028318349207
0.22049512182284653	2.131403432159451
0.23083198494515414	3.243885360939562
0.24165344263955935	3.6994173789811002
0.25298221281347033	1.9930216530784972
0.2648420783951332	1.6872917570516086
0.2772579372620586	0.626868938503265
0.2902558545101049	6.346816153700257
0.3038631171729496	8.730380885910618
0.31810829150682024	11.838146421152846
0.3330212829607492	18.30656221305567
0.34863339895824647	26.802824167466454
0.3649774146221923	24.42693716334915
0.38208764158092967	16.891564090150414
0.4	14.918875815167228
0.41875209399074625	8.973661418600152
0.438383290554087	2.8712179787277634
0.458934802225194	0.8495628658889686
0.48044977359257246	0.21307348375603002
0.5029733718731741	0.3291053616644878
0.526552881733695	0.6742345852365064
0.5512378045571164	0.6040480775980426
0.5770799623628854	0.9726840765998866
0.6041336065988983	1.0178035807858692
0.6324555320336759	0.6849160181263731
0.6621051959878331	0.18366506576342567
0.6931448431551465	0.07904829549719529
0.7256396362752623	0.15328045427553733
0.7596577929323739	0.17015941611082033
0.7952707287670506	0.08642581150621824
0.8325532074018732	0.028196025850720664
0.8715834973956161	0.01175755601622364
0.9124435365554808	0.014080920191453959
0.955219103952324	0.020427489923863614
1.0	0.026050833951426756
