-1.0	0.1217001244319312
-0.9659363289248455	0.14294774377715114
-0.9330329915368074	0.1663272434936583
-0.9012504626108303	0.1918619287917496
-0.8705505632961241	0.21957639770056014
-0.8408964152537145	0.24950433328552016
-0.8122523963562355	0.28169499512551754
-0.7845840978967507	0.31621715153497265
-0.7578582832551991	0.35315953552002194
-0.7320428479728127	0.39262742087863073
-0.7071067811865476	0.43473549004227874
-0.6830201283771977	0.47959769125713103
-0.6597539553864471	0.5273151728182888
-0.6372803136596311	0.5779635877568052
-0.6155722066724582	0.6428864873067937
-0.5946035575013605	0.2096340721099802
-0.5743491774985174	0.24755931625754474
-0.5547847360339224	0.29107653320293825
-0.5358867312681466	0.34050733809268274
-0.5176324619206888	0.3960841591764266
-0.5	0.4579447714849168
-0.48296816446242286	0.5261385189336203
-0.4665164957684037	0.600644266804119
-0.45062523130541515	0.6813965374914557
-0.435275281648062	0.7683137521174872
-0.42044820762685725	0.8613217947744808
-0.4061261981781178	0.9603672919011917
-0.3922920489483753	1.065417524053216
-0.37892914162759955	1.1764469284161485
-0.3660214239864063	1.2934128883537221
-0.3535533905932738	1.416225361675795
-0.3415100641885989	1.5447156274796008
-0.32987697769322355	1.678609097559147
-0.31864015682981556	1.8175060187962695
-0.307786103336229	2.0526864799351534
-0.29730177875068026	1.0288277665021521
-0.2871745887492588	1.1884307310633335
-0.2773923680169612	1.371008836484817
-0.2679433656340733	1.5774424375881546
-0.25881623096034434	1.8076672135199452
-0.25	2.0605776545786343
-0.24148408223121143	2.3340630942168263
-0.23325824788420185	2.6251624053670333
-0.22531261565270758	2.930299596414278
-0.217637640824031	3.2455523521865297
-0.21022410381342863	3.566908781234858
-0.2030630990890589	3.8904801280290418
-0.19614602447418766	4.212653380438689
-0.18946457081379978	4.530182587833278
-0.18301071199320315	4.840228223291794
-0.1767766952966369	5.140359112188192
-0.17075503209429946	5.42853198717451
-0.16493848884661177	5.703061164325332
-0.15932007841490778	5.962586866143713
-0.1538930516681145	7.9835171507787654
-0.14865088937534013	5.787324020805668
-0.1435872943746294	6.404794968992113
-0.1386961840084806	7.025502028395701
-0.13397168281703664	7.624671627456299
-0.12940811548017217	8.178678271948359
-0.125	8.668006099656328
-0.12074204111560571	9.079237343511645
-0.11662912394210095	9.405858884581752
-0.11265630782635375	9.64796785263007
-0.1088188204120155	9.811154931904934
-0.10511205190671431	9.904927793599368
-0.10153154954452945	9.94102223519841
-0.09807301223709386	9.931870047574906
-0.09473228540689986	9.889388264535967
-0.09150535599660158	9.82415440462451
-0.08838834764831845	9.744954611495977
-0.08537751604714973	9.658642735946398
-0.08246924442330592	9.57022654697502
-0.07966003920745386	9.483096054950853
-0.07694652583405726	12.53889474162512
-0.07432544468767006	8.13892002512402
-0.0717936471873147	8.384804599029572
-0.06934809200424033	8.560856962255203
-0.0669858414085183	8.659703083763615
-0.06470405774008609	8.683808182567667
-0.0625	8.643554379502422
-0.06037102055780286	8.55442772716658
-0.05831456197105048	8.434057630571026
-0.05632815391317687	8.2996574013506
-0.05440941020600775	8.16616846189641
-0.052556025953357156	8.045188717521945
-0.050765774772264724	7.944606995522345
-0.04903650611854693	7.868778341343601
-0.04736614270344993	7.819048304993115
-0.04575267799830079	7.7944491494806325
-0.04419417382415922	7.792428058748237
-0.042688758023574865	7.809511763084948
-0.04123462221165296	7.841853557070314
-0.03983001960372693	7.885642192244378
-0.03847326291702863	10.995500171433948
-0.03716272234383503	6.957875890909038
-0.03589682359365735	7.181821917732325
-0.034674046002120165	7.360344122644152
-0.03349292070425915	7.493761346202709
-0.03235202887004304	7.588263058620914
-0.03125	7.653924578620131
-0.03018551027890143	7.702510090748059
-0.02915728098552524	7.745528813799018
-0.028164076956588437	7.7928124819679185
-0.027204705103003875	7.851697200787583
-0.026278012976678578	7.926757648935655
-0.025382887386132362	8.01996586311327
-0.024518253059273465	8.131122083966051
-0.023683071351724965	8.258415593520574
-0.022876338999150394	8.399003079075253
-0.02209708691207961	8.549528057128494
-0.021344379011787432	8.706538869567517
-0.02061731110582648	8.86679024759964
-0.019915009801863465	9.02743289711515
-0.019236631458514314	12.514599545869489
-0.018581361171917516	8.018102131937628
-0.017948411796828673	8.289580693690537
-0.017337023001060083	8.552245094315438
-0.016746460352129577	8.80294779947074
-0.01617601443502152	9.041616437296172
-0.015625	9.270499399220585
-0.015092755139450714	9.493118584703577
-0.01457864049276262	9.71325776140507
-0.014082038478294218	9.934189315391999
-0.013602352551501938	10.15821661625914
-0.013139006488339289	10.386515034153476
-0.012691443693066181	10.619201118111295
-0.012259126529636732	10.85554170216424
-0.011841535675862483	11.094221586856712
-0.011438169499575197	11.333608179283434
-0.011048543456039806	11.571974728311641
-0.010672189505893716	11.807664626290748
-0.01030865555291324	12.039194832163579
-0.009957504900931733	12.265306229986981
-0.009618315729257157	16.467475901245628
-0.009290680585958758	10.45613694361371
-0.008974205898414337	10.791282630441657
-0.008668511500530041	11.178901089844167
-0.008373230176064788	11.60759940602584
-0.00808800721751076	12.065027119019382
-0.0078125	12.539086190546085
-0.007546377569725352	13.01872382896945
-0.00728932024638131	13.494429741240438
-0.007041019239147109	13.958524690809478
-0.006801176275750973	14.405286882776345
-0.0065695032441696445	14.83093699160851
-0.006345721846533087	15.2334956321614
-0.006129563264818366	15.612533114529667
-0.005920767837931241	15.968841819271864
-0.005719084749787602	16.30406942233706
-0.005524271728019903	16.62035284097342
-0.005336094752946855	16.9199878235443
-0.00515432777645662	17.205159415094943
-0.004978752450465866	17.477746804774185
-0.004809157864628582	22.607711694773005
-0.004645340292979379	14.207022627219564
-0.004487102949207166	14.63260711754078
-0.004334255750265021	15.226622202074745
-0.004186615088032394	15.96121808246791
-0.004044003608755383	16.79993487453494
-0.00390625	17.702479312643728
-0.003773188784862676	18.629002434179657
-0.003644660123190655	19.543581423771077
-0.0035205096195735546	20.416704134936214
-0.0034005881378754866	21.226671312913332
-0.0032847516220848223	21.959958217955364
-0.0031728609232665435	22.61069115352098
-0.003064781632409183	23.17947384951223
-0.0029603839189656206	23.67183248805254
-0.002859542374893801	24.096537462851764
-0.0027621358640099515	24.46401528595379
-0.0026680473764734273	24.785000461852253
-0.00257716388822831	25.06950949751635
-0.002489376225232933	25.326159003344124
-0.002404578932314291	31.788647112864364
-0.0023226701464896895	20.063712172647147
-0.002243551474603583	20.60716243169725
-0.0021671278751325103	21.47963531950894
-0.002093307544016197	22.620078260926885
-0.0020220018043776915	23.951185781633964
-0.001953125	25.389115235574444
-0.001886594392431338	26.852295866313646
-0.0018223300615953274	28.268610501842875
-0.0017602548097867773	29.580425017003016
-0.0017002940689377433	30.747237389082628
-0.0016423758110424111	31.74604886548345
-0.0015864304616332718	32.56984420427321
-0.0015323908162045916	33.22474864845794
-0.0014801919594828103	33.72648650587629
-0.0014297711874469005	34.096714418904945
-0.0013810679320049757	34.35967690092974
-0.0013340236882367136	34.539473528692724
-0.001288581944114155	34.65807174977266
-0.0012446881126164666	34.73407055095479
-0.0012022894661571455	42.04616349519988
-0.0011613350732448448	26.46730548477297
-0.0011217757373017914	27.276841622654867
-0.0010835639375662552	28.566992605270432
-0.0010466537720080985	30.217110276717015
-0.0010110009021888457	32.09199196802025
-0.0009765625	34.0554746908757
-0.000943297196215669	35.98253310656769
-0.0009111650307976637	37.76881428153495
-0.0008801274048933886	39.33676678404378
-0.0008501470344688716	40.638033983099064
-0.0008211879055212056	41.65237196453714
-0.0007932152308166359	42.38383353770148
-0.0007661954081022958	42.8552258286568
-0.0007400959797414052	43.10188385849031
-0.0007148855937234502	43.165654499655275
-0.0006905339660024879	43.08973160331847
-0.0006670118441183568	42.91470044262661
-0.0006442909720570775	42.675895729385076
-0.0006223440563082333	42.401985270575274
-0.0006011447330785727	49.432040446257346
-0.0005806675366224224	30.899535558352287
-0.0005608878686508957	32.10810594739494
-0.0005417819687831276	33.84828982811591
-0.0005233268860040493	35.94722438159525
-0.0005055004510944229	38.227380846836894
-0.00048828125	40.51995673744084
-0.0004716485981078345	42.67745074452553
-0.00045558251539883185	44.58354668245596
-0.0004400637024466943	46.158877596253454
-0.0004250735172344358	47.36214358392639
-0.0004105939527606028	48.18699254949551
-0.00039660761540831794	48.65575426385035
-0.0003830977040511479	48.81142999451941
-0.0003700479898707026	48.709308020611516
-0.0003574427968617251	48.4093044624926
-0.00034526698300124393	47.96974526892197
-0.0003335059220591784	47.4429168093469
-0.00032214548602853873	46.872390464264434
-0.00031117202815411665	46.29190366212906
-0.00030057236653928637	53.23786499855331
-0.0002903337683112112	33.32622082014432
-0.00028044393432544786	34.83296165322771
-0.0002708909843915638	36.86360645076891
-0.00026166344300202464	39.217511418392995
-0.00025275022554721143	41.69563099637035
-0.000244140625	44.114318985496354
-0.00023582429905391725	46.31848102350003
-0.00022779125769941593	48.191508689673064
-0.00022003185122334716	49.66029021055568
-0.0002125367586172179	50.694858491281906
-0.0002052969763803014	51.303384904012596
-0.00019830380770415897	51.52396450066537
-0.00019154885202557394	51.414893977347816
-0.0001850239949353513	51.0450001206937
-0.00017872139843086256	50.48518659625839
-0.00017263349150062197	49.801887286638355
-0.0001667529610295892	49.05266529205826
-0.00016107274301426937	48.28384868775652
-0.00015558601407705832	47.529872116122334
-0.00015028618326964319	54.682665208078454
-0.0001451668841556056	34.334009830168036
-0.00014022196716272393	35.920054757568316
-0.0001354454921957819	38.035799631231384
-0.00013083172150101232	40.45984860283618
-0.00012637511277360572	42.97923703785231
-0.0001220703125	45.40253474381696
-0.00011791214952695862	47.57236110482149
-0.00011389562884970796	49.37446406765726
-0.00011001592561167358	50.7415964915555
-0.00010626837930860896	51.65185523849406
-0.0001026484881901507	52.12236958165601
-9.915190385207948e-5	52.19995463725071
-9.577442601278697e-5	51.95054462795102
-9.251199746767564e-5	51.44900607942006
-8.936069921543128e-5	50.77047949738291
-8.631674575031098e-5	49.983877823768744
-8.33764805147946e-5	49.14770303140606
-8.053637150713468e-5	48.30799475627
-7.779300703852916e-5	47.49801514450195
-7.514309163482159e-5	54.4876117000612
-7.25834420778028e-5	34.276169280980525
-7.011098358136196e-5	35.995674365495695
-6.772274609789095e-5	38.21416777126065
-6.541586075050616e-5	40.71066223242438
-6.318755638680286e-5	43.27303333928425
-6.103515625e-5	45.711535959229984
-5.895607476347931e-5	47.87164150468633
-5.694781442485398e-5	49.643138472693934
-5.500796280583679e-5	50.96372817268183
-5.313418965430448e-5	51.816891004768344
-5.132424409507535e-5	52.225049693744985
-4.957595192603974e-5	52.23976242168723
-4.7887213006393486e-5	51.9308320576081
-4.625599873383782e-5	51.375955569434424
-4.468034960771564e-5	50.65204949556183
-4.315837287515549e-5	49.82884545445966
-4.16882402573973e-5	48.96487496402108
-4.026818575356734e-5	48.10561772673303
-3.889650351926458e-5	47.28338592770537
-3.7571545817410796e-5	54.22285904422407
-3.62917210389014e-5	34.19544153356544
-3.505549179068098e-5	35.989702234481484
-3.3861373048945474e-5	38.266287163193844
-3.270793037525308e-5	40.804670607511596
-3.159377819340143e-5	43.393259044305026
-3.0517578125e-5	45.84322882762442
-2.9478037381739656e-5	48.00157546656401
-2.8473907212426957e-5	49.76023368311598
-2.750398140291843e-5	51.05952026838006
-2.656709482715224e-5	51.88574538730589
-2.5662122047537674e-5	52.2640975462927
-2.478797596301987e-5	52.24859745415305
-2.3943606503196716e-5	51.91104288656376
-2.312799936691894e-5	51.33057904872086
-2.234017480385782e-5	50.585021825604755
-2.1579186437577746e-5	49.74450876669561
-2.084412012869865e-5	48.86757459189825
-2.0134092876783644e-5	47.99940466317324
-1.9448251759632314e-5	47.17182282697892
-1.8785772908705398e-5	54.0943368277143
-1.81458605194507e-5	34.16155091535722
-1.752774589534049e-5	35.99243280112324
-1.6930686524472717e-5	38.29744357297806
-1.635396518762656e-5	40.85624275250023
-1.5796889096700715e-5	43.45745321994065
-1.52587890625e-5	45.91267868598241
-1.4739018690869828e-5	48.06966333398339
-1.4236953606213478e-5	49.82141776795226
-1.3751990701459215e-5	51.10957852083021
-1.328354741357612e-5	51.92188520690572
-1.2831061023768837e-5	52.28492154203465
-1.2393987981509936e-5	52.25394700491682
-1.1971803251598358e-5	51.90175889749676
-1.156399968345947e-5	51.30822389312555
-1.117008740192891e-5	50.551601577343305
-1.0789593218788873e-5	49.70222474161627
-1.0422060064349325e-5	48.818621628346484
-1.0067046438391822e-5	47.945823038288125
-9.724125879816157e-6	47.11540258804751
-9.392886454352699e-6	54.03082604254741
-9.07293025972535e-6	34.14510805498991
-8.763872947670246e-6	35.99373470494809
-8.465343262236358e-6	38.31243166217704
-8.17698259381328e-6	40.880945946108184
-7.898444548350357e-6	43.488005727166865
-7.62939453125e-6	45.94543008753764
-7.369509345434914e-6	48.10134287127608
-7.118476803106739e-6	49.84929920687019
-6.875995350729607e-6	51.13160096491675
-6.64177370678806e-6	51.936705196090166
-6.4155305118844185e-6	52.2918925019152
-6.196993990754968e-6	52.25303777107671
-5.985901625799179e-6	51.893431588928664
-5.781999841729735e-6	51.293293399663355
-5.585043700964455e-6	50.53109622574998
-5.3947966093944364e-6	49.67726248708689
-5.211030032174663e-6	48.79031023565967
-5.033523219195911e-6	47.91518743254479
-4.8620629399080785e-6	47.08333852634202
-4.6964432271763496e-6	53.99493252842365
-4.536465129862675e-6	34.13415374820531
-4.381936473835123e-6	35.99131648285059
-4.232671631118179e-6	38.31649442888007
-4.08849129690664e-6	40.889495564686904
-3.949222274175179e-6	43.49911800642548
-3.814697265625e-6	45.95730507459758
-3.684754672717457e-6	48.11238470872871
-3.5592384015533696e-6	49.85819482031921
-3.4379976753648036e-6	51.137375835753595
-3.32088685339403e-6	51.93874462726112
-3.2077652559422093e-6	52.289927080793476
-3.098496995377484e-6	52.2470993571642
-2.9929508128995895e-6	51.8837901794512
-2.8909999208648673e-6	51.28038599705248
-2.7925218504822275e-6	50.51545731854446
-2.6973983046972182e-6	49.65946305707971
-2.6055150160873313e-6	48.77090923784147
-2.5167616095979554e-6	47.894697074820314
-2.4310314699540393e-6	47.0622027124651
-2.3482216135881748e-6	53.97119249077038
-2.2682325649313374e-6	34.12496511298473
-2.1909682369175614e-6	35.98613791609146
-2.1163358155590896e-6	38.314251902659336
-2.04424564845332e-6	40.88916938435777
-1.9746111370875893e-6	43.49974654837946
-1.9073486328125e-6	45.958009655045515
-1.8423773363587285e-6	48.11240563938096
-1.7796192007766848e-6	49.85692569590525
-1.7189988376824018e-6	51.13438586249975
-1.660443426697015e-6	51.93378391993181
-1.6038826279711046e-6	52.28291487346154
-1.549248497688742e-6	52.23809866175078
-1.4964754064497947e-6	51.87297419874698
-1.4454999604324336e-6	51.26800178094132
-1.3962609252411138e-6	50.50179125654812
-1.3486991523486091e-6	49.64481138083288
-1.3027575080436657e-6	48.755555213138805
-1.2583808047989777e-6	47.878895284386054
-1.2155157349770196e-6	47.046169903898296
-1.1741108067940874e-6	53.953068787077335
-1.1341162824656687e-6	34.11639920001282
-1.0954841184587807e-6	35.97934291566697
-1.0581679077795448e-6	38.308638260042315
-1.02212282422666e-6	40.88420031329245
-9.873055685437947e-7	43.49493890731904
-9.5367431640625e-7	45.95294372281316
-9.211886681793642e-7	48.10673889095701
-8.898096003883424e-7	49.850404583290036
-8.594994188412009e-7	51.12685120622953
-8.302217133485075e-7	51.92516808972723
-8.019413139855523e-7	52.273231302967304
-7.74624248844371e-7	52.227425812480206
-7.482377032248974e-7	51.86143673856485
-7.227499802162168e-7	51.255751635577475
-6.981304626205569e-7	50.48899061075278
-6.743495761743046e-7	49.631618929911745
-6.513787540218328e-7	48.74211621036202
-6.291904023994889e-7	47.865335323136236
-6.077578674885098e-7	47.03259196556097
-5.870554033970437e-7	53.93763199674519
-5.670581412328344e-7	34.10807865701454
-5.477420592293904e-7	35.9716813111155
-5.290839538897724e-7	38.30128642533609
-5.1106141211333e-7	40.87686150685629
-4.936527842718973e-7	43.487368200010145
-4.76837158203125e-7	45.94495014073944
-4.605943340896821e-7	48.098187971344075
-4.449048001941712e-7	49.8412188408134
-4.2974970942060045e-7	51.117007014243804
-4.1511085667425373e-7	51.914688775678115
-4.0097065699277616e-7	52.26217729715932
-3.873121244221855e-7	52.21588325124552
-3.741188516124487e-7	51.84950601363339
-3.613749901081084e-7	51.24353713179844
-3.4906523131027844e-7	50.47659245042011
-3.371747880871523e-7	49.61912708846745
-3.256893770109164e-7	48.72960698251772
-3.1459520119974443e-7	47.852869847623914
-3.038789337442549e-7	47.02021636803375
-2.9352770169852185e-7	53.9235074609765
-2.835290706164172e-7	34.09986476780262
-2.738710296146952e-7	35.963573073859756
-2.645419769448862e-7	38.29305424748951
-2.55530706056665e-7	40.86832815888652
-2.4682639213594866e-7	43.47840744117365
-2.384185791015625e-7	45.93548502935674
-2.3029716704484106e-7	48.088187798968264
-2.224524000970856e-7	49.83069393454642
-2.1487485471030023e-7	51.1060013591017
-2.0755542833712687e-7	51.90327106430803
-2.0048532849638808e-7	52.250431391471
-1.9365606221109274e-7	52.203899099246236
-1.8705942580622434e-7	51.83737187663309
-1.806874950540542e-7	51.23133365663262
-1.7453261565513922e-7	50.46438877662516
-1.6858739404357614e-7	49.606978887999595
-1.628446885054582e-7	48.71755612841358
-1.5729760059987222e-7	47.84094530480856
-1.5193946687212745e-7	47.00843588012964
-1.4676385084926092e-7	53.910031544012455
-1.417645353082086e-7	34.09170084715649
-1.369355148073476e-7	35.95523925322361
-1.322709884724431e-7	38.284380496586884
-1.277653530283325e-7	40.859196800769126
-1.2341319606797433e-7	43.46875139521816
-1.1920928955078125e-7	45.925284204259206
-1.1514858352242053e-7	48.07746321766827
-1.112262000485428e-7	49.819499707622555
-1.0743742735515011e-7	51.09441518067408
-1.0377771416856343e-7	51.891384240487305
-1.0024266424819404e-7	52.238339457983386
-9.682803110554637e-8	52.191693892645105
-9.352971290311217e-8	51.82513559639283
-9.03437475270271e-8	51.21913509968147
-8.726630782756961e-8	50.452281620771494
-8.429369702178807e-8	49.595001688816815
-8.14223442527291e-8	48.70573358504978
-7.864880029993611e-8	47.82929033062768
-7.596973343606373e-8	46.99695205924846
-7.338192542463046e-8	53.89687879694968
-7.08822676541043e-8	34.0835617636016
-6.84677574036738e-8	35.94679299382879
-6.613549423622155e-8	38.275486725109744
-6.388267651416625e-8	40.84976753049233
-6.170659803398717e-8	43.4587490402203
-5.960464477539063e-8	45.91471701527321
-5.7574291761210265e-8	48.066378005437926
-5.56131000242714e-8	49.80797240547627
-5.371871367757506e-8	51.08254028040475
-5.188885708428172e-8	51.879264312227576
-5.012133212409702e-8	52.22607584643218
-4.8414015552773186e-8	52.17937936467583
-4.6764856451556086e-8	51.812849318709674
-4.517187376351355e-8	51.20693995195361
-4.3633153913784805e-8	50.44022356438044
-4.2146848510894035e-8	49.583110739618185
-4.071117212636455e-8	48.694025875393834
-3.9324400149968054e-8	47.81777076803195
-3.7984866718031864e-8	46.98561716643582
-3.669096271231523e-8	53.88388829441896
-3.544113382705215e-8	34.07543577085229
-3.42338787018369e-8	35.93829144555248
-3.3067747118110775e-8	38.266484099977724
-3.1941338257083125e-8	40.8401906504513
-3.085329901699358e-8	43.44857502611368
-2.9802322387695312e-8	45.903968245630814
-2.8787145880605133e-8	48.0551141415222
-2.78065500121357e-8	49.79628025126999
-2.685935683878753e-8	51.07052269103169
-2.594442854214086e-8	51.86702946137841
-2.506066606204851e-8	52.213727962812555
-2.4207007776386593e-8	52.167011667830096
-2.3382428225778043e-8	51.80053945373637
-2.2585936881756776e-8	51.19474784071731
-2.1816576956892402e-8	50.42819131544506
-2.1073424255447017e-8	49.57126410743784
-2.0355586063182276e-8	48.68237671905498
-1.9662200074984027e-8	47.806320002784034
-1.8992433359015932e-8	46.97435779459198
-1.8345481356157615e-8	53.8709801245393
-1.7720566913526073e-8	34.067317208310456
-1.711693935091845e-8	35.92976328847508
-1.6533873559055387e-8	38.25742822627543
-1.5970669128541563e-8	40.830541272458284
-1.542664950849679e-8	43.43831659868172
-1.4901161193847656e-8	45.89313018756587
-1.4393572940302566e-8	48.043762513335125
-1.390327500606785e-8	49.78450726601691
-1.3429678419393764e-8	51.0584353610353
-1.297221427107043e-8	51.854738741039924
-1.2530333031024255e-8	52.20133950619729
-1.2103503888193296e-8	52.15461890901425
-1.1691214112889021e-8	51.78821926992999
-1.1292968440878388e-8	51.18255867198989
-1.0908288478446201e-8	50.41617334447777
-1.0536712127723509e-8	49.55944096104908
-1.0177793031591138e-8	48.67075812443481
-9.831100037492013e-9	47.79490488467621
-9.496216679507966e-9	46.96313740098767
-9.172740678078808e-9	53.858114518969465
-8.860283456763037e-9	34.059203302465654
-8.558469675459224e-9	35.92122286916431
-8.266936779527694e-9	38.24834687383603
-7.985334564270781e-9	40.820856891137815
-7.713324754248396e-9	43.42801730126067
-7.450580596923828e-9	45.88224889906212
-7.196786470151283e-9	48.032368476578
-6.951637503033925e-9	49.77269537965332
-6.714839209696882e-9	51.04631469712296
-6.486107135535215e-9	51.84242162702036
-6.2651665155121274e-9	52.1889322941168
-6.051751944096648e-9	52.142215128744155
-5.845607056444511e-9	51.77589540667585
-5.646484220439194e-9	51.170372420105835
-5.454144239223101e-9	50.40416392171209
-5.268356063861754e-9	49.547630930680015
-5.088896515795569e-9	48.659156149645334
-4.915550018746007e-9	47.78350889797944
-4.748108339753983e-9	46.951937776805146
-4.586370339039404e-9	53.845271665111994
-4.430141728381518e-9	34.05109268247765
-4.279234837729612e-9	35.91267735257554
-4.133468389763847e-9	38.23925390027826
-3.992667282135391e-9	40.81115621271253
-3.856662377124198e-9	43.41769885570282
-3.725290298461914e-9	45.871347355385105
-3.5983932350756416e-9	48.020954655816915
-3.4758187515169625e-9	49.76086550797329
-3.357419604848441e-9	51.03417886040386
-3.2430535677676073e-9	51.83009282379972
-3.1325832577560637e-9	52.17651721171155
-3.025875972048324e-9	52.12980733361719
-2.9228035282222554e-9	51.76357117947425
-2.823242110219597e-9	51.15818907653097
-2.7270721196115503e-9	50.392160193777116
-2.634178031930877e-9	49.535828848756516
-2.5444482578977845e-9	48.647563845435286
-2.4577750093730034e-9	47.772123809578034
-2.3740541698769915e-9	46.94074984427419
-2.293185169519702e-9	53.83244168671224
-2.215070864190759e-9	34.04298466766979
-2.139617418864806e-9	35.90413031403956
-2.0667341948819234e-9	38.2301562179478
-1.9963336410676953e-9	40.801448567059055
-1.928331188562099e-9	43.40737209543722
-1.862645149230957e-9	45.86043701480512
-1.7991966175378208e-9	48.00953233428114
-1.7379093757584813e-9	49.749028081965676
-1.6787098024242205e-9	51.022036908083344
-1.6215267838838037e-9	51.81775966477676
-1.5662916288780319e-9	52.16409968771053
-1.512937986024162e-9	52.117399018173984
-1.4614017641111277e-9	51.75124824215153
-1.4116210551097985e-9	51.14600863741795
-1.3635360598057752e-9	50.38016073810907
-1.3170890159654386e-9	49.52403213860388
-1.2722241289488923e-9	48.6359777465685
-1.2288875046865017e-9	47.760745513914124
-1.1870270849384957e-9	46.92956907653223
-1.146592584759851e-9	53.81961965907547
-1.1075354320953796e-9	34.03487891918855
-1.069808709432403e-9	35.89558353682449
-1.0333670974409617e-9	38.221057274005396
-9.981668205338477e-10	40.79173860674867
-9.641655942810495e-10	43.3970424227023
-9.313225746154785e-10	45.84952359106678
-8.995983087689104e-10	47.998107138365555
-8.689546878792406e-10	49.73718830299434
-8.393549012121103e-10	51.00989335643059
-8.107633919419018e-10	51.80542580659014
-7.831458144390159e-10	52.15168242893742
-7.56468993012081e-10	52.10499192470657
-7.307008820555638e-10	51.73892741908132
-7.058105275548992e-10	51.13383110049724
-6.817680299028876e-10	50.36816484495295
-6.585445079827193e-10	49.51223951492881
-6.361120644744461e-10	48.624396124630884
-6.144437523432508e-10	47.74937196323847
-5.935135424692479e-10	46.9183932157089
-5.732962923799255e-10	53.806803126026544
-5.537677160476898e-10	34.026775268035834
-5.349043547162015e-10	35.88703791006541
-5.166835487204809e-10	38.211958787232
-4.990834102669238e-10	40.78202865159248
-4.820827971405247e-10	43.38671253108798
-4.656612873077393e-10	45.83860993305406
-4.4979915438445634e-10	47.98668187336283
-4.344773439396203e-10	49.725348764380364
-4.1967745060605513e-10	50.997750457117895
-4.0538169597094993e-10	51.79309307223496
-3.9157290721950797e-10	52.13926678474276
-3.7823449650604145e-10	52.09258692158525
-3.653504410277819e-10	51.72660912089946
-3.529052637774496e-10	51.12165646418639
-3.4088401495144296e-10	50.356172159927034
-3.2927225399135965e-10	49.50045033634643
-3.1805603223722384e-10	48.61281811726469
-3.072218761716254e-10	47.73800213594633
-2.9675677123462393e-10	46.90722113541184
-2.86648146189962e-10	53.79399086228619
-2.768838580238449e-10	34.01867362976396
-2.6745217735810143e-10	35.87849387691883
-2.5834177436024043e-10	38.20286161445507
-2.495417051334619e-10	40.77231985809117
-2.4104139857026175e-10	43.37638376345163
-2.3283064365386963e-10	45.82769746103572
-2.2489957719222817e-10	47.97525793778266
-2.1723867196981016e-10	49.71351075891402
-2.0983872530302757e-10	50.98560933255674
-2.0269084798547497e-10	51.78076237035032
-1.9578645360975398e-10	52.12685342757375
-1.8911724825302072e-10	52.08018444140983
-1.8267522051389096e-10	51.714293551952224
-1.764526318887248e-10	51.10948472727603
-1.7044200747572148e-10	50.344182505896796
-1.6463612699567982e-10	49.48866428260659
-1.5902801611861192e-10	48.60124329403035
-1.536109380858127e-10	47.72663552218835
-1.4837838561731197e-10	46.89605227353786
-1.43324073094981e-10	53.78118225641232
-1.3844192901192245e-10	34.01057396204718
-1.3372608867905071e-10	35.86995165812644
-1.2917088718012021e-10	38.193766182669286
-1.2477085256673096e-10	40.76261280264785
-1.2052069928513087e-10	43.36605678909983
-1.1641532182693481e-10	45.81678688289911
-1.1244978859611408e-10	47.96383602864348
-1.0861933598490508e-10	49.701674930881964
-1.0491936265151378e-10	50.97347054206259
-1.0134542399273748e-10	51.76843415364593
-9.789322680487699e-11	52.11444269235768
-9.455862412651036e-11	52.06778469950532
-9.133761025694548e-11	51.70198081374546
-8.82263159443624e-11	51.097315888772975
-8.522100373786074e-11	50.332195794146045
-8.231806349783991e-11	49.47688119363138
-7.951400805930596e-11	48.58967143990696
-7.680546904290636e-11	47.71527186734871
-7.418919280865598e-11	46.884886349417215
-7.16620365474905e-11	53.768377003094514
-6.922096450596122e-11	34.00247624355436
-6.686304433952536e-11	35.86141136351795
-6.458544359006011e-11	38.18467270453323
-6.238542628336548e-11	40.75290777240312
-6.026034964256544e-11	43.35573194147964
-5.820766091346741e-11	45.80587855131043
-5.622489429805704e-11	47.952416493175384
-5.430966799245254e-11	49.68984160120595
-5.245968132575689e-11	50.96133436417607
-5.067271199636874e-11	51.75610864749639
-4.8946613402438496e-11	52.10203474573304
-4.727931206325518e-11	52.05538780286915
-4.566880512847274e-11	51.68967095652162
-4.41131579721812e-11	51.085149947810955
-4.261050186893037e-11	50.320211980069054
-4.1159031748919956e-11	49.465100989234635
-3.975700402965298e-11	48.57810244731538
-3.840273452145318e-11	47.70391104410853
-3.709459640432799e-11	46.87372322274325
-3.583101827374525e-11	53.755574949693596
-3.461048225298061e-11	33.99438046341541
-3.343152216976268e-11	35.85287304761159
-3.2292721795030053e-11	38.17558128582308
-3.119271314168274e-11	40.74320491025478
-3.013017482128272e-11	43.345409386560895
-2.9103830456733704e-11	45.79497264180588
-2.811244714902852e-11	47.94099950418889
-2.715483399622627e-11	49.678010929565865
-2.6229840662878446e-11	50.949200937435116
-2.533635599818437e-11	51.74378596392323
-2.4473306701219248e-11	52.08962967043059
-2.363965603162759e-11	52.04299380449267
-2.283440256423637e-11	51.677364004973946
-2.20565789860906e-11	51.07298690360215
-2.1305250934465185e-11	50.30823104107263
-2.0579515874459978e-11	49.45332362908678
-1.987850201482649e-11	48.56653626227259
-1.920136726072659e-11	47.69255298864729
-1.8547298202163996e-11	46.862562823224465
-1.7915509136872626e-11	53.74277601972857
-1.7305241126490306e-11	33.98628661598978
-1.671576108488134e-11	35.844336737359555
-1.6146360897515027e-11	38.166491979034646
-1.559635657084137e-11	40.733504287191735
-1.506508741064136e-11	43.33508920681938
-1.4551915228366852e-11	45.78406924161452
-1.405622357451426e-11	47.92958514753867
-1.3577416998113135e-11	49.66618299525631
-1.3114920331439223e-11	50.93707033058217
-1.2668177999092185e-11	51.73146615843984
-1.2236653350609624e-11	52.07722750735405
-1.1819828015813795e-11	52.03060273044897
-1.1417201282118185e-11	51.66505997106563
-1.10282894930453e-11	51.06082675540616
-1.0652625467232593e-11	50.29625296554681
-1.0289757937229989e-11	49.44154909273812
-9.939251007413245e-12	48.55497285752507
-9.600683630363294e-12	47.681197668810775
-9.273649101081998e-12	46.851405115484326
-8.957754568436313e-12	53.72998017468777
-8.652620563245153e-12	33.97819469823066
-8.35788054244067e-12	35.835802445954194
-8.073180448757513e-12	38.157404810081275
-7.798178285420685e-12	40.72380593833092
-7.53254370532068e-12	43.32477144308186
-7.275957614183426e-12	45.77316839391619
-7.02811178725713e-12	47.91817346570438
-6.788708499056567e-12	49.65435783747351
-6.5574601657196114e-12	50.9249425775429
-6.334088999546093e-12	51.719149258369654
-6.118326675304812e-12	52.06482827653944
-5.9099140079068976e-12	52.01821459337905
-5.7086006410590925e-12	51.65275886040424
-5.51414474652265e-12	51.048669502500225
-5.326312733616296e-12	50.284277747354004
-5.1448789686149945e-12	49.429777369648846
-4.9696255037066225e-12	48.54341221914655
-4.800341815181647e-12	47.66984506823484
-4.636824550540999e-12	46.84025008155768
-4.4788772842181565e-12	53.71718739499555
-4.3263102816225765e-12	33.97010470838522
-4.178940271220335e-12	35.827270179726696
-4.036590224378757e-12	38.148319791620956
-3.8990891427103424e-12	40.714109880901674
-3.76627185266034e-12	43.31445611540672
-3.637978807091713e-12	45.76227011992597
-3.514055893628565e-12	47.906764479537316
-3.3943542495282837e-12	49.64253547541999
-3.2787300828598057e-12	50.91281769488331
-3.1670444997730463e-12	51.706835276981565
-3.059163337652406e-12	52.052431987619805
-2.9549570039534488e-12	52.00582939922919
-2.8543003205295463e-12	51.64046067543183
-2.757072373261325e-12	51.03651514417417
-2.663156366808148e-12	50.27230538308943
-2.5724394843074972e-12	49.41800845422518
-2.4848127518533113e-12	48.53185433986081
-2.4001709075908236e-12	47.65849517843392
-2.3184122752704995e-12	46.82909771216622
-2.2394386421090783e-12	53.70439767052505
-2.1631551408112883e-12	33.96201664535051
-2.0894701356101674e-12	35.81873994159301
-2.0182951121893783e-12	38.139236929709064
-1.9495445713551712e-12	40.70441612322171
-1.88313592633017e-12	43.304143233505144
-1.8189894035458565e-12	45.75137442991532
-1.7570279468142826e-12	47.89535819911323
-1.6971771247641418e-12	49.63071591833759
-1.6393650414299029e-12	50.90069569052197
-1.5835222498865232e-12	51.69452422054465
-1.529581668826203e-12	52.040038645048924
-1.4774785019767244e-12	51.99344715061505
-1.4271501602647731e-12	51.62816541701915
-1.3785361866306626e-12	51.024363679730946
-1.331578183404074e-12	50.2603358707177
-1.2862197421537486e-12	49.40624234334606
-1.2424063759266556e-12	48.52029921571381
-1.2000854537954118e-12	47.64714799485675
-1.1592061376352497e-12	46.817948002369185
-1.1197193210545391e-12	53.691610995867705
-1.0815775704056441e-12	33.95393050835091
-1.0447350678050837e-12	35.81021173276912
-1.0091475560946892e-12	38.13015622711162
-9.747722856775856e-13	40.69472466916815
-9.41567963165085e-13	43.29383280193163
-9.094947017729282e-13	45.74048132870172
-8.785139734071413e-13	47.88395462913746
-8.485885623820709e-13	49.61889917050409
-8.196825207149514e-13	50.88857656806803
-7.917611249432616e-13	51.68221609183984
-7.647908344131015e-13	52.02764825069975
-7.387392509883622e-13	51.98106784849302
-7.135750801323866e-13	51.61587308525442
-6.892680933153313e-13	51.01221510848072
-6.65789091702037e-13	50.24836920888614
-6.431098710768743e-13	49.39447903512266
-6.212031879633278e-13	48.50874684440698
-6.000427268977059e-13	47.63580351491245
-5.796030688176249e-13	46.80680094938663
-5.598596605272696e-13	53.678827367963564
-5.407887852028221e-13	33.94584629677045
-5.223675339025419e-13	35.801685553619826
-5.045737780473446e-13	38.12107768495072
-4.873861428387928e-13	40.685035520399815
-4.707839815825425e-13	43.28352482266507
-4.547473508864641e-13	45.72959081837851
-4.3925698670357064e-13	47.872553771632724
-4.2429428119103546e-13	49.60708523371691
-4.098412603574757e-13	50.87646032897658
-3.958805624716308e-13	51.669910891903605
-3.8239541720655075e-13	52.01526080515344
-3.693696254941811e-13	51.96869149298708
-3.567875400661933e-13	51.60358367983096
-3.4463404665766565e-13	51.0000694297326
-3.328945458510185e-13	50.236405396578355
-3.2155493553843715e-13	49.38271852827683
-3.106015939816639e-13	48.49719722446365
-3.0002136344885295e-13	47.62446173698445
-2.8980153440881244e-13	46.79565655151322
-2.799298302636348e-13	53.66604678491832
-2.7039439260141103e-13	33.93776401006666
-2.6118376695127093e-13	35.793161404078134
-2.522868890236723e-13	38.11200130352045
-2.436930714193964e-13	40.675348677460185
-2.3539199079127124e-13	43.273219296390515
-2.2737367544323206e-13	45.71870289967083
-2.1962849335178532e-13	47.86115562727428
-2.1214714059551773e-13	49.595274108527335
-2.0492063017873786e-13	50.8643469736199
-1.979402812358154e-13	51.657608620894536
-1.9119770860327537e-13	52.00287630833968
-1.8468481274709055e-13	51.95631808379999
-1.7839377003309664e-13	51.59129720023996
-1.7231702332883282e-13	50.98792664279097
-1.6644727292550926e-13	50.224444432942285
-1.6077746776921858e-13	49.3709608218325
-1.5530079699083195e-13	48.48565035481532
-1.5001068172442648e-13	47.613122659940856
-1.4490076720440622e-13	46.78451480757889
-1.399649151318174e-13	53.65326924542367
-1.3519719630070552e-13	33.92968364774153
-1.3059188347563546e-13	35.78463928387144
-1.2614344451183615e-13	38.10292708271321
-1.218465357096982e-13	40.66566414034955
-1.1769599539563562e-13	43.26291622316178
-1.1368683772161603e-13	45.70781757263663
-1.0981424667589266e-13	47.84976019608125
-1.0607357029775887e-13	49.583465794881214
-1.0246031508936893e-13	50.85223650184622
-9.89701406179077e-14	51.64530927854893
-9.559885430163769e-14	51.99049475987827
-9.234240637354527e-14	51.943947620438465
-8.919688501654832e-14	51.57901364588478
-8.615851166441641e-14	50.97578674696968
-8.322363646275463e-14	50.21248631721858
-8.038873388460929e-14	49.35920591497362
-7.765039849541598e-14	48.47410623460548
-7.500534086221324e-14	47.60178628289901
-7.245038360220311e-14	46.7733757166871
-6.99824575659087e-14	53.64049474846633
-6.759859815035276e-14	33.921605209317114
-6.529594173781773e-14	35.7761191926207
-6.307172225591807e-14	38.09385502221603
-6.09232678548491e-14	40.65598190879051
-5.884799769781781e-14	43.25261560271008
-5.684341886080802e-14	45.69693483699187
5.684341886080802e-14	45.696934836993144
5.884799769781781e-14	43.2526156027113
6.09232678548491e-14	40.655981908791695
6.307172225591807e-14	38.09385502221719
6.529594173781773e-14	35.77611919262186
6.759859815035276e-14	33.92160520931828
6.99824575659087e-14	53.64049474846839
7.245038360220311e-14	46.77337571668907
7.500534086221324e-14	47.60178628290103
7.765039849541598e-14	48.47410623460758
8.038873388460929e-14	49.35920591497577
8.322363646275463e-14	50.21248631722079
8.615851166441641e-14	50.97578674697193
8.919688501654832e-14	51.579013645887066
9.234240637354527e-14	51.943947620440774
9.559885430163769e-14	51.990494759880576
9.89701406179077e-14	51.645309278551224
1.0246031508936893e-13	50.8522365018485
1.0607357029775887e-13	49.583465794883416
1.0981424667589266e-13	47.849760196083395
1.1368683772161603e-13	45.70781757263872
1.1769599539563562e-13	43.262916223163806
1.218465357096982e-13	40.66566414035153
1.2614344451183615e-13	38.10292708271516
1.3059188347563546e-13	35.784639283873375
1.3519719630070552e-13	33.92968364774356
1.399649151318174e-13	53.65326924542673
1.4490076720440622e-13	46.78451480758136
1.5001068172442648e-13	47.61312265994336
1.5530079699083195e-13	48.485650354817814
1.6077746776921858e-13	49.37096082183497
1.6644727292550926e-13	50.22444443294471
1.7231702332883282e-13	50.987926642793326
1.7839377003309664e-13	51.59129720024221
1.8468481274709055e-13	51.95631808380212
1.9119770860327537e-13	52.00287630834163
1.979402812358154e-13	51.65760862089629
2.0492063017873786e-13	50.86434697362145
2.1214714059551773e-13	49.595274108528635
2.1962849335178532e-13	47.86115562727536
2.2737367544323206e-13	45.71870289967168
2.3539199079127124e-13	43.273219296391154
2.436930714193964e-13	40.67534867746066
2.522868890236723e-13	38.112001303520785
2.6118376695127093e-13	35.793161404078354
2.7039439260141103e-13	33.9377640100668
2.799298302636348e-13	53.66604678491889
2.8980153440881244e-13	46.7956565515139
3.0002136344885295e-13	47.62446173698508
3.106015939816639e-13	48.49719722446425
3.2155493553843715e-13	49.38271852827738
3.328945458510185e-13	50.23640539657889
3.4463404665766565e-13	51.00006942973309
3.567875400661933e-13	51.60358367983145
3.693696254941811e-13	51.968691492987546
3.8239541720655075e-13	52.015260805153886
3.958805624716308e-13	51.66991089190403
4.098412603574757e-13	50.87646032897699
4.2429428119103546e-13	49.607085233717314
4.3925698670357064e-13	47.87255377163312
4.547473508864641e-13	45.7295908183789
4.707839815825425e-13	43.28352482266547
4.873861428387928e-13	40.685035520400206
5.045737780473446e-13	38.12107768495113
5.223675339025419e-13	35.80168555362024
5.407887852028221e-13	33.945846296770895
5.598596605272696e-13	53.67882736796423
5.796030688176249e-13	46.806800949387146
6.000427268977059e-13	47.63580351491294
6.212031879633278e-13	48.508746844407426
6.431098710768743e-13	49.39447903512304
6.65789091702037e-13	50.2483692088865
6.892680933153313e-13	51.01221510848104
7.135750801323866e-13	51.61587308525467
7.387392509883622e-13	51.981067848493225
7.647908344131015e-13	52.027648250699876
7.917611249432616e-13	51.68221609183991
8.196825207149514e-13	50.888576568068025
8.485885623820709e-13	49.61889917050404
8.785139734071413e-13	47.88395462913736
9.094947017729282e-13	45.740481328701584
9.41567963165085e-13	43.293832801931444
9.747722856775856e-13	40.694724669168004
1.0091475560946892e-12	38.130156227111456
1.0447350678050837e-12	35.81021173276899
1.0815775704056441e-12	33.95393050835083
1.1197193210545391e-12	53.691610995867485
1.1592061376352497e-12	46.81794800236892
1.2000854537954118e-12	47.64714799485645
1.2424063759266556e-12	48.520299215713464
1.2862197421537486e-12	49.406242343345625
1.331578183404074e-12	50.260335870717185
1.3785361866306626e-12	51.02436367973036
1.4271501602647731e-12	51.62816541701847
1.4774785019767244e-12	51.99344715061427
1.529581668826203e-12	52.040038645047986
1.5835222498865232e-12	51.69452422054366
1.6393650414299029e-12	50.90069569052086
1.6971771247641418e-12	49.63071591833641
1.7570279468142826e-12	47.895358199112
1.8189894035458565e-12	45.75137442991404
1.88313592633017e-12	43.30414323350385
1.9495445713551712e-12	40.70441612322042
2.0182951121893783e-12	38.13923692970782
2.0894701356101674e-12	35.818739941591815
2.1631551408112883e-12	33.962016645349344
2.2394386421090783e-12	53.70439767052301
2.3184122752704995e-12	46.8290977121644
2.4001709075908236e-12	47.658495178431984
2.4848127518533113e-12	48.53185433985875
2.5724394843074972e-12	49.41800845422298
2.663156366808148e-12	50.272305383087065
2.757072373261325e-12	51.03651514417164
2.8543003205295463e-12	51.64046067542917
2.9549570039534488e-12	52.00582939922638
3.059163337652406e-12	52.05243198761688
3.1670444997730463e-12	51.70683527697853
3.2787300828598057e-12	50.91281769488018
3.3943542495282837e-12	49.64253547541687
3.514055893628565e-12	47.906764479534196
3.637978807091713e-12	45.76227011992292
3.76627185266034e-12	43.31445611540377
3.8990891427103424e-12	40.71410988089885
4.036590224378757e-12	38.14831979161831
4.178940271220335e-12	35.827270179724245
4.3263102816225765e-12	33.9701047083829
4.4788772842181565e-12	53.71718739499232
4.636824550540999e-12	46.8402500815553
4.800341815181647e-12	47.66984506823251
4.9696255037066225e-12	48.5434122191442
5.1448789686149945e-12	49.42977736964652
5.326312733616296e-12	50.28427774735172
5.51414474652265e-12	51.04866950249802
5.7086006410590925e-12	51.652758860402066
5.9099140079068976e-12	52.018214593376975
6.118326675304812e-12	52.064828276537426
6.334088999546093e-12	51.71914925836776
6.5574601657196114e-12	50.92494257754112
6.788708499056567e-12	49.65435783747185
7.02811178725713e-12	47.91817346570287
7.275957614183426e-12	45.77316839391481
7.53254370532068e-12	43.324771443080635
7.798178285420685e-12	40.723805938329875
8.073180448757513e-12	38.157404810080386
8.35788054244067e-12	35.83580244595345
8.652620563245153e-12	33.97819469823
8.957754568436313e-12	53.72998017468714
9.273649101081998e-12	46.85140511548407
9.600683630363294e-12	47.68119766881058
9.939251007413245e-12	48.554972857525016
1.0289757937229989e-11	49.44154909273818
1.0652625467232593e-11	50.296252965547005
1.10282894930453e-11	51.060826755406495
1.1417201282118185e-11	51.66505997106608
1.1819828015813795e-11	52.03060273044956
1.2236653350609624e-11	52.07722750735474
1.2668177999092185e-11	51.731466158440625
1.3114920331439223e-11	50.937070330583076
1.3577416998113135e-11	49.66618299525729
1.405622357451426e-11	47.9295851475397
1.4551915228366852e-11	45.784069241615576
1.506508741064136e-11	43.33508920682045
1.559635657084137e-11	40.733504287192744
1.6146360897515027e-11	38.16649197903561
1.671576108488134e-11	35.844336737360464
1.7305241126490306e-11	33.98628661599061
1.7915509136872626e-11	53.742776019729945
1.8547298202163996e-11	46.86256282322558
1.920136726072659e-11	47.69255298864845
1.987850201482649e-11	48.56653626227378
2.0579515874459978e-11	49.45332362908802
2.1305250934465185e-11	50.30823104107388
2.20565789860906e-11	51.07298690360344
2.283440256423637e-11	51.6773640049753
2.363965603162759e-11	52.04299380449401
2.4473306701219248e-11	52.089629670431954
2.533635599818437e-11	51.743785963924616
2.6229840662878446e-11	50.94920093743648
2.715483399622627e-11	49.678010929567236
2.811244714902852e-11	47.940999504190174
2.9103830456733704e-11	45.79497264180712
3.013017482128272e-11	43.345409386562054
3.119271314168274e-11	40.74320491025583
3.2292721795030053e-11	38.175581285824045
3.343152216976268e-11	35.852873047612455
3.461048225298061e-11	33.99438046341621
3.583101827374525e-11	53.75557494969449
3.709459640432799e-11	46.87372322274376
3.840273452145318e-11	47.70391104410892
3.975700402965298e-11	48.57810244731567
4.1159031748919956e-11	49.46510098923478
4.261050186893037e-11	50.32021198006904
4.41131579721812e-11	51.085149947810784
4.566880512847274e-11	51.6896709565213
4.727931206325518e-11	52.05538780286864
4.8946613402438496e-11	52.10203474573238
5.067271199636874e-11	51.75610864749555
5.245968132575689e-11	50.96133436417507
5.430966799245254e-11	49.68984160120483
5.622489429805704e-11	47.95241649317416
5.820766091346741e-11	45.80587855130911
6.026034964256544e-11	43.35573194147825
6.238542628336548e-11	40.75290777240164
6.458544359006011e-11	38.18467270453171
6.686304433952536e-11	35.86141136351631
6.922096450596122e-11	34.002476243552636
7.16620365474905e-11	53.76837700309191
7.418919280865598e-11	46.88488634941519
7.680546904290636e-11	47.715271867346615
7.951400805930596e-11	48.589671439904805
8.231806349783991e-11	49.476881193629204
8.522100373786074e-11	50.332195794143864
8.82263159443624e-11	51.0973158887708
9.133761025694548e-11	51.70198081374334
9.455862412651036e-11	52.06778469950331
9.789322680487699e-11	52.11444269235578
1.0134542399273748e-10	51.768434153644165
1.0491936265151378e-10	50.97347054206101
1.0861933598490508e-10	49.701674930880536
1.1244978859611408e-10	47.96383602864221
1.1641532182693481e-10	45.81678688289797
1.2052069928513087e-10	43.36605678909881
1.2477085256673096e-10	40.762612802646906
1.2917088718012021e-10	38.19376618266837
1.3372608867905071e-10	35.86995165812546
1.3844192901192245e-10	34.010573962046074
1.43324073094981e-10	53.781182256410425
1.4837838561731197e-10	46.896052273536235
1.536109380858127e-10	47.72663552218675
1.5902801611861192e-10	48.60124329402877
1.6463612699567982e-10	49.4886642826051
1.7044200747572148e-10	50.3441825058954
1.764526318887248e-10	51.10948472727476
1.8267522051389096e-10	51.714293551951094
1.8911724825302072e-10	52.08018444140889
1.9578645360975398e-10	52.12685342757302
2.0269084798547497e-10	51.780762370349805
2.0983872530302757e-10	50.98560933255645
2.1723867196981016e-10	49.71351075891394
2.2489957719222817e-10	47.97525793778273
2.3283064365386963e-10	45.82769746103591
2.4104139857026175e-10	43.37638376345188
2.495417051334619e-10	40.77231985809139
2.5834177436024043e-10	38.20286161445519
2.6745217735810143e-10	35.87849387691877
2.768838580238449e-10	34.018673629763626
2.86648146189962e-10	53.79399086228526
2.9675677123462393e-10	46.90722113541103
3.072218761716254e-10	47.73800213594561
3.1805603223722384e-10	48.612818117264084
3.2927225399135965e-10	49.50045033634597
3.4088401495144296e-10	50.356172159926764
3.529052637774496e-10	51.12165646418634
3.653504410277819e-10	51.726609120899674
3.7823449650604145e-10	52.092586921585756
3.9157290721950797e-10	52.13926678474357
4.0538169597094993e-10	51.79309307223607
4.1967745060605513e-10	50.99775045711932
4.344773439396203e-10	49.725348764382026
4.4979915438445634e-10	47.9866818733647
4.656612873077393e-10	45.83860993305601
4.820827971405247e-10	43.38671253108994
4.990834102669238e-10	40.78202865159434
5.166835487204809e-10	38.211958787233655
5.349043547162015e-10	35.88703791006674
5.537677160476898e-10	34.02677526803676
5.732962923799255e-10	53.80680312602705
5.935135424692479e-10	46.918393215708896
6.144437523432508e-10	47.74937196323851
6.361120644744461e-10	48.624396124630955
6.585445079827193e-10	49.51223951492897
6.817680299028876e-10	50.36816484495323
7.058105275548992e-10	51.13383110049763
7.307008820555638e-10	51.738927419081875
7.56468993012081e-10	52.10499192470733
7.831458144390159e-10	52.15168242893838
8.107633919419018e-10	51.805425806591316
8.393549012121103e-10	51.009893356431974
8.689546878792406e-10	49.73718830299591
8.995983087689104e-10	47.99810713836725
9.313225746154785e-10	45.84952359106858
9.641655942810495e-10	43.397042422704125
9.981668205338477e-10	40.79173860675047
1.0333670974409617e-9	38.22105727400706
1.069808709432403e-9	35.89558353682598
1.1075354320953796e-9	34.03487891918983
1.146592584759851e-9	53.81961965907677
1.1870270849384957e-9	46.92956907653286
1.2288875046865017e-9	47.76074551391478
1.2722241289488923e-9	48.63597774656919
1.3170890159654386e-9	49.524032138604625
1.3635360598057752e-9	50.380160738109865
1.4116210551097985e-9	51.14600863741881
1.4614017641111277e-9	51.75124824215246
1.512937986024162e-9	52.11739901817498
1.5662916288780319e-9	52.164099687711634
1.6215267838838037e-9	51.81775966477794
1.6787098024242205e-9	51.02203690808463
1.7379093757584813e-9	49.749028081967055
1.7991966175378208e-9	48.00953233428255
1.862645149230957e-9	45.8604370148066
1.928331188562099e-9	43.407372095438696
1.9963336410676953e-9	40.80144856706057
2.0667341948819234e-9	38.230156217949265
2.139617418864806e-9	35.90413031404098
2.215070864190759e-9	34.04298466767119
2.293185169519702e-9	53.832441686713636
2.3740541698769915e-9	46.94074984427507
2.4577750093730034e-9	47.772123809578936
2.5444482578977845e-9	48.647563845436196
2.634178031930877e-9	49.53582884875744
2.7270721196115503e-9	50.39216019377802
2.823242110219597e-9	51.15818907653187
2.9228035282222554e-9	51.763571179475136
3.025875972048324e-9	52.12980733361803
3.1325832577560637e-9	52.176517211712365
3.2430535677676073e-9	51.830092823800484
3.357419604848441e-9	51.03417886040461
3.4758187515169625e-9	49.76086550797398
3.5983932350756416e-9	48.02095465581753
3.725290298461914e-9	45.87134735538567
3.856662377124198e-9	43.41769885570336
3.992667282135391e-9	40.811156212713016
4.133468389763847e-9	38.23925390027872
4.279234837729612e-9	35.912677352576004
4.430141728381518e-9	34.05109268247813
4.586370339039404e-9	53.84527166511272
4.748108339753983e-9	46.95193777680567
4.915550018746007e-9	47.78350889797999
5.088896515795569e-9	48.659156149645916
5.268356063861754e-9	49.5476309306806
5.454144239223101e-9	50.40416392171267
5.646484220439194e-9	51.170372420106446
5.845607056444511e-9	51.77589540667642
6.051751944096648e-9	52.142215128744716
6.2651665155121274e-9	52.18893229411732
6.486107135535215e-9	51.84242162702082
6.714839209696882e-9	51.04631469712336
6.951637503033925e-9	49.77269537965366
7.196786470151283e-9	48.03236847657826
7.450580596923828e-9	45.882248899062354
7.713324754248396e-9	43.42801730126082
7.985334564270781e-9	40.82085689113792
8.266936779527694e-9	38.2483468738361
8.558469675459224e-9	35.921222869164346
8.860283456763037e-9	34.059203302465626
9.172740678078808e-9	53.85811451896967
9.496216679507966e-9	46.96313740098804
9.831100037492013e-9	47.794904884676605
1.0177793031591138e-8	48.6707581244352
1.0536712127723509e-8	49.55944096104951
1.0908288478446201e-8	50.4161733444782
1.1292968440878388e-8	51.18255867199036
1.1691214112889021e-8	51.78821926993051
1.2103503888193296e-8	52.15461890901477
1.2530333031024255e-8	52.20133950619783
1.297221427107043e-8	51.85473874104051
1.3429678419393764e-8	51.058435361035926
1.390327500606785e-8	49.78450726601758
1.4393572940302566e-8	48.0437625133358
1.4901161193847656e-8	45.89313018756657
1.542664950849679e-8	43.43831659868245
1.5970669128541563e-8	40.830541272459016
1.6533873559055387e-8	38.257428226276176
1.711693935091845e-8	35.92976328847584
1.7720566913526073e-8	34.067317208311216
1.8345481356157615e-8	53.870980124540594
1.8992433359015932e-8	46.974357794593004
1.9662200074984027e-8	47.80632000278502
2.0355586063182276e-8	48.68237671905596
2.1073424255447017e-8	49.57126410743877
2.1816576956892402e-8	50.42819131544594
2.2585936881756776e-8	51.1947478407181
2.3382428225778043e-8	51.80053945373707
2.4207007776386593e-8	52.16701166783072
2.506066606204851e-8	52.213727962813046
2.594442854214086e-8	51.86702946137883
2.685935683878753e-8	51.070522691032
2.78065500121357e-8	49.796280251270204
2.8787145880605133e-8	48.055114141522324
2.9802322387695312e-8	45.90396824563091
3.085329901699358e-8	43.44857502611372
3.1941338257083125e-8	40.84019065045133
3.3067747118110775e-8	38.26648409997781
3.42338787018369e-8	35.93829144555262
3.544113382705215e-8	34.07543577085252
3.669096271231523e-8	53.88388829441879
3.7984866718031864e-8	46.98561716643527
3.9324400149968054e-8	47.81777076803119
4.071117212636455e-8	48.694025875392875
4.2146848510894035e-8	49.58311073961699
4.3633153913784805e-8	50.44022356437894
4.517187376351355e-8	51.206939951951824
4.6764856451556086e-8	51.81284931870757
4.8414015552773186e-8	52.17937936467338
5.012133212409702e-8	52.226075846429396
5.188885708428172e-8	51.879264312224464
5.371871367757506e-8	51.08254028040134
5.56131000242714e-8	49.80797240547262
5.7574291761210265e-8	48.0663780054341
5.960464477539063e-8	45.91471701526929
6.170659803398717e-8	43.45874904021632
6.388267651416625e-8	40.849767530488414
6.613549423622155e-8	38.27548672510594
6.84677574036738e-8	35.94679299382514
7.08822676541043e-8	34.08356176359815
7.338192542463046e-8	53.89687879694517
7.596973343606373e-8	46.996952059245274
7.864880029993611e-8	47.829290330624424
8.14223442527291e-8	48.70573358504652
8.429369702178807e-8	49.595001688813525
8.726630782756961e-8	50.45228162076818
9.03437475270271e-8	51.2191350996782
9.352971290311217e-8	51.825135596389586
9.682803110554637e-8	52.19169389264189
1.0024266424819404e-7	52.23833945798028
1.0377771416856343e-7	51.89138424048432
1.0743742735515011e-7	51.09441518067119
1.112262000485428e-7	49.81949970761981
1.1514858352242053e-7	48.0774632176657
1.1920928955078125e-7	45.9252842042568
1.2341319606797433e-7	43.46875139521594
1.277653530283325e-7	40.859196800767066
1.322709884724431e-7	38.28438049658493
1.369355148073476e-7	35.95523925322173
1.417645353082086e-7	34.091700847154655
1.4676385084926092e-7	53.910031544009854
1.5193946687212745e-7	47.008435880127486
1.5729760059987222e-7	47.84094530480645
1.628446885054582e-7	48.7175561284115
1.6858739404357614e-7	49.60697888799757
1.7453261565513922e-7	50.46438877662319
1.806874950540542e-7	51.23133365663072
1.8705942580622434e-7	51.83737187663131
1.9365606221109274e-7	52.2038990992446
2.0048532849638808e-7	52.2504313914695
2.0755542833712687e-7	51.9032710643067
2.1487485471030023e-7	51.106001359100546
2.224524000970856e-7	49.83069393454545
2.3029716704484106e-7	48.0881877989675
2.384185791015625e-7	45.93548502935614
2.4682639213594866e-7	43.47840744117322
2.55530706056665e-7	40.868328158886236
2.645419769448862e-7	38.29305424748934
2.738710296146952e-7	35.96357307385966
2.835290706164172e-7	34.099864767802565
2.9352770169852185e-7	53.923507460976616
3.038789337442549e-7	47.020216368033985
3.1459520119974443e-7	47.852869847624255
3.256893770109164e-7	48.72960698251813
3.371747880871523e-7	49.61912708846799
3.4906523131027844e-7	50.47659245042078
3.613749901081084e-7	51.24353713179921
3.741188516124487e-7	51.84950601363428
3.873121244221855e-7	52.21588325124649
4.0097065699277616e-7	52.262177297160434
4.1511085667425373e-7	51.914688775679345
4.2974970942060045e-7	51.1170070142451
4.449048001941712e-7	49.84121884081477
4.605943340896821e-7	48.098187971345475
4.76837158203125e-7	45.94495014074083
4.936527842718973e-7	43.48736820001153
5.1106141211333e-7	40.876861506857615
5.290839538897724e-7	38.30128642533736
5.477420592293904e-7	35.971681311116654
5.670581412328344e-7	34.108078657015625
5.870554033970437e-7	53.93763199674674
6.077578674885098e-7	47.0325919655624
6.291904023994889e-7	47.865335323137785
6.513787540218328e-7	48.742116210363754
6.743495761743046e-7	49.6316189299136
6.981304626205569e-7	50.48899061075481
7.227499802162168e-7	51.25575163557967
7.482377032248974e-7	51.86143673856723
7.74624248844371e-7	52.22742581248276
8.019413139855523e-7	52.27323130296999
8.302217133485075e-7	51.92516808973001
8.594994188412009e-7	51.12685120623241
8.898096003883424e-7	49.85040458329298
9.211886681793642e-7	48.10673889095995
9.5367431640625e-7	45.952943722816045
9.873055685437947e-7	43.49493890732186
1.02212282422666e-6	40.884200313295125
1.0581679077795448e-6	38.308638260044866
1.0954841184587807e-6	35.979342915669314
1.1341162824656687e-6	34.11639920001502
1.1741108067940874e-6	53.95306878708046
1.2155157349770196e-6	47.04616990390081
1.2583808047989777e-6	47.87889528438866
1.3027575080436657e-6	48.75555521314149
1.3486991523486091e-6	49.64481138083565
1.3962609252411138e-6	50.501791256550966
1.4454999604324336e-6	51.26800178094425
1.4964754064497947e-6	51.87297419875
1.549248497688742e-6	52.238098661753874
1.6038826279711046e-6	52.282914873464705
1.660443426697015e-6	51.93378391993498
1.7189988376824018e-6	51.13438586250294
1.7796192007766848e-6	49.856925695908394
1.8423773363587285e-6	48.112405639384065
1.9073486328125e-6	45.95800965504853
1.9746111370875893e-6	43.499746548382355
2.04424564845332e-6	40.88916938436053
2.1163358155590896e-6	38.31425190266194
2.1909682369175614e-6	35.98613791609388
2.2682325649313374e-6	34.12496511298703
2.3482216135881748e-6	53.97119249077363
2.4310314699540393e-6	47.0622027124677
2.5167616095979554e-6	47.89469707482291
2.6055150160873313e-6	48.77090923784404
2.6973983046972182e-6	49.659463057082256
2.7925218504822275e-6	50.51545731854695
2.8909999208648673e-6	51.280385997054914
2.9929508128995895e-6	51.88379017945357
3.098496995377484e-6	52.24709935716647
3.2077652559422093e-6	52.28992708079563
3.32088685339403e-6	51.93874462726317
3.4379976753648036e-6	51.13737583575548
3.5592384015533696e-6	49.85819482032097
3.684754672717457e-6	48.11238470873031
3.814697265625e-6	45.95730507459902
3.949222274175179e-6	43.49911800642679
4.08849129690664e-6	40.88949556468808
4.232671631118179e-6	38.31649442888116
4.381936473835123e-6	35.991316482851566
4.536465129862675e-6	34.13415374820623
4.6964432271763496e-6	53.99493252842548
4.8620629399080785e-6	47.08333852634392
5.033523219195911e-6	47.91518743254675
5.211030032174663e-6	48.79031023566167
5.3947966093944364e-6	49.677262487088946
5.585043700964455e-6	50.53109622575207
5.781999841729735e-6	51.29329339966549
5.985901625799179e-6	51.89343158893083
6.196993990754968e-6	52.25303777107891
6.4155305118844185e-6	52.29189250191742
6.64177370678806e-6	51.93670519609236
6.875995350729607e-6	51.131600964918896
7.118476803106739e-6	49.84929920687226
7.369509345434914e-6	48.10134287127804
7.62939453125e-6	45.94543008753947
7.898444548350357e-6	43.48800572716851
8.17698259381328e-6	40.880945946109634
8.465343262236358e-6	38.312431662178255
8.763872947670246e-6	35.99373470494907
9.07293025972535e-6	34.14510805499066
9.392886454352699e-6	54.0308260425485
9.724125879816157e-6	47.11540258804827
1.0067046438391822e-5	47.94582303828886
1.0422060064349325e-5	48.818621628347174
1.0789593218788873e-5	49.70222474161692
1.117008740192891e-5	50.55160157734394
1.156399968345947e-5	51.30822389312621
1.1971803251598358e-5	51.9017588974974
1.2393987981509936e-5	52.25394700491748
1.2831061023768837e-5	52.28492154203532
1.328354741357612e-5	51.92188520690641
1.3751990701459215e-5	51.10957852083087
1.4236953606213478e-5	49.82141776795295
1.4739018690869828e-5	48.069663333984025
1.52587890625e-5	45.91267868598299
1.5796889096700715e-5	43.457453219941144
1.635396518762656e-5	40.85624275250059
1.6930686524472717e-5	38.29744357297823
1.752774589534049e-5	35.992432801123236
1.81458605194507e-5	34.16155091535694
1.8785772908705398e-5	54.094336827712965
1.9448251759632314e-5	47.17182282697746
2.0134092876783644e-5	47.99940466317159
2.084412012869865e-5	48.8675745918964
2.1579186437577746e-5	49.74450876669356
2.234017480385782e-5	50.58502182560253
2.312799936691894e-5	51.33057904871843
2.3943606503196716e-5	51.911042886561106
2.478797596301987e-5	52.24859745415022
2.5662122047537674e-5	52.26409754628969
2.656709482715224e-5	51.885745387302705
2.750398140291843e-5	51.05952026837671
2.8473907212426957e-5	49.760233683112475
2.9478037381739656e-5	48.00157546656038
3.0517578125e-5	45.84322882762063
3.159377819340143e-5	43.3932590443011
3.270793037525308e-5	40.80467060750743
3.3861373048945474e-5	38.266287163189396
3.505549179068098e-5	35.989702234476646
3.62917210389014e-5	34.1954415335601
3.7571545817410796e-5	54.22285904421738
3.889650351926458e-5	47.283385927700415
4.026818575356734e-5	48.10561772672798
4.16882402573973e-5	48.96487496401596
4.315837287515549e-5	49.828845454454594
4.468034960771564e-5	50.65204949555689
4.625599873383782e-5	51.37595556942972
4.7887213006393486e-5	51.93083205760374
4.957595192603974e-5	52.23976242168332
5.132424409507535e-5	52.2250496937416
5.313418965430448e-5	51.81689100476558
5.500796280583679e-5	50.96372817267974
5.694781442485398e-5	49.64313847269249
5.895607476347931e-5	47.871641504685535
6.103515625e-5	45.7115359592297
6.318755638680286e-5	43.27303333928441
6.541586075050616e-5	40.710662232424795
6.772274609789095e-5	38.21416777126117
7.011098358136196e-5	35.99567436549616
7.25834420778028e-5	34.27616928098078
7.514309163482159e-5	54.48761170006058
7.779300703852916e-5	47.49801514450032
8.053637150713468e-5	48.30799475626836
8.33764805147946e-5	49.14770303140439
8.631674575031098e-5	49.983877823767074
8.936069921543128e-5	50.7704794973812
9.251199746767564e-5	51.44900607941839
9.577442601278697e-5	51.950544627949384
9.915190385207948e-5	52.199954637249135
0.0001026484881901507	52.12236958165452
0.00010626837930860896	51.65185523849267
0.00011001592561167358	50.74159649155422
0.00011389562884970796	49.37446406765613
0.00011791214952695862	47.57236110482049
0.0001220703125	45.40253474381612
0.00012637511277360572	42.97923703785157
0.00013083172150101232	40.45984860283554
0.0001354454921957819	38.03579963123084
0.00014022196716272393	35.920054757567804
0.0001451668841556056	34.33400983016755
0.00015028618326964319	54.68266520807788
0.00015558601407705832	47.529872116121794
0.00016107274301426937	48.283848687756006
0.0001667529610295892	49.05266529205777
0.00017263349150062197	49.80188728663787
0.00017872139843086256	50.48518659625791
0.0001850239949353513	51.045000120693246
0.00019154885202557394	51.414893977347354
0.00019830380770415897	51.523964500664924
0.0002052969763803014	51.30338490401215
0.0002125367586172179	50.69485849128146
0.00022003185122334716	49.66029021055528
0.00022779125769941593	48.191508689672695
0.00023582429905391725	46.31848102349965
0.000244140625	44.114318985495984
0.00025275022554721143	41.69563099636999
0.00026166344300202464	39.217511418392625
0.0002708909843915638	36.86360645076855
0.00028044393432544786	34.83296165322734
0.0002903337683112112	33.32622082014394
0.00030057236653928637	53.237864998552176
0.00031117202815411665	46.291903662127645
0.00032214548602853873	46.87239046426288
0.0003335059220591784	47.44291680934525
0.00034526698300124393	47.96974526892019
0.0003574427968617251	48.4093044624907
0.0003700479898707026	48.709308020609505
0.0003830977040511479	48.81142999451731
0.00039660761540831794	48.65575426384815
0.0004105939527606028	48.186992549493226
0.0004250735172344358	47.36214358392407
0.0004400637024466943	46.158877596251116
0.00045558251539883185	44.583546682453644
0.0004716485981078345	42.677450744523235
0.00048828125	40.51995673743861
0.0005055004510944229	38.22738084683473
0.0005233268860040493	35.947224381593216
0.0005417819687831276	33.848289828113984
0.0005608878686508957	32.10810594739313
0.0005806675366224224	30.899535558350543
0.0006011447330785727	49.432040446255435
0.0006223440563082333	42.401985270574315
0.0006442909720570775	42.67589572938418
0.0006670118441183568	42.91470044262585
0.0006905339660024879	43.08973160331783
0.0007148855937234502	43.165654499654785
0.0007400959797414052	43.101883858489984
0.0007661954081022958	42.855225828656614
0.0007932152308166359	42.38383353770143
0.0008211879055212056	41.65237196453727
0.0008501470344688716	40.638033983099334
0.0008801274048933886	39.33676678404419
0.0009111650307976637	37.768814281535455
0.000943297196215669	35.98253310656826
0.0009765625	34.05547469087632
0.0010110009021888457	32.0919919680209
0.0010466537720080985	30.217110276717644
0.0010835639375662552	28.566992605271032
0.0011217757373017914	27.27684162265539
0.0011613350732448448	26.46730548477343
0.0012022894661571455	42.04616349520105
0.0012446881126164666	34.73407055095591
0.001288581944114155	34.65807174977385
0.0013340236882367136	34.53947352869398
0.0013810679320049757	34.35967690093109
0.0014297711874469005	34.09671441890637
0.0014801919594828103	33.726486505877794
0.0015323908162045916	33.22474864845954
0.0015864304616332718	32.56984420427488
0.0016423758110424111	31.746048865485207
0.0017002940689377433	30.747237389084475
0.0017602548097867773	29.580425017004934
0.0018223300615953274	28.26861050184483
0.001886594392431338	26.85229586631566
0.001953125	25.389115235576465
0.0020220018043776915	23.951185781635964
0.002093307544016197	22.620078260928874
0.0021671278751325103	21.479635319510876
0.002243551474603583	20.607162431699155
0.0023226701464896895	20.063712172649023
0.002404578932314291	31.788647112866524
0.002489376225232933	25.326159003345644
0.00257716388822831	25.06950949751787
0.0026680473764734273	24.785000461853784
0.0027621358640099515	24.4640152859553
0.002859542374893801	24.096537462853256
0.0029603839189656206	23.671832488054
0.003064781632409183	23.179473849513634
0.0031728609232665435	22.6106911535223
0.0032847516220848223	21.95995821795662
0.0034005881378754866	21.22667131291447
0.0035205096195735546	20.416704134937238
0.003644660123190655	19.543581423771982
0.003773188784862676	18.629002434180446
0.00390625	17.702479312644403
0.004044003608755383	16.799934874535516
0.004186615088032394	15.96121808246841
0.004334255750265021	15.226622202075196
0.004487102949207166	14.632607117541214
0.004645340292979379	14.207022627220002
0.004809157864628582	22.607711694773524
0.004978752450465866	17.4777468047748
0.00515432777645662	17.20515941509557
0.005336094752946855	16.919987823544925
0.005524271728019903	16.620352840974054
0.005719084749787602	16.304069422337687
0.005920767837931241	15.968841819272482
0.006129563264818366	15.612533114530269
0.006345721846533087	15.233495632161981
0.0065695032441696445	14.83093699160906
0.006801176275750973	14.40528688277685
0.007041019239147109	13.95852469080993
0.00728932024638131	13.49442974124083
0.007546377569725352	13.018723828969785
0.0078125	12.539086190546355
0.00808800721751076	12.065027119019593
0.008373230176064788	11.607599406025997
0.008668511500530041	11.178901089844281
0.008974205898414337	10.791282630441748
0.009290680585958758	10.456136943613792
0.009618315729257157	16.467475901245802
0.009957504900931733	12.265306229987226
0.01030865555291324	12.039194832163838
0.010672189505893716	11.807664626291013
0.011048543456039806	11.571974728311911
0.011438169499575197	11.333608179283711
0.011841535675862483	11.09422158685699
0.012259126529636732	10.855541702164524
0.012691443693066181	10.619201118111576
0.013139006488339289	10.386515034153751
0.013602352551501938	10.158216616259413
0.014082038478294218	9.934189315392265
0.01457864049276262	9.713257761405336
0.015092755139450714	9.493118584703835
0.015625	9.270499399220846
0.01617601443502152	9.041616437296433
0.016746460352129577	8.802947799471008
0.017337023001060083	8.55224509431572
0.017948411796828673	8.289580693690825
0.018581361171917516	8.018102131937933
0.019236631458514314	12.514599545869938
0.019915009801863465	9.027432897115453
0.02061731110582648	8.866790247599944
0.021344379011787432	8.706538869567824
0.02209708691207961	8.549528057128793
0.022876338999150394	8.399003079075554
0.023683071351724965	8.258415593520851
0.024518253059273465	8.131122083966321
0.025382887386132362	8.019965863113528
0.026278012976678578	7.926757648935901
0.027204705103003875	7.8516972007878145
0.028164076956588437	7.792812481968139
0.02915728098552524	7.74552881379923
0.03018551027890143	7.702510090748261
0.03125	7.653924578620336
0.03235202887004304	7.588263058621122
0.03349292070425915	7.493761346202918
0.034674046002120165	7.360344122644375
0.03589682359365735	7.181821917732557
0.03716272234383503	6.957875890909278
0.03847326291702863	10.995500171434266
0.03983001960372693	7.885642192244548
0.04123462221165296	7.841853557070485
0.042688758023574865	7.809511763085116
0.04419417382415922	7.792428058748401
0.04575267799830079	7.794449149480796
0.04736614270344993	7.819048304993278
0.04903650611854693	7.868778341343766
0.050765774772264724	7.944606995522516
0.052556025953357156	8.045188717522116
0.05440941020600775	8.166168461896584
0.05632815391317687	8.299657401350775
0.05831456197105048	8.434057630571209
0.06037102055780286	8.55442772716676
0.0625	8.643554379502609
0.06470405774008609	8.683808182567855
0.0669858414085183	8.659703083763805
0.06934809200424033	8.560856962255388
0.0717936471873147	8.384804599029756
0.07432544468767006	8.138920025124195
0.07694652583405726	12.538894741625317
0.07966003920745386	9.483096054950897
0.08246924442330592	9.57022654697505
0.08537751604714973	9.658642735946415
0.08838834764831845	9.744954611495983
0.09150535599660158	9.824154404624501
0.09473228540689986	9.88938826453595
0.09807301223709386	9.931870047574877
0.10153154954452945	9.94102223519837
0.10511205190671431	9.904927793599324
0.1088188204120155	9.811154931904884
0.11265630782635375	9.647967852630016
0.11662912394210095	9.405858884581711
0.12074204111560571	9.079237343511602
0.125	8.668006099656294
0.12940811548017217	8.178678271948337
0.13397168281703664	7.624671627456281
0.1386961840084806	7.0255020283956915
0.1435872943746294	6.404794968992115
0.14865088937534013	5.787324020805671
0.1538930516681145	7.983517150778763
0.15932007841490778	5.962586866143698
0.16493848884661177	5.703061164325319
0.17075503209429946	5.428531987174497
0.1767766952966369	5.14035911218818
0.18301071199320315	4.840228223291782
0.18946457081379978	4.530182587833268
0.19614602447418766	4.212653380438682
0.2030630990890589	3.8904801280290364
0.21022410381342863	3.566908781234854
0.217637640824031	3.245552352186526
0.22531261565270758	2.930299596414276
0.23325824788420185	2.625162405367031
0.24148408223121143	2.3340630942168237
0.25	2.0605776545786325
0.25881623096034434	1.807667213519943
0.2679433656340733	1.5774424375881517
0.2773923680169612	1.3710088364848145
0.2871745887492588	1.1884307310633315
0.29730177875068026	1.02882776650215
0.307786103336229	2.0526864799351503
0.31864015682981556	1.8175060187962657
0.32987697769322355	1.6786090975591432
0.3415100641885989	1.544715627479597
0.3535533905932738	1.4162253616757912
0.3660214239864063	1.2934128883537186
0.37892914162759955	1.1764469284161456
0.3922920489483753	1.0654175240532124
0.4061261981781178	0.9603672919011893
0.42044820762685725	0.8613217947744785
0.435275281648062	0.7683137521174849
0.45062523130541515	0.6813965374914541
0.4665164957684037	0.6006442668041176
0.48296816446242286	0.5261385189336187
0.5	0.4579447714849155
0.5176324619206888	0.39608415917642525
0.5358867312681466	0.3405073380926817
0.5547847360339224	0.29107653320293714
0.5743491774985174	0.24755931625754374
0.5946035575013605	0.20963407210997928
0.6155722066724582	0.6428864873067918
0.6372803136596311	0.5779635877568032
0.6597539553864471	0.5273151728182869
0.6830201283771977	0.47959769125712925
0.7071067811865476	0.4347354900422771
0.7320428479728127	0.39262742087862906
0.7578582832551991	0.3531595355200206
0.7845840978967507	0.3162171515349715
0.8122523963562355	0.28169499512551643
0.8408964152537145	0.24950433328551921
0.8705505632961241	0.21957639770055923
0.9012504626108303	0.1918619287917488
0.9330329915368074	0.16632724349365757
0.9659363289248455	0.14294774377715064
1.0	0.12170012443193079
