-1.0	0.06505676407918737
-0.9659363289248455	0.08061956352725974
-0.9330329915368074	0.09863308149314465
-0.9012504626108303	0.11922660800498167
-0.8705505632961241	0.14249165356613877
-0.8408964152537145	0.16847994942228214
-0.8122523963562355	0.19720681689145617
-0.7845840978967507	0.22866013390632609
-0.7578582832551991	0.2628138486296679
-0.7320428479728127	0.2996438835610179
-0.7071067811865476	0.3391436390693
-0.6830201283771977	0.38133628641186457
-0.6597539553864471	0.4262816026574126
-0.6372803136596311	0.4740760690223025
-0.6155722066724582	0.5248460861864382
-0.5946035575013605	0.5787352157730002
-0.5743491774985174	0.6358871557588839
-0.5547847360339224	0.6964266032978471
-0.5358867312681466	0.7604402395865151
-0.5176324619206888	0.8380062743245567
-0.5	0.3008657284333852
-0.48296816446242286	0.3532797831229784
-0.4665164957684037	0.4129933679672507
-0.45062523130541515	0.48051643186252896
-0.435275281648062	0.556240981520799
-0.42044820762685725	0.6404191673487295
-0.4061261981781178	0.7331599544692848
-0.3922920489483753	0.8344440159888692
-0.37892914162759955	0.9441515317223523
-0.3660214239864063	1.0620944635813565
-0.3535533905932738	1.1880444074068934
-0.3415100641885989	1.321749120231978
-0.32987697769322355	1.4629343886317887
-0.31864015682981556	1.611291840572865
-0.307786103336229	1.7664565476527159
-0.29730177875068026	1.9279801635895435
-0.2871745887492588	2.095305729280005
-0.2773923680169612	2.2677493746866415
-0.2679433656340733	2.444492424146755
-0.25881623096034434	2.8038117662522875
-0.25	1.550745798323332
-0.24148408223121143	1.7852158136248146
-0.23325824788420185	2.0523236154652946
-0.22531261565270758	2.3518520089156105
-0.217637640824031	2.681755286972346
-0.21022410381342863	3.038191177022586
-0.2030630990890589	3.4157960052954324
-0.19614602447418766	3.8081421788423393
-0.18946457081379978	4.208285462216982
-0.18301071199320315	4.609305783080321
-0.1767766952966369	5.004764271823707
-0.17075503209429946	5.389030604428913
-0.16493848884661177	5.757467634931023
-0.15932007841490778	6.106486747359362
-0.1538930516681145	6.433503456318237
-0.14865088937534013	6.736828453979578
-0.1435872943746294	7.0155269116594665
-0.1386961840084806	7.26927172338171
-0.13397168281703664	7.498207637870673
-0.12940811548017217	10.168959265610138
-0.125	7.469381606229097
-0.12074204111560571	8.111025805765323
-0.11662912394210095	8.705635046265657
-0.11265630782635375	9.224255032964942
-0.1088188204120155	9.646044982197173
-0.10511205190671431	9.96019329746409
-0.10153154954452945	10.165956116704221
-0.09807301223709386	10.271197942242644
-0.09473228540689986	10.290018486777738
-0.09150535599660158	10.24006913547738
-0.08838834764831845	10.140050606281173
-0.08537751604714973	10.007709082426684
-0.08246924442330592	9.858470127477524
-0.07966003920745386	9.704705847233795
-0.07694652583405726	9.555536900264073
-0.07432544468767006	9.417026248558065
-0.0717936471873147	9.292615561554777
-0.06934809200424033	9.183674200198878
-0.0669858414085183	9.090061897161775
-0.06470405774008609	12.106610637083502
-0.0625	7.494874818682056
-0.06037102055780286	7.716097860701784
-0.05831456197105048	7.875480166984579
-0.05632815391317687	7.968616143094458
-0.05440941020600775	7.999982444866188
-0.052556025953357156	7.980725290970558
-0.050765774772264724	7.9258420955588935
-0.04903650611854693	7.851430582992812
-0.04736614270344993	7.772458767072402
-0.04575267799830079	7.701268059927215
-0.04419417382415922	7.646822979644326
-0.042688758023574865	7.614591169283968
-0.04123462221165296	7.606876106111266
-0.03983001960372693	7.623416628997296
-0.03847326291702863	7.662092529789915
-0.03716272234383503	7.719616207588017
-0.03589682359365735	7.7921337822688335
-0.034674046002120165	7.875697215191244
-0.03349292070425915	7.966598228411605
-0.03235202887004304	11.185963450802078
-0.03125	7.155405975653661
-0.03018551027890143	7.3941124792000785
-0.02915728098552524	7.59401146683362
-0.028164076956588437	7.755238878920599
-0.027204705103003875	7.883166867300371
-0.026278012976678578	7.986658631625377
-0.025382887386132362	8.076094784374087
-0.024518253059273465	8.16161054480327
-0.023683071351724965	8.251801425983516
-0.022876338999150394	8.35298141856423
-0.02209708691207961	8.46894939241333
-0.021344379011787432	8.601146615072391
-0.02061731110582648	8.749063752099726
-0.019915009801863465	8.910764868040989
-0.019236631458514314	9.083423600017612
-0.018581361171917516	9.263800617232079
-0.017948411796828673	9.448623583694122
-0.017337023001060083	9.634856756150754
-0.016746460352129577	9.819865577336612
-0.01617601443502152	13.536828246474387
-0.015625	8.662346069957641
-0.015092755139450714	8.953487861512606
-0.01457864049276262	9.246836023127688
-0.014082038478294218	9.537779567308926
-0.013602352551501938	9.824110605364787
-0.013139006488339289	10.105633756692939
-0.012691443693066181	10.383428780328218
-0.012259126529636732	10.65907280614898
-0.011841535675862483	10.93401924973046
-0.011438169499575197	11.209216135220577
-0.011048543456039806	11.484959025312612
-0.010672189505893716	11.760923446992363
-0.01030865555291324	12.0363047041406
-0.009957504900931733	12.309998857219702
-0.009618315729257157	12.580776210373877
-0.009290680585958758	12.847419007473158
-0.008974205898414337	13.10881269144514
-0.008668511500530041	13.363992577649027
-0.008373230176064788	13.612154866267133
-0.00808800721751076	18.15671996183375
-0.0078125	11.50225020795771
-0.007546377569725352	11.861008275578353
-0.00728932024638131	12.293265939635107
-0.007041019239147109	12.784922733389164
-0.006801176275750973	13.319540145184904
-0.0065695032441696445	13.880202841145659
-0.006345721846533087	14.450919200108983
-0.006129563264818366	15.017622041515567
-0.005920767837931241	15.568820449050087
-0.005719084749787602	16.09593698686127
-0.005524271728019903	16.593359459542988
-0.005336094752946855	17.058244840495014
-0.00515432777645662	17.490128314565283
-0.004978752450465866	17.89040384430565
-0.004809157864628582	18.26174810915131
-0.004645340292979379	18.607555027041414
-0.004487102949207166	18.931434862396056
-0.004334255750265021	19.236813708721595
-0.004186615088032394	19.526649904238244
-0.004044003608755383	25.128842099435605
-0.00390625	15.782162421454224
-0.003773188784862676	16.235712013213092
-0.003644660123190655	16.893796839644622
-0.0035205096195735546	17.723678746753432
-0.0034005881378754866	18.681540949368504
-0.0032847516220848223	19.718383747695594
-0.0031728609232665435	20.78538714709505
-0.003064781632409183	21.838327184510394
-0.0029603839189656206	22.84075968086536
-0.002859542374893801	23.765843324863116
-0.0027621358640099515	24.596844717722494
-0.0026680473764734273	25.32651941240756
-0.00257716388822831	25.955667206097644
-0.002489376225232933	26.49120347252279
-0.002404578932314291	26.944073807542253
-0.0023226701464896895	27.327281297945056
-0.002243551474603583	27.65421420216007
-0.0021671278751325103	27.937375902229014
-0.002093307544016197	28.187543161349023
-0.0020220018043776915	35.172522641159745
-0.001953125	22.194437621222583
-0.001886594392431338	22.783108493092133
-0.0018223300615953274	23.752480953270187
-0.0017602548097867773	25.029398969667387
-0.0017002940689377433	26.522645329936925
-0.0016423758110424111	28.134115350886916
-0.0015864304616332718	29.768931663407884
-0.0015323908162045916	31.34367878981544
-0.0014801919594828103	32.792142244774425
-0.0014297711874469005	34.068279021791106
-0.0013810679320049757	35.14653740747061
-0.0013340236882367136	36.01998225240059
-0.001288581944114155	36.69689561608402
-0.0012446881126164666	37.196588285402484
-0.0012022894661571455	37.545093366138865
-0.0011613350732448448	37.77126216329483
-0.0011217757373017914	37.90359439594831
-0.0010835639375662552	37.967951577192466
-0.0010466537720080985	37.98615211447295
-0.0010110009021888457	45.628480656620894
-0.0009765625	28.669541253641217
-0.000943297196215669	29.568452316860864
-0.0009111650307976637	30.990924522929145
-0.0008801274048933886	32.799474587801754
-0.0008501470344688716	34.842682609126996
-0.0008211879055212056	36.96968289587705
-0.0007932152308166359	39.04312936145034
-0.0007661954081022958	40.949417380782435
-0.0007400959797414052	42.60518109083803
-0.0007148855937234502	43.95967331033608
-0.0006905339660024879	44.99331501764753
-0.0006670118441183568	45.71325018739256
-0.0006442909720570775	46.14703964276269
-0.0006223440563082333	46.33566000468914
-0.0006011447330785727	46.32679967518596
-0.0005806675366224224	46.16915335649282
-0.0005608878686508957	45.90809731042629
-0.0005417819687831276	45.582844125057036
-0.0005233268860040493	45.22496402098323
-0.0005055004510944229	52.40138105928484
-0.00048828125	32.69318779726548
-0.0004716485981078345	34.01459989130576
-0.00045558251539883185	35.89007000612512
-0.0004400637024466943	38.13429127722167
-0.0004250735172344358	40.55807850612456
-0.0004105939527606028	42.982244890459654
-0.00039660761540831794	45.25085212742183
-0.0003830977040511479	47.241672457694534
-0.0003700479898707026	48.87224126595413
-0.0003574427968617251	50.100906873615536
-0.00034526698300124393	50.92332639431128
-0.0003335059220591784	51.36560232169335
-0.00032214548602853873	51.47558710664262
-0.00031117202815411665	51.31383814216513
-0.00030057236653928637	50.94540287143354
-0.0002903337683112112	50.43319286543272
-0.00028044393432544786	49.833284040895954
-0.0002708909843915638	49.19213379188788
-0.00026166344300202464	48.54546865959497
-0.00025275022554721143	55.66673693185523
-0.000244140625	34.8127099639751
-0.00023582429905391725	36.41579269790708
-0.00022779125769941593	38.561999681636884
-0.00022003185122334716	41.04095684557142
-0.0002125367586172179	43.64404048435752
-0.0002052969763803014	46.178801734324054
-0.00019830380770415897	48.482846826997495
-0.00019154885202557394	50.43435531132156
-0.0001850239949353513	51.95738268769712
-0.00017872139843086256	53.02146968465622
-0.00017263349150062197	53.636314786465555
-0.0001667529610295892	53.84305308753216
-0.00016107274301426937	53.703953027920896
-0.00015558601407705832	53.29218500607106
-0.00015028618326964319	52.68289756647058
-0.0001451668841556056	51.94632521349701
-0.00014022196716272393	51.143174752031555
-0.0001354454921957819	50.32216872309076
-0.00013083172150101232	49.519390718137856
-0.00012637511277360572	56.87822386166894
-0.0001220703125	35.68617199747039
-0.00011791214952695862	37.34793491855376
-0.00011389562884970796	39.56133738194839
-0.00011001592561167358	42.095866275358816
-0.00010626837930860896	44.72946636252262
-0.0001026484881901507	47.26222544283697
-9.915190385207948e-5	49.52955928752779
-9.577442601278697e-5	51.41184227825583
-9.251199746767564e-5	52.838585589506664
-8.936069921543128e-5	53.786786688186275
-8.631674575031098e-5	54.27437053108729
-8.33764805147946e-5	54.35041808826021
-8.053637150713468e-5	54.084092265354144
-7.779300703852916e-5	53.553947898126836
-7.514309163482159e-5	52.83883818198
-7.25834420778028e-5	52.011082287439294
-7.011098358136196e-5	51.13206691127373
-6.772274609789095e-5	50.250088109354685
-6.541586075050616e-5	49.40001836713074
-6.318755638680286e-5	56.60854381795049
-6.103515625e-5	35.581650089692914
-5.895607476347931e-5	37.36525192694872
-5.694781442485398e-5	39.6718832983367
-5.500796280583679e-5	42.27170705013681
-5.313418965430448e-5	44.94365668701878
-5.132424409507535e-5	47.489526751410914
-4.957595192603974e-5	49.74746497590864
-4.7887213006393486e-5	51.601626466351476
-4.625599873383782e-5	52.98609601445734
-4.468034960771564e-5	53.88280667877723
-4.315837287515549e-5	54.314504544273404
-4.16882402573973e-5	54.334562548671585
-4.026818575356734e-5	54.01561787062381
-3.889650351926458e-5	53.438740321220976
-3.7571545817410796e-5	52.68433146301365
-3.62917210389014e-5	51.82538709429268
-3.505549179068098e-5	50.923257008002054
-3.3861373048945474e-5	50.025672003080864
-3.270793037525308e-5	49.166594386352806
-3.159377819340143e-5	56.32814318219719
-3.0517578125e-5	35.488142426803684
-2.9478037381739656e-5	37.340330508377505
-2.8473907212426957e-5	39.700188897993804
-2.750398140291843e-5	42.33839743754503
-2.656709482715224e-5	45.034440568235745
-2.5662122047537674e-5	47.590997500738794
-2.478797596301987e-5	49.84763272649214
-2.3943606503196716e-5	51.69047172200572
-2.312799936691894e-5	53.055986817048996
-2.234017480385782e-5	53.92868582710273
-2.1579186437577746e-5	54.3338253984476
-2.084412012869865e-5	54.32700878663
-2.0134092876783644e-5	53.9826752696259
-1.9448251759632314e-5	53.38319806612129
-1.8785772908705398e-5	52.60978269172063
-1.81458605194507e-5	51.735780923041084
-1.752774589534049e-5	50.82253378729013
-1.6930686524472717e-5	49.91749470968067
-1.635396518762656e-5	49.05417439804592
-1.5796889096700715e-5	56.19902046877542
-1.52587890625e-5	35.45055700570262
-1.4739018690869828e-5	37.33616182399606
-1.4236953606213478e-5	39.72194762701247
-1.3751990701459215e-5	42.37879394769734
-1.328354741357612e-5	45.086402303721286
-1.2831061023768837e-5	47.647851222505686
-1.2393987981509936e-5	49.9033893329576
-1.1971803251598358e-5	51.740118800794505
-1.156399968345947e-5	53.09570749858364
-1.117008740192891e-5	53.9559572571276
-1.0789593218788873e-5	54.34738740682407
-1.0422060064349325e-5	54.32672208499436
-1.0067046438391822e-5	53.96930467339722
-9.724125879816157e-6	53.35816052866103
-9.392886454352699e-6	52.5748955887619
-9.07293025972535e-6	51.69303691602372
-8.763872947670246e-6	50.7739180929333
-8.465343262236358e-6	49.864851042738444
-8.17698259381328e-6	48.9991184798828
-7.898444548350357e-6	56.136636889671166
-7.62939453125e-6	35.43277925361731
-7.369509345434914e-6	37.33449802146434
-7.118476803106739e-6	39.73270152576297
-6.875995350729607e-6	42.398362185121265
-6.64177370678806e-6	45.11128596215017
-6.4155305118844185e-6	47.67475123042098
-6.196993990754968e-6	49.929351999621076
-5.985901625799179e-6	51.76268308774234
-5.781999841729735e-6	53.11301343706075
-5.585043700964455e-6	53.966792856916896
-5.3947966093944364e-6	54.35117017536342
-5.211030032174663e-6	54.32342553124255
-5.033523219195911e-6	53.959348007458054
-4.8620629399080785e-6	53.342281652449614
-4.6964432271763496e-6	52.554025082839715
-4.536465129862675e-6	51.66818603097601
-4.381936473835123e-6	50.74608843480478
-4.232671631118179e-6	49.834968853004355
-4.08849129690664e-6	48.96799275374269
-3.949222274175179e-6	56.101452458304706
-3.814697265625e-6	35.42116787358569
-3.684754672717457e-6	37.33059694231437
-3.5592384015533696e-6	39.73463643209468
-3.4379976753648036e-6	42.40432279907625
-3.32088685339403e-6	45.1195320556116
-3.2077652559422093e-6	47.68365944870789
-3.098496995377484e-6	49.93748612760719
-2.9929508128995895e-6	51.76886374667177
-2.8909999208648673e-6	53.11636752702653
-2.7925218504822275e-6	53.96677216287209
-2.6973983046972182e-6	54.34753785470229
-2.6055150160873313e-6	54.31621611683675
-2.5167616095979554e-6	53.94881023011601
-2.4310314699540393e-6	53.328814108702595
-2.3482216135881748e-6	52.538113421349074
-2.2682325649313374e-6	51.65034789678784
-2.1909682369175614e-6	50.72682972914887
-2.1163358155590896e-6	49.814752496179636
-2.04424564845332e-6	48.94721936197837
-1.9746111370875893e-6	56.07791302469483
-1.9073486328125e-6	35.41153869482978
-1.8423773363587285e-6	37.32455829711354
-1.7796192007766848e-6	39.731202069057915
-1.7189988376824018e-6	42.4025632229911
-1.660443426697015e-6	45.118576824484514
-1.6038826279711046e-6	47.6827182456751
-1.549248497688742e-6	49.93587988468964
-1.4964754064497947e-6	51.766054255904436
-1.4454999604324336e-6	53.11197640451055
-1.3962609252411138e-6	53.960584621723115
-1.3486991523486091e-6	54.33949125775024
-1.3027575080436657e-6	54.306376508820634
-1.2583808047989777e-6	53.93734163745996
-1.2155157349770196e-6	53.315945546300185
-1.1741108067940874e-6	52.524107725342894
-1.1341162824656687e-6	51.63547521219212
-1.0954841184587807e-6	50.71134712840358
-1.0581679077795448e-6	49.798890051241194
-1.02212282422666e-6	48.93117216057459
-9.873055685437947e-7	56.05966255369128
-9.5367431640625e-7	35.402609837194866
-9.211886681793642e-7	37.31718460219629
-8.898096003883424e-7	39.72483476418089
-8.594994188412009e-7	42.396708519114924
-8.302217133485075e-7	45.112796097864646
-8.019413139855523e-7	47.676635869048745
-7.74624248844371e-7	49.92919441765439
-7.482377032248974e-7	51.75854770686264
-7.227499802162168e-7	53.10351772135572
-6.981304626205569e-7	53.95112588238407
-6.743495761743046e-7	54.32905714525882
-6.513787540218328e-7	54.295049039202866
-6.291904023994889e-7	53.92524265791449
-6.077578674885098e-7	53.30321939011557
-5.870554033970437e-7	52.51090585858697
-5.670581412328344e-7	51.62194399140368
-5.477420592293904e-7	50.697619101805465
-5.290839538897724e-7	49.78507869188344
-5.1106141211333e-7	48.91736956076298
-4.936527842718973e-7	56.0439173243128
-4.76837158203125e-7	35.3939574119408
-4.605943340896821e-7	37.309077291056674
-4.449048001941712e-7	39.71694059187446
-4.2974970942060045e-7	42.38875007832074
-4.1511085667425373e-7	45.10454960790733
-4.0097065699277616e-7	47.66793230349817
-3.873121244221855e-7	49.91992065073454
-3.741188516124487e-7	51.74864553816564
-3.613749901081084e-7	53.09297958213433
-3.4906523131027844e-7	53.93998719895964
-3.371747880871523e-7	54.31738624747534
-3.256893770109164e-7	54.28293596370282
-3.1459520119974443e-7	53.912788226736616
-3.038789337442549e-7	53.29052567386809
-2.9352770169852185e-7	52.49806871710725
-2.835290706164172e-7	51.6090479563926
-2.738710296146952e-7	50.684734512203796
-2.645419769448862e-7	49.77226075318245
-2.55530706056665e-7	48.904658876675256
-2.4682639213594866e-7	56.02938917017403
-2.384185791015625e-7	35.38542522988713
-2.3029716704484106e-7	37.30058784086824
-2.224524000970856e-7	39.708269673399684
-2.1487485471030023e-7	42.379727965517326
-2.0755542833712687e-7	45.09505953031756
-2.0048532849638808e-7	47.65790820609216
-1.9365606221109274e-7	49.909343306484836
-1.8705942580622434e-7	51.737536446320895
-1.806874950540542e-7	53.081392776646624
-1.7453261565513922e-7	53.92799969287601
-1.6858739404357614e-7	54.30508815164035
-1.628446885054582e-7	54.27042131994385
-1.5729760059987222e-7	53.90014736788668
-1.5193946687212745e-7	53.27783958198108
-1.4676385084926092e-7	52.48540550248895
-1.417645353082086e-7	51.59646129520578
-1.369355148073476e-7	50.67226369295098
-1.322709884724431e-7	49.759931894811785
-1.277653530283325e-7	48.89248687621908
-1.2341319606797433e-7	56.01546106139586
-1.1920928955078125e-7	35.37694934037739
-1.1514858352242053e-7	37.29190453558606
-1.112262000485428e-7	39.699208420885064
-1.0743742735515011e-7	42.37017268546211
-1.0377771416856343e-7	45.084946782982676
-1.0024266424819404e-7	47.64722326699822
-9.682803110554637e-8	49.89811376326853
-9.352971290311217e-8	51.72582353627228
-9.03437475270271e-8	53.069281248479676
-8.726630782756961e-8	53.91558729255387
-8.429369702178807e-8	54.29247584529872
-8.14223442527291e-8	54.257705139340196
-7.864880029993611e-8	53.887412407105096
-7.596973343606373e-8	53.26515629841873
-7.338192542463046e-8	52.472828160221106
-7.08822676541043e-8	51.58402817562456
-6.84677574036738e-8	50.65999859308092
-6.613549423622155e-8	49.74784642198597
-6.388267651416625e-8	48.88058310178629
-6.170659803398717e-8	56.001831664325415
-5.960464477539063e-8	35.36850135450144
-5.7574291761210265e-8	37.28312453217739
-5.56131000242714e-8	39.68995262200884
-5.371871367757506e-8	42.36035175412643
-5.188885708428172e-8	45.074523866005315
-5.012133212409702e-8	47.636209228411694
-4.8414015552773186e-8	49.88655952609246
-4.6764856451556086e-8	51.71381014302244
-4.517187376351355e-8	53.05690875256443
-4.3633153913784805e-8	53.90296376671774
-4.2146848510894035e-8	54.2797076572193
-4.071117212636455e-8	54.244889302488616
-3.9324400149968054e-8	53.87463139406677
-3.7984866718031864e-8	53.25247531092226
-3.669096271231523e-8	52.46029455209442
-3.544113382705215e-8	51.571672547463514
-3.42338787018369e-8	50.64783701430807
-3.3067747118110775e-8	49.73588326207808
-3.1941338257083125e-8	48.86881403576089
-3.085329901699358e-8	55.98835229966645
-2.9802322387695312e-8	35.36006799391068
-2.8787145880605133e-8	37.274297096881746
-2.78065500121357e-8	39.68060068286791
-2.685935683878753e-8	42.35039931336156
-2.594442854214086e-8	45.06394732692631
-2.506066606204851e-8	47.62503220955495
-2.4207007776386593e-8	49.874844577778546
-2.3382428225778043e-8	51.701648172043626
-2.2585936881756776e-8	53.04440743086264
-2.1816576956892402e-8	53.89023630295729
-2.1073424255447017e-8	54.266863099688656
-2.0355586063182276e-8	54.23202514278209
-1.9662200074984027e-8	53.86182878812133
-1.8992433359015932e-8	53.23979683248419
-1.8345481356157615e-8	52.44778410413036
-1.7720566913526073e-8	51.5593568974483
-1.711693935091845e-8	50.63572837686029
-1.6533873559055387e-8	49.723982397366775
-1.5970669128541563e-8	48.85711343003111
-1.542664950849679e-8	55.97494921816772
-1.4901161193847656e-8	35.351642857325075
-1.4393572940302566e-8	37.26544700100141
-1.390327500606785e-8	39.67120186733176
-1.3429678419393764e-8	42.34038243843372
-1.297221427107043e-8	45.05329540691324
-1.2530333031024255e-8	47.613775218430376
-1.2103503888193296e-8	49.86305085492804
-1.1691214112889021e-8	51.68941353114237
-1.1292968440878388e-8	53.03184332921446
-1.0908288478446201e-8	53.87745849627044
-1.0536712127723509e-8	54.25398195971742
-1.0177793031591138e-8	54.21913838791595
-9.831100037492013e-9	53.849016908246696
-9.496216679507966e-9	53.22712108373104
-9.172740678078808e-9	52.43528666380936
-8.860283456763037e-9	51.54706261882589
-8.558469675459224e-9	50.62364755125243
-8.266936779527694e-9	49.71211398537983
-7.985334564270781e-9	48.845448328976076
-7.713324754248396e-9	55.96158573890853
-7.450580596923828e-9	35.34322280777567
-7.196786470151283e-9	37.25658664767401
-6.951637503033925e-9	39.661780788777584
-6.714839209696882e-9	42.33033462213244
-6.486107135535215e-9	45.04260716480795
-6.2651665155121274e-9	47.60247968921326
-6.051751944096648e-9	49.851219255830614
-5.845607056444511e-9	51.67714411064684
-5.646484220439194e-9	53.01924941846806
-5.454144239223101e-9	53.86465710697564
-5.268356063861754e-9	54.24108411026952
-5.088896515795569e-9	54.206241898122755
-4.915550018746007e-9	53.83620192634816
-4.748108339753983e-9	53.21444820167049
-4.586370339039404e-9	52.422797193558964
-4.430141728381518e-9	51.534780456374655
-4.279234837729612e-9	50.61158202783735
-4.133468389763847e-9	49.70026316456487
-3.992667282135391e-9	48.833802316994195
-3.856662377124198e-9	55.94824359261233
-3.725290298461914e-9	35.3348062946604
-3.5983932350756416e-9	37.247722234200154
-3.4758187515169625e-9	39.65234973227905
-3.357419604848441e-9	42.32027257659264
-3.2430535677676073e-9	45.0319020877188
-3.1325832577560637e-9	47.59116629298966
-3.025875972048324e-9	49.83937018388455
-2.9228035282222554e-9	51.66485881355685
-2.823242110219597e-9	53.00664214802557
-2.7270721196115503e-9	53.85184548707345
-2.634178031930877e-9	54.228179468427065
-2.5444482578977845e-9	54.19334209303605
-2.4577750093730034e-9	53.823386926371185
-2.3740541698769915e-9	53.2017782603968
-2.293185169519702e-9	52.410313186629566
-2.215070864190759e-9	51.5225057996901
-2.139617418864806e-9	50.59952557288645
-2.0667341948819234e-9	49.68842252793265
-1.9963336410676953e-9	48.82216721171003
-1.928331188562099e-9	55.93491367362002
-1.862645149230957e-9	35.32639254802985
-1.7991966175378208e-9	37.23885685375103
-1.7379093757584813e-9	39.64291482639423
-1.6787098024242205e-9	42.31020463770587
-1.6215267838838037e-9	45.02118989509476
-1.5662916288780319e-9	47.57984533943605
-1.512937986024162e-9	49.82751381513021
-1.4614017641111277e-9	51.65256706758827
-1.4116210551097985e-9	52.994029721964964
-1.3635360598057752e-9	53.839030295969245
-1.3170890159654386e-9	54.21527298061886
-1.2722241289488923e-9	54.18044217492673
-1.2288875046865017e-9	53.81057344709133
-1.1870270849384957e-9	53.18911129767028
-1.146592584759851e-9	52.397833393693716
-1.1075354320953796e-9	51.51023635031101
-1.069808709432403e-9	50.587475078326065
-1.0333670974409617e-9	49.67658838222627
-9.981668205338477e-10	48.810538933089
-9.641655942810495e-10	55.92159144178295
-9.313225746154785e-10	35.31798118460076
-8.995983087689104e-10	37.229992049253454
-8.689546878792406e-10	39.633479127537896
-8.393549012121103e-10	42.30013496248501
-8.107633919419018e-10	45.010475433783476
-7.831458144390159e-10	47.56852196964944
-7.56468993012081e-10	49.81565522396506
-7.307008820555638e-10	51.64027357392848
-7.058105275548992e-10	52.98141623125165
-6.817680299028876e-10	53.82621485432517
-6.585445079827193e-10	54.20236711328098
-6.361120644744461e-10	54.16754374045813
-6.144437523432508e-10	53.79776225562322
-5.935135424692479e-10	53.17644733207902
-5.732962923799255e-10	52.385357191489135
-5.537677160476898e-10	51.49797096178153
-5.349043547162015e-10	50.575428993945316
-5.166835487204809e-10	49.664758885392395
-4.990834102669238e-10	48.79891544617125
-4.820827971405247e-10	55.90827463276531
-4.656612873077393e-10	35.30957201323944
-4.4979915438445634e-10	37.22112859001747
-4.344773439396203e-10	39.624044159668465
-4.1967745060605513e-10	42.29006562365526
-4.0538169597094993e-10	44.99976112045483
-3.9157290721950797e-10	47.55719874698972
-3.7823449650604145e-10	49.80379694045571
-3.653504410277819e-10	51.62798067651376
-3.529052637774496e-10	52.968803715509054
-3.4088401495144296e-10	53.81340081763081
-3.2927225399135965e-10	54.18946309592414
-3.1805603223722384e-10	54.154647585412405
-3.072218761716254e-10	53.78495373408007
-2.9675677123462393e-10	53.16378637247058
-2.86648146189962e-10	52.372884268792696
-2.768838580238449e-10	51.48570906197704
-2.6745217735810143e-10	50.56338654627614
-2.5834177436024043e-10	49.65293311842489
-2.495417051334619e-10	48.787295735747065
-2.4104139857026175e-10	55.89496211697141
-2.3283064365386963e-10	35.30116493845869
-2.2489957719222817e-10	37.212266859448704
-2.1723867196981016e-10	39.61461068246492
-2.0983872530302757e-10	42.279997654508016
-2.0269084798547497e-10	44.989048159879545
-1.9578645360975398e-10	47.545876949349086
-1.8911724825302072e-10	49.7919402258702
-1.8267522051389096e-10	51.615689543778345
-1.764526318887248e-10	52.95619319140995
-1.7044200747572148e-10	53.80058901099804
-1.6463612699567982e-10	54.17656154123663
-1.5902801611861192e-10	54.14175410619248
-1.536109380858127e-10	53.77214807258451
-1.4837838561731197e-10	53.15112842283593
-1.43324073094981e-10	52.36041446999067
-1.3844192901192245e-10	51.473450365183865
-1.3372608867905071e-10	50.551347349204
-1.2917088718012021e-10	49.64111062263587
-1.2477085256673096e-10	48.775679295155555
-1.2052069928513087e-10	55.88165333066709
-1.1641532182693481e-10	35.292759912415875
-1.1244978859611408e-10	37.2034070484811
-1.0861933598490508e-10	39.60517907446616
-1.0491936265151378e-10	42.26993156999467
-1.0134542399273748e-10	44.97833715249415
-9.789322680487699e-11	47.53455721360434
-9.455862412651036e-11	49.78008570877685
-9.133761025694548e-11	51.60340075798407
-8.82263159443624e-11	52.94358516552881
-8.522100373786074e-11	53.78777984547177
-8.231806349783991e-11	54.16366275433377
-7.951400805930596e-11	54.12886350006133
-7.680546904290636e-11	53.75934536553834
-7.418919280865598e-11	53.138473484764496
-7.16620365474905e-11	52.34794771708867
-6.922096450596122e-11	51.46119472853723
-6.686304433952536e-11	50.53931120980326
-6.458544359006011e-11	49.62929116891457
-6.238542628336548e-11	48.76406587136738
-6.026034964256544e-11	55.868347992327266
-5.820766091346741e-11	35.28435691102627
-5.622489429805704e-11	37.194549252079376
-5.430966799245254e-11	39.59574952416707
-5.245968132575689e-11	42.25986762661213
-5.067271199636874e-11	44.96762839740242
-4.8946613402438496e-11	47.52323985701121
-4.727931206325518e-11	49.7682337022715
-4.566880512847274e-11	51.591114609121895
-4.41131579721812e-11	52.930979890104076
-4.261050186893037e-11	53.774973525646736
-4.1159031748919956e-11	54.15076688698381
-3.975700402965298e-11	54.11597586500459
-3.840273452145318e-11	53.7465456596357
-3.709459640432799e-11	53.12582155867135
-3.583101827374525e-11	52.33548397082028
-3.461048225298061e-11	51.4489420804268
-3.343152216976268e-11	50.5272780315046
-3.2292721795030053e-11	49.617474642651956
-3.119271314168274e-11	48.7524553378504
-3.013017482128272e-11	55.85504596116012
-2.9103830456733704e-11	35.27595592203452
-2.811244714902852e-11	37.185693517336325
-2.715483399622627e-11	39.58632212528058
-2.6229840662878446e-11	42.249805951962465
-2.533635599818437e-11	44.9569220434326
-2.4473306701219248e-11	47.51192503743115
-2.363965603162759e-11	49.756384362125374
-2.283440256423637e-11	51.578831241429114
-2.20565789860906e-11	52.918377490538795
-2.1305250934465185e-11	53.762170153163126
-2.0579515874459978e-11	54.137874014483025
-1.987850201482649e-11	54.10309124950074
-1.920136726072659e-11	53.73374897778174
-1.8547298202163996e-11	53.1131726443895
-1.7915509136872626e-11	52.32302321123746
-1.7305241126490306e-11	51.436692384782724
-1.671576108488134e-11	50.515247765799124
-1.6146360897515027e-11	49.6056609863502
-1.559635657084137e-11	48.74084763116737
-1.506508741064136e-11	55.84174716657799
-1.4551915228366852e-11	35.267556939101354
-1.405622357451426e-11	37.17683986749365
-1.3577416998113135e-11	39.57689692427947
-1.3114920331439223e-11	42.239746609399454
-1.2668177999092185e-11	44.94621816450453
-1.2236653350609624e-11	47.50061283327094
-1.1819828015813795e-11	49.74453776568743
-1.1417201282118185e-11	51.566550726490384
-1.10282894930453e-11	52.90577802901575
-1.0652625467232593e-11	53.749369778347514
-1.0289757937229989e-11	54.124984174017584
-9.939251007413245e-12	54.090209677362
-9.600683630363294e-12	53.720955331037416
-9.273649101081998e-12	53.10052674147759
-8.957754568436313e-12	52.310565428038565
-8.652620563245153e-12	51.424445623268696
-8.35788054244067e-12	50.50322038815259
-8.073180448757513e-12	49.59385017099733
-7.798178285420685e-12	48.72924271934919
-7.53254370532068e-12	55.82845157299459
-7.275957614183426e-12	35.25915995882177
-7.02811178725713e-12	37.16798831388288
-6.788708499056567e-12	39.56747394406214
-6.5574601657196114e-12	42.22968963022024
-6.334088999546093e-12	44.93551679716516
-6.118326675304812e-12	47.48930328329701
-5.9099140079068976e-12	49.732693951181005
-5.7086006410590925e-12	51.55427309964198
-5.51414474652265e-12	52.893181536174055
-5.326312733616296e-12	53.736572425921246
-5.1448789686149945e-12	54.11209738375417
-4.9696255037066225e-12	54.07733116008656
-4.800341815181647e-12	53.708164724545455
-4.636824550540999e-12	53.087883849347236
-4.4788772842181565e-12	52.29811061572439
-4.3263102816225765e-12	51.412201786385374
-4.178940271220335e-12	50.49119588598159
-4.036590224378757e-12	49.58204218178379
-3.8990891427103424e-12	48.717640586117874
-3.76627185266034e-12	55.8151591622813
-3.637978807091713e-12	35.25076497925831
-3.514055893628565e-12	37.1591388619016
-3.3943542495282837e-12	39.5580531957775
-3.2787300828598057e-12	42.219635029743706
-3.1670444997730463e-12	44.92481795933268
-3.059163337652406e-12	47.47799640651713
-2.9549570039534488e-12	49.720852937327884
-2.8543003205295463e-12	51.541998378153934
-2.757072373261325e-12	52.880588026932486
-2.663156366808148e-12	53.72377810784666
-2.5724394843074972e-12	54.099213652384044
-2.4848127518533113e-12	54.064455703040935
-2.4001709075908236e-12	53.69537716050568
-2.3184122752704995e-12	53.075243967344804
-2.2394386421090783e-12	52.285658771197596
-2.1631551408112883e-12	51.399960869046865
-2.0894701356101674e-12	50.479174252668535
-2.0182951121893783e-12	49.57023701098788
-1.9495445713551712e-12	48.706041223025295
-1.88313592633017e-12	55.80186992501895
-1.8189894035458565e-12	35.24237199920619
-1.7570279468142826e-12	37.15029151398964
-1.6971771247641418e-12	39.548634684716895
-1.6393650414299029e-12	42.209582815322335
-1.5835222498865232e-12	44.914121659637466
-1.529581668826203e-12	47.466692212087594
-1.4774785019767244e-12	49.70901473312665
-1.4271501602647731e-12	51.52972657028862
-1.3785361866306626e-12	52.867997508371964
-1.331578183404074e-12	53.71098682972481
-1.2862197421537486e-12	54.08633298387495
-1.2424063759266556e-12	54.0515833085353
-1.2000854537954118e-12	53.68259263965196
-1.1592061376352497e-12	53.06260709478552
-1.1197193210545391e-12	52.273209892560644
-1.0815775704056441e-12	51.38772286836996
-1.0447350678050837e-12	50.467155484572906
-1.0091475560946892e-12	49.55843465442493
-9.747722856775856e-13	48.694444625530444
-9.41567963165085e-13	55.788583856136604
-9.094947017729282e-13	35.23398101783018
-8.785139734071413e-13	37.141446271116465
-8.485885623820709e-13	39.539218413255874
-8.196825207149514e-13	42.19953299034171
-7.917611249432616e-13	44.9034279020842
-7.647908344131015e-13	47.45539070425819
-7.387392509883622e-13	49.697179342733286
-7.135750801323866e-13	51.517457679822414
-6.892680933153313e-13	52.855409983670505
-6.65789091702037e-13	53.6981985939898
-6.431098710768743e-13	54.0734553798435
-6.212031879633278e-13	54.03871397735944
-6.000427268977059e-13	53.66981116199006
-5.796030688176249e-13	53.0499732309716
-5.598596605272696e-13	52.26076397851574
-5.407887852028221e-13	51.37548778257117
-5.223675339025419e-13	50.45513957953936
-5.045737780473446e-13	49.5466351096739
-4.873861428387928e-13	48.682850791040245
-4.707839815825425e-13	55.77530095272844
-4.547473508864641e-13	35.22559203447582
-4.3925698670357064e-13	37.13260313351497
-4.2429428119103546e-13	39.52980438231237
-4.098412603574757e-13	42.18948555620576
-3.958805624716308e-13	44.89273668836724
-3.8239541720655075e-13	47.44409188482827
-3.693696254941811e-13	49.68534676788501
-3.567875400661933e-13	51.505191708290845
-3.4463404665766565e-13	52.84282545405593
-3.328945458510185e-13	53.68541340149256
-3.2155493553843715e-13	54.06058084073011
-3.106015939816639e-13	54.02584770954162
-3.0002136344885295e-13	53.65703272715945
-2.8980153440881244e-13	53.03734237519549
-2.799298302636348e-13	52.248321028061135
-2.7039439260141103e-13	51.36325561041206
-2.6118376695127093e-13	50.44312653615002
-2.522868890236723e-13	49.534838375190425
-2.436930714193964e-13	48.67125971792997
-2.3539199079127124e-13	55.762021212963106
-2.2737367544323206e-13	35.217205048572694
-2.1962849335178532e-13	37.12376210104322
-2.1214714059551773e-13	39.52039259206881
-2.0492063017873786e-13	42.179440513320074
-1.979402812358154e-13	44.882048019017944
-1.9119770860327537e-13	47.43279575436353
-1.8468481274709055e-13	49.673517009101104
-1.7839377003309664e-13	51.4929286561001
-1.7231702332883282e-13	52.83024391977208
-1.6644727292550926e-13	53.67263125228346
-1.6077746776921858e-13	54.04770936637846
-1.5530079699083195e-13	54.01298450472057
-1.5001068172442648e-13	53.64425733460816
-1.4490076720440622e-13	53.02471452673712
-1.399649151318174e-13	52.23588104033627
-1.3519719630070552e-13	51.35102635092095
-1.3059188347563546e-13	50.43111635335057
-1.2614344451183615e-13	49.52304444986389
-1.218465357096982e-13	48.659671405055605
-1.1769599539563562e-13	55.74874463554808
-1.1368683772161603e-13	35.208820059599994
-1.0981424667589266e-13	37.11492317338203
-1.0607357029775887e-13	39.510983042352414
-1.0246031508936893e-13	42.1693978616061
-9.89701406179077e-14	44.871361894002966
-9.559885430163769e-14	47.421502312831414
-9.234240637354527e-14	49.661690066311124
-8.919688501654832e-14	51.48066852311137
-8.615851166441641e-14	52.817665380590256
-8.322363646275463e-14	53.65985214603181
-8.038873388460929e-14	54.034840956352085
-7.765039849541598e-14	54.00012436235779
-7.500534086221324e-14	53.63148498370479
-7.245038360220311e-14	53.01208968488502
-6.99824575659087e-14	52.22344401456439
-6.759859815035276e-14	51.33880000327103
-6.529594173781773e-14	50.4191090302789
-6.307172225591807e-14	49.51125333280981
-6.09232678548491e-14	48.648085851521266
-5.884799769781781e-14	55.735471219463584
-5.684341886080802e-14	35.2004370670589
5.684341886080802e-14	35.20043706705959
5.884799769781781e-14	55.73547121946617
6.09232678548491e-14	48.648085851524066
6.307172225591807e-14	49.51125333281258
6.529594173781773e-14	50.419109030281604
6.759859815035276e-14	51.33880000327357
6.99824575659087e-14	52.2234440145667
7.245038360220311e-14	53.01208968488703
7.500534086221324e-14	53.63148498370639
7.765039849541598e-14	54.00012436235895
8.038873388460929e-14	54.03484095635272
8.322363646275463e-14	53.65985214603189
8.615851166441641e-14	52.81766538058981
8.919688501654832e-14	51.48066852311041
9.234240637354527e-14	49.66169006630976
9.559885430163769e-14	47.42150231282976
9.89701406179077e-14	44.87136189400128
1.0246031508936893e-13	42.169397861604516
1.0607357029775887e-13	39.51098304235117
1.0981424667589266e-13	37.11492317338133
1.1368683772161603e-13	35.20882005960006
1.1769599539563562e-13	55.74874463555007
1.218465357096982e-13	48.6596714050582
1.2614344451183615e-13	49.52304444986649
1.3059188347563546e-13	50.43111635335312
1.3519719630070552e-13	51.35102635092339
1.399649151318174e-13	52.235881040338555
1.4490076720440622e-13	53.02471452673916
1.5001068172442648e-13	53.64425733460988
1.5530079699083195e-13	54.012984504721885
1.6077746776921858e-13	54.047709366379316
1.6644727292550926e-13	53.672631252283814
1.7231702332883282e-13	52.83024391977193
1.7839377003309664e-13	51.492928656099515
1.8468481274709055e-13	49.673517009100166
1.9119770860327537e-13	47.43279575436232
1.979402812358154e-13	44.88204801901662
2.0492063017873786e-13	42.17944051331884
2.1214714059551773e-13	39.52039259206788
2.1962849335178532e-13	37.12376210104277
2.2737367544323206e-13	35.217205048572964
2.3539199079127124e-13	55.762021212965266
2.436930714193964e-13	48.6712597179325
2.522868890236723e-13	49.53483837519291
2.6118376695127093e-13	50.443126536152405
2.7039439260141103e-13	51.36325561041433
2.799298302636348e-13	52.24832102806316
2.8980153440881244e-13	53.0373423751972
3.0002136344885295e-13	53.6570327271608
3.106015939816639e-13	54.02584770954252
3.2155493553843715e-13	54.06058084073052
3.328945458510185e-13	53.68541340149245
3.4463404665766565e-13	52.84282545405531
3.567875400661933e-13	51.50519170828979
3.693696254941811e-13	49.685346767883615
3.8239541720655075e-13	47.44409188482666
3.958805624716308e-13	44.89273668836564
4.098412603574757e-13	42.189485556204325
4.2429428119103546e-13	39.52980438231137
4.3925698670357064e-13	37.13260313351461
4.547473508864641e-13	35.225592034476314
4.707839815825425e-13	55.77530095273149
4.873861428387928e-13	48.682850791043634
5.045737780473446e-13	49.54663510967734
5.223675339025419e-13	50.45513957954275
5.407887852028221e-13	51.375487782574396
5.598596605272696e-13	52.26076397851879
5.796030688176249e-13	53.04997323097435
6.000427268977059e-13	53.66981116199241
6.212031879633278e-13	54.038713977361354
6.431098710768743e-13	54.073455379844816
6.65789091702037e-13	53.698198593990554
6.892680933153313e-13	52.855409983670654
7.135750801323866e-13	51.51745767982203
7.387392509883622e-13	49.69717934273249
7.647908344131015e-13	47.45539070425711
7.917611249432616e-13	44.90342790208305
8.196825207149514e-13	42.199532990340735
8.485885623820709e-13	39.53921841325526
8.785139734071413e-13	37.14144627111653
9.094947017729282e-13	35.23398101783118
9.41567963165085e-13	55.788583856140654
9.747722856775856e-13	48.69444462553483
1.0091475560946892e-12	49.55843465442931
1.0447350678050837e-12	50.46715548457725
1.0815775704056441e-12	51.387722868374155
1.1197193210545391e-12	52.27320989256459
1.1592061376352497e-12	53.06260709478913
1.2000854537954118e-12	53.682592639655105
1.2424063759266556e-12	54.05158330853791
1.2862197421537486e-12	54.08633298387698
1.331578183404074e-12	53.71098682972617
1.3785361866306626e-12	52.86799750837265
1.4271501602647731e-12	51.52972657028868
1.4774785019767244e-12	49.7090147331262
1.529581668826203e-12	47.4666922120868
1.5835222498865232e-12	44.91412165963655
1.6393650414299029e-12	42.20958281532154
1.6971771247641418e-12	39.548634684716525
1.7570279468142826e-12	37.15029151398996
1.8189894035458565e-12	35.24237199920747
1.88313592633017e-12	55.801869925023375
1.9495445713551712e-12	48.706041223029885
2.0182951121893783e-12	49.570237010992415
2.0894701356101674e-12	50.47917425267289
2.1631551408112883e-12	51.39996086905099
2.2394386421090783e-12	52.2856587712014
2.3184122752704995e-12	53.07524396734811
2.4001709075908236e-12	53.695377160508414
2.4848127518533113e-12	54.064455703043
2.5724394843074972e-12	54.09921365238533
2.663156366808148e-12	53.723778107847146
2.757072373261325e-12	52.88058802693218
2.8543003205295463e-12	51.54199837815289
2.9549570039534488e-12	49.72085293732623
3.059163337652406e-12	47.477996406515075
3.1670444997730463e-12	44.92481795933048
3.2787300828598057e-12	42.21963502974167
3.3943542495282837e-12	39.558053195775926
3.514055893628565e-12	37.15913886190079
3.637978807091713e-12	35.25076497925855
3.76627185266034e-12	55.815159162284445
3.8990891427103424e-12	48.717640586121824
4.036590224378757e-12	49.58204218178773
4.178940271220335e-12	50.49119588598546
4.3263102816225765e-12	51.41220178638909
4.4788772842181565e-12	52.29811061572781
4.636824550540999e-12	53.0878838493503
4.800341815181647e-12	53.708164724548
4.9696255037066225e-12	54.07733116008852
5.1448789686149945e-12	54.11209738375547
5.326312733616296e-12	53.73657242592185
5.51414474652265e-12	52.89318153617391
5.7086006410590925e-12	51.55427309964117
5.9099140079068976e-12	49.73269395117966
6.118326675304812e-12	47.489303283295314
6.334088999546093e-12	44.93551679716334
6.5574601657196114e-12	42.22968963021857
6.788708499056567e-12	39.567473944060886
7.02811178725713e-12	37.16798831388243
7.275957614183426e-12	35.25915995882241
7.53254370532068e-12	55.82845157299815
7.798178285420685e-12	48.72924271935326
8.073180448757513e-12	49.593850171001435
8.35788054244067e-12	50.50322038815666
8.652620563245153e-12	51.424445623272646
8.957754568436313e-12	52.3105654280423
9.273649101081998e-12	53.10052674148098
9.600683630363294e-12	53.72095533104035
9.939251007413245e-12	54.09020967736435
1.0289757937229989e-11	54.12498417401931
1.0652625467232593e-11	53.74936977834851
1.10282894930453e-11	52.905778029016
1.1417201282118185e-11	51.56655072648995
1.1819828015813795e-11	49.74453776568644
1.2236653350609624e-11	47.50061283326951
1.2668177999092185e-11	44.94621816450294
1.3114920331439223e-11	42.239746609397926
1.3577416998113135e-11	39.576896924278294
1.405622357451426e-11	37.176839867493165
1.4551915228366852e-11	35.267556939101816
1.506508741064136e-11	55.841747166580866
1.559635657084137e-11	48.74084763117069
1.6146360897515027e-11	49.60566098635346
1.671576108488134e-11	50.51524776580226
1.7305241126490306e-11	51.43669238478562
1.7915509136872626e-11	52.323023211240034
1.8547298202163996e-11	53.11317264439162
1.920136726072659e-11	53.733748977783286
1.987850201482649e-11	54.103091249501624
2.0579515874459978e-11	54.13787401448316
2.1305250934465185e-11	53.762170153162494
2.20565789860906e-11	52.91837749053736
2.283440256423637e-11	51.57883124142703
2.363965603162759e-11	49.75638436212269
2.4473306701219248e-11	47.51192503742808
2.533635599818437e-11	44.95692204342941
2.6229840662878446e-11	42.249805951959445
2.715483399622627e-11	39.586322125278016
2.811244714902852e-11	37.18569351733449
2.9103830456733704e-11	35.27595592203373
3.013017482128272e-11	55.855045961161295
3.119271314168274e-11	48.7524553378523
3.2292721795030053e-11	49.617474642653704
3.343152216976268e-11	50.52727803150611
3.461048225298061e-11	51.448942080428026
3.583101827374525e-11	52.335483970821045
3.709459640432799e-11	53.12582155867158
3.840273452145318e-11	53.746545659635316
3.975700402965298e-11	54.115975865003485
4.1159031748919956e-11	54.15076688698193
4.261050186893037e-11	53.774973525644
4.41131579721812e-11	52.93097989010059
4.566880512847274e-11	51.59111460911772
4.727931206325518e-11	49.76823370226678
4.8946613402438496e-11	47.523239857006146
5.067271199636874e-11	44.96762839739731
5.245968132575689e-11	42.259867626607225
5.430966799245254e-11	39.59574952416264
5.622489429805704e-11	37.19454925207573
5.820766091346741e-11	35.28435691102366
6.026034964256544e-11	55.868347992325994
6.238542628336548e-11	48.76406587136765
6.458544359006011e-11	49.62929116891476
6.686304433952536e-11	50.53931120980331
6.922096450596122e-11	51.461194728537095
7.16620365474905e-11	52.34794771708827
7.418919280865598e-11	53.13847348476372
7.680546904290636e-11	53.75934536553716
7.951400805930596e-11	54.12886350005964
8.231806349783991e-11	54.163662754331554
8.522100373786074e-11	53.78777984546902
8.82263159443624e-11	52.94358516552557
9.133761025694548e-11	51.60340075798038
9.455862412651036e-11	49.78008570877287
9.789322680487699e-11	47.53455721360021
1.0134542399273748e-10	44.978337152490134
1.0491936265151378e-10	42.26993156999097
1.0861933598490508e-10	39.60517907446301
1.1244978859611408e-10	37.203407048478745
1.1641532182693481e-10	35.292759912414525
1.2052069928513087e-10	55.88165333066734
1.2477085256673096e-10	48.77567929515653
1.2917088718012021e-10	49.641110622636766
1.3372608867905071e-10	50.55134734920478
1.3844192901192245e-10	51.47345036518444
1.43324073094981e-10	52.36041446999095
1.4837838561731197e-10	53.151128422835825
1.536109380858127e-10	53.77214807258396
1.5902801611861192e-10	54.1417541061914
1.6463612699567982e-10	54.17656154123496
1.7044200747572148e-10	53.80058901099578
1.764526318887248e-10	52.956193191407095
1.8267522051389096e-10	51.61568954377499
1.8911724825302072e-10	49.79194022586648
1.9578645360975398e-10	47.54587694934518
2.0269084798547497e-10	44.98904815987564
2.0983872530302757e-10	42.27999765450437
2.1723867196981016e-10	39.61461068246176
2.2489957719222817e-10	37.21226685944627
2.3283064365386963e-10	35.30116493845717
2.4104139857026175e-10	55.89496211697143
2.495417051334619e-10	48.78729573574817
2.5834177436024043e-10	49.65293311842594
2.6745217735810143e-10	50.563386546277115
2.768838580238449e-10	51.485709061977886
2.86648146189962e-10	52.37288426879333
2.9675677123462393e-10	53.16378637247093
3.072218761716254e-10	53.78495373408004
3.1805603223722384e-10	54.15464758541193
3.2927225399135965e-10	54.18946309592319
3.4088401495144296e-10	53.81340081762934
3.529052637774496e-10	52.96880371550709
3.653504410277819e-10	51.627980676511335
3.7823449650604145e-10	49.80379694045294
3.9157290721950797e-10	47.55719874698675
4.0538169597094993e-10	44.99976112045182
4.1967745060605513e-10	42.29006562365241
4.344773439396203e-10	39.62404415966598
4.4979915438445634e-10	37.221128590015574
4.656612873077393e-10	35.309572013238295
4.820827971405247e-10	55.9082746327647
4.990834102669238e-10	48.7989154461711
5.166835487204809e-10	49.66475888539209
5.349043547162015e-10	50.5754289939448
5.537677160476898e-10	51.497970961780744
5.732962923799255e-10	52.385357191487955
5.935135424692479e-10	53.17644733207742
6.144437523432508e-10	53.797762255621116
6.361120644744461e-10	54.16754374045545
6.585445079827193e-10	54.20236711327765
6.817680299028876e-10	53.826214854321215
7.058105275548992e-10	52.981416231247124
7.307008820555638e-10	51.640273573923444
7.56468993012081e-10	49.815655223959645
7.831458144390159e-10	47.56852196964385
8.107633919419018e-10	45.01047543377788
8.393549012121103e-10	42.30013496247971
8.689546878792406e-10	39.633479127533064
8.995983087689104e-10	37.2299920492493
9.313225746154785e-10	35.31798118459749
9.641655942810495e-10	55.921591441779434
9.981668205338477e-10	48.81053893308656
1.0333670974409617e-9	49.67658838222369
1.069808709432403e-9	50.58747507832324
1.1075354320953796e-9	51.51023635030791
1.146592584759851e-9	52.397833393690284
1.1870270849384957e-9	53.18911129766642
1.2288875046865017e-9	53.81057344708698
1.2722241289488923e-9	54.18044217492186
1.3170890159654386e-9	54.215272980613456
1.3635360598057752e-9	53.83903029596329
1.4116210551097985e-9	52.99402972195855
1.4614017641111277e-9	51.65256706758147
1.512937986024162e-9	49.82751381512321
1.5662916288780319e-9	47.579845339429035
1.6215267838838037e-9	45.021189895087936
1.6787098024242205e-9	42.310204637699464
1.7379093757584813e-9	39.64291482638846
1.7991966175378208e-9	37.23885685374605
1.862645149230957e-9	35.326392548025844
1.928331188562099e-9	55.93491367361609
1.9963336410676953e-9	48.82216721170772
2.0667341948819234e-9	49.68842252793026
2.139617418864806e-9	50.599525572884
2.215070864190759e-9	51.52250579968752
2.293185169519702e-9	52.41031318662679
2.3740541698769915e-9	53.2017782603938
2.4577750093730034e-9	53.82338692636789
2.5444482578977845e-9	54.1933420930324
2.634178031930877e-9	54.228179468423065
2.7270721196115503e-9	53.85184548706907
2.823242110219597e-9	53.00664214802087
2.9228035282222554e-9	51.66485881355188
3.025875972048324e-9	49.83937018387943
3.1325832577560637e-9	47.59116629298451
3.2430535677676073e-9	45.03190208771381
3.357419604848441e-9	42.320272576587925
3.4758187515169625e-9	39.652349732274786
3.5983932350756416e-9	37.24772223419649
3.725290298461914e-9	35.334806294657426
3.856662377124198e-9	55.948243592609145
3.992667282135391e-9	48.83380231699226
4.133468389763847e-9	49.70026316456291
4.279234837729612e-9	50.611582027835325
4.430141728381518e-9	51.53478045637253
4.586370339039404e-9	52.422797193556704
4.748108339753983e-9	53.21444820166808
4.915550018746007e-9	53.836201926345495
5.088896515795569e-9	54.20624189811987
5.268356063861754e-9	54.24108411026637
5.454144239223101e-9	53.86465710697225
5.646484220439194e-9	53.01924941846444
5.845607056444511e-9	51.67714411064305
6.051751944096648e-9	49.85121925582673
6.2651665155121274e-9	47.60247968920938
6.486107135535215e-9	45.04260716480419
6.714839209696882e-9	42.33033462212893
6.951637503033925e-9	39.66178078877442
7.196786470151283e-9	37.256586647671305
7.450580596923828e-9	35.34322280777347
7.713324754248396e-9	55.961585738906265
7.985334564270781e-9	48.84544832897446
8.266936779527694e-9	49.712113985378075
8.558469675459224e-9	50.62364755125048
8.860283456763037e-9	51.547062618823716
9.172740678078808e-9	52.43528666380689
9.496216679507966e-9	53.22712108372824
9.831100037492013e-9	53.849016908243534
1.0177793031591138e-8	54.21913838791243
1.0536712127723509e-8	54.25398195971349
1.0908288478446201e-8	53.87745849626615
1.1292968440878388e-8	53.03184332920985
1.1691214112889021e-8	51.68941353113751
1.2103503888193296e-8	49.86305085492303
1.2530333031024255e-8	47.613775218425346
1.297221427107043e-8	45.05329540690834
1.3429678419393764e-8	42.34038243842905
1.390327500606785e-8	39.67120186732748
1.4393572940302566e-8	37.265447000997604
1.4901161193847656e-8	35.35164285732186
1.542664950849679e-8	55.974949218163324
1.5970669128541563e-8	48.85711343002744
1.6533873559055387e-8	49.72398239736287
1.711693935091845e-8	50.635728376856115
1.7720566913526073e-8	51.55935689744382
1.8345481356157615e-8	52.44778410412552
1.8992433359015932e-8	53.23979683247893
1.9662200074984027e-8	53.861828788115645
2.0355586063182276e-8	54.23202514277597
2.1073424255447017e-8	54.26686309968207
2.1816576956892402e-8	53.890236302950306
2.2585936881756776e-8	53.044407430855344
2.3382428225778043e-8	51.70164817203609
2.4207007776386593e-8	49.87484457777092
2.506066606204851e-8	47.62503220954739
2.594442854214086e-8	45.063947326918985
2.685935683878753e-8	42.35039931335462
2.78065500121357e-8	39.68060068286153
2.8787145880605133e-8	37.274297096876026
2.9802322387695312e-8	35.36006799390572
3.085329901699358e-8	55.9883522996602
3.1941338257083125e-8	48.868814035756195
3.3067747118110775e-8	49.73588326207328
3.42338787018369e-8	50.647837014303136
3.544113382705215e-8	51.57167254745839
3.669096271231523e-8	52.46029455208908
3.7984866718031864e-8	53.25247531091669
3.9324400149968054e-8	53.87463139406098
4.071117212636455e-8	54.24488930248252
4.2146848510894035e-8	54.27970765721294
4.3633153913784805e-8	53.90296376671112
4.517187376351355e-8	53.056908752557646
4.6764856451556086e-8	51.7138101430156
4.8414015552773186e-8	49.88655952608564
5.012133212409702e-8	47.63620922840502
5.188885708428172e-8	45.07452386599894
5.371871367757506e-8	42.360351754120494
5.56131000242714e-8	39.689952622003446
5.7574291761210265e-8	37.28312453217264
5.960464477539063e-8	35.368501354497376
6.170659803398717e-8	56.00183166432098
6.388267651416625e-8	48.88058310178331
6.613549423622155e-8	49.74784642198297
6.84677574036738e-8	50.65999859307787
7.08822676541043e-8	51.58402817562148
7.338192542463046e-8	52.472828160217915
7.596973343606373e-8	53.26515629841544
7.864880029993611e-8	53.887412407101664
8.14223442527291e-8	54.257705139336636
8.429369702178807e-8	54.292475845294994
8.726630782756961e-8	53.915587292550015
9.03437475270271e-8	53.06928124847568
9.352971290311217e-8	51.725823536268194
9.682803110554637e-8	49.89811376326443
1.0024266424819404e-7	47.64722326699414
1.0377771416856343e-7	45.08494678297872
1.0743742735515011e-7	42.370172685458364
1.112262000485428e-7	39.69920842088162
1.1514858352242053e-7	37.2919045355829
1.1920928955078125e-7	35.37694934037457
1.2341319606797433e-7	56.015461061392344
1.277653530283325e-7	48.89248687621632
1.322709884724431e-7	49.75993189480892
1.369355148073476e-7	50.672263692947986
1.417645353082086e-7	51.59646129520264
1.4676385084926092e-7	52.48540550248566
1.5193946687212745e-7	53.27783958197764
1.5729760059987222e-7	53.90014736788305
1.628446885054582e-7	54.270421319940056
1.6858739404357614e-7	54.30508815163639
1.7453261565513922e-7	53.92799969287191
1.806874950540542e-7	53.08139277664248
1.8705942580622434e-7	51.737536446316696
1.9365606221109274e-7	49.90934330648067
2.0048532849638808e-7	47.65790820608814
2.0755542833712687e-7	45.09505953031379
2.1487485471030023e-7	42.37972796551387
2.224524000970856e-7	39.70826967339659
2.3029716704484106e-7	37.3005878408656
2.384185791015625e-7	35.385425229884966
2.4682639213594866e-7	56.02938917017201
2.55530706056665e-7	48.90465887667427
2.645419769448862e-7	49.772260753181584
2.738710296146952e-7	50.68473451220309
2.835290706164172e-7	51.609047956392025
2.9352770169852185e-7	52.4980687171068
3.038789337442549e-7	53.290525673867755
3.1459520119974443e-7	53.912788226736346
3.256893770109164e-7	54.28293596370263
3.371747880871523e-7	54.31738624747521
3.4906523131027844e-7	53.939987198959535
3.613749901081084e-7	53.09297958213424
3.741188516124487e-7	51.748645538165604
3.873121244221855e-7	49.91992065073454
4.0097065699277616e-7	47.66793230349819
4.1511085667425373e-7	45.10454960790741
4.2974970942060045e-7	42.38875007832091
4.449048001941712e-7	39.716940591874746
4.605943340896821e-7	37.30907729105715
4.76837158203125e-7	35.393957411941486
4.936527842718973e-7	56.04391732431405
5.1106141211333e-7	48.91736956076399
5.290839538897724e-7	49.7850786918845
5.477420592293904e-7	50.697619101806545
5.670581412328344e-7	51.62194399140471
5.870554033970437e-7	52.510905858587996
6.077578674885098e-7	53.303219390116574
6.291904023994889e-7	53.92524265791537
6.513787540218328e-7	54.29504903920364
6.743495761743046e-7	54.32905714525944
6.981304626205569e-7	53.95112588238456
7.227499802162168e-7	53.10351772135604
7.482377032248974e-7	51.75854770686282
7.74624248844371e-7	49.92919441765444
8.019413139855523e-7	47.67663586904868
8.302217133485075e-7	45.11279609786455
8.594994188412009e-7	42.39670851911485
8.898096003883424e-7	39.724834764180926
9.211886681793642e-7	37.31718460219647
9.5367431640625e-7	35.40260983719524
9.873055685437947e-7	56.05966255369301
1.02212282422666e-6	48.93117216057669
1.0581679077795448e-6	49.79889005124343
1.0954841184587807e-6	50.71134712840595
1.1341162824656687e-6	51.63547521219463
1.1741108067940874e-6	52.524107725345495
1.2155157349770196e-6	53.315945546302885
1.2583808047989777e-6	53.93734163746276
1.3027575080436657e-6	54.30637650882348
1.3486991523486091e-6	54.33949125775309
1.3962609252411138e-6	53.960584621726
1.4454999604324336e-6	53.11197640451343
1.4964754064497947e-6	51.766054255907285
1.549248497688742e-6	49.93587988469241
1.6038826279711046e-6	47.68271824567783
1.660443426697015e-6	45.118576824487185
1.7189988376824018e-6	42.40256322299372
1.7796192007766848e-6	39.73120206906056
1.8423773363587285e-6	37.324558297116255
1.9073486328125e-6	35.41153869483264
1.9746111370875893e-6	56.07791302469892
2.04424564845332e-6	48.947219361981325
2.1163358155590896e-6	49.81475249618242
2.1909682369175614e-6	50.726829729151454
2.2682325649313374e-6	51.65034789679019
2.3482216135881748e-6	52.53811342135108
2.4310314699540393e-6	53.32881410870423
2.5167616095979554e-6	53.948810230117175
2.6055150160873313e-6	54.31621611683742
2.6973983046972182e-6	54.347537854702445
2.7925218504822275e-6	53.9667721628717
2.8909999208648673e-6	53.11636752702563
2.9929508128995895e-6	51.76886374667037
3.098496995377484e-6	49.93748612760538
3.2077652559422093e-6	47.68365944870578
3.32088685339403e-6	45.11953205560932
3.4379976753648036e-6	42.404322799073924
3.5592384015533696e-6	39.73463643209252
3.684754672717457e-6	37.33059694231244
3.814697265625e-6	35.42116787358411
3.949222274175179e-6	56.101452458304244
4.08849129690664e-6	48.9679927537435
4.232671631118179e-6	49.83496885300522
4.381936473835123e-6	50.746088434805706
4.536465129862675e-6	51.668186030977004
4.6964432271763496e-6	52.554025082840774
4.8620629399080785e-6	53.34228165245073
5.033523219195911e-6	53.959348007459205
5.211030032174663e-6	54.32342553124374
5.3947966093944364e-6	54.35117017536463
5.585043700964455e-6	53.9667928569181
5.781999841729735e-6	53.113013437061944
5.985901625799179e-6	51.76268308774348
6.196993990754968e-6	49.92935199962225
6.4155305118844185e-6	47.67475123042211
6.64177370678806e-6	45.11128596215132
6.875995350729607e-6	42.39836218512246
7.118476803106739e-6	39.73270152576425
7.369509345434914e-6	37.33449802146577
7.62939453125e-6	35.43277925361896
7.898444548350357e-6	56.136636889673966
8.17698259381328e-6	48.99911847988506
8.465343262236358e-6	49.864851042740725
8.763872947670246e-6	50.77391809293556
9.07293025972535e-6	51.69303691602595
9.392886454352699e-6	52.57489558876404
9.724125879816157e-6	53.35816052866305
1.0067046438391822e-5	53.96930467339907
1.0422060064349325e-5	54.32672208499601
1.0789593218788873e-5	54.347387406825476
1.117008740192891e-5	53.95595725712873
1.156399968345947e-5	53.0957074985845
1.1971803251598358e-5	51.74011880079511
1.2393987981509936e-5	49.90338933295797
1.2831061023768837e-5	47.64785122250587
1.328354741357612e-5	45.08640230372136
1.3751990701459215e-5	42.37879394769737
1.4236953606213478e-5	39.72194762701257
1.4739018690869828e-5	37.336161823996285
1.52587890625e-5	35.45055700570307
1.5796889096700715e-5	56.199020468776375
1.635396518762656e-5	49.05417439804689
1.6930686524472717e-5	49.9174947096815
1.752774589534049e-5	50.822533787290844
1.81458605194507e-5	51.735780923041595
1.8785772908705398e-5	52.60978269172091
1.9448251759632314e-5	53.38319806612129
2.0134092876783644e-5	53.9826752696256
2.084412012869865e-5	54.32700878662934
2.1579186437577746e-5	54.33382539844656
2.234017480385782e-5	53.92868582710131
2.312799936691894e-5	53.05598681704718
2.3943606503196716e-5	51.69047172200357
2.478797596301987e-5	49.84763272648965
2.5662122047537674e-5	47.59099750073607
2.656709482715224e-5	45.03444056823285
2.750398140291843e-5	42.33839743754202
2.8473907212426957e-5	39.700188897990756
2.9478037381739656e-5	37.34033050837445
3.0517578125e-5	35.48814242680064
3.159377819340143e-5	56.3281431821943
3.270793037525308e-5	49.16659438635132
3.3861373048945474e-5	50.02567200307931
3.505549179068098e-5	50.92325700800043
3.62917210389014e-5	51.825387094290996
3.7571545817410796e-5	52.684331463011915
3.889650351926458e-5	53.438740321219214
4.026818575356734e-5	54.015617870622044
4.16882402573973e-5	54.33456254866986
4.315837287515549e-5	54.31450454427171
4.468034960771564e-5	53.88280667877564
4.625599873383782e-5	52.98609601445586
4.7887213006393486e-5	51.60162646635013
4.957595192603974e-5	49.74746497590746
5.132424409507535e-5	47.48952675140993
5.313418965430448e-5	44.943656687018
5.500796280583679e-5	42.27170705013624
5.694781442485398e-5	39.67188329833634
5.895607476347931e-5	37.36525192694861
6.103515625e-5	35.581650089693035
6.318755638680286e-5	56.608543817950974
6.541586075050616e-5	49.400018367131004
6.772274609789095e-5	50.25008810935484
7.011098358136196e-5	51.132066911273725
7.25834420778028e-5	52.01108228743915
7.514309163482159e-5	52.838838181979696
7.779300703852916e-5	53.55394789812628
8.053637150713468e-5	54.084092265353334
8.33764805147946e-5	54.350418088259154
8.631674575031098e-5	54.27437053108592
8.936069921543128e-5	53.7867866881846
9.251199746767564e-5	52.838585589504696
9.577442601278697e-5	51.41184227825361
9.915190385207948e-5	49.529559287525416
0.0001026484881901507	47.262225442834456
0.00010626837930860896	44.7294663625201
0.00011001592561167358	42.095866275356336
0.00011389562884970796	39.561337381946004
0.00011791214952695862	37.34793491855158
0.0001220703125	35.686171997468485
0.00012637511277360572	56.87822386166718
0.00013083172150101232	49.519390718136464
0.0001354454921957819	50.322168723089234
0.00014022196716272393	51.1431747520299
0.0001451668841556056	51.94632521349518
0.00015028618326964319	52.68289756646857
0.00015558601407705832	53.292185006068884
0.00016107274301426937	53.70395302791853
0.0001667529610295892	53.84305308752962
0.00017263349150062197	53.63631478646285
0.00017872139843086256	53.02146968465336
0.0001850239949353513	51.95738268769417
0.00019154885202557394	50.43435531131854
0.00019830380770415897	48.48284682699448
0.0002052969763803014	46.17880173432109
0.0002125367586172179	43.6440404843547
0.00022003185122334716	41.04095684556878
0.00022779125769941593	38.56199968163447
0.00023582429905391725	36.41579269790496
0.000244140625	34.81270996397328
0.00025275022554721143	55.66673693185327
0.00026166344300202464	48.54546865959327
0.0002708909843915638	49.19213379188607
0.00028044393432544786	49.833284040894064
0.0002903337683112112	50.43319286543069
0.00030057236653928637	50.94540287143137
0.00031117202815411665	51.31383814216284
0.00032214548602853873	51.47558710664021
0.0003335059220591784	51.36560232169081
0.00034526698300124393	50.92332639430868
0.0003574427968617251	50.10090687361289
0.0003700479898707026	48.87224126595145
0.0003830977040511479	47.241672457691934
0.00039660761540831794	45.25085212741929
0.0004105939527606028	42.98224489045732
0.0004250735172344358	40.558078506122435
0.0004400637024466943	38.13429127721983
0.00045558251539883185	35.89007000612362
0.0004716485981078345	34.01459989130465
0.00048828125	32.69318779726477
0.0005055004510944229	52.401381059284624
0.0005233268860040493	45.224964020983116
0.0005417819687831276	45.58284412505698
0.0005608878686508957	45.90809731042631
0.0005806675366224224	46.1691533564929
0.0006011447330785727	46.3267996751861
0.0006223440563082333	46.33566000468929
0.0006442909720570775	46.14703964276285
0.0006670118441183568	45.71325018739272
0.0006905339660024879	44.993315017647696
0.0007148855937234502	43.95967331033625
0.0007400959797414052	42.60518109083819
0.0007661954081022958	40.94941738078262
0.0007932152308166359	39.04312936145052
0.0008211879055212056	36.969682895877284
0.0008501470344688716	34.84268260912731
0.0008801274048933886	32.799474587802194
0.0009111650307976637	30.99092452292977
0.000943297196215669	29.568452316861713
0.0009765625	28.669541253642315
0.0010110009021888457	45.6284806566228
0.0010466537720080985	37.98615211447431
0.0010835639375662552	37.967951577193844
0.0011217757373017914	37.903594395949696
0.0011613350732448448	37.77126216329621
0.0012022894661571455	37.5450933661402
0.0012446881126164666	37.19658828540377
0.001288581944114155	36.69689561608525
0.0013340236882367136	36.019982252401725
0.0013810679320049757	35.14653740747166
0.0014297711874469005	34.068279021792044
0.0014801919594828103	32.79214224477525
0.0015323908162045916	31.343678789816153
0.0015864304616332718	29.76893166340849
0.0016423758110424111	28.13411535088743
0.0017002940689377433	26.52264532993735
0.0017602548097867773	25.02939896966776
0.0018223300615953274	23.752480953270542
0.001886594392431338	22.78310849309247
0.001953125	22.19443762122294
0.0020220018043776915	35.172522641159965
0.002093307544016197	28.1875431613488
0.0021671278751325103	27.937375902228737
0.002243551474603583	27.654214202159704
0.0023226701464896895	27.327281297944616
0.002404578932314291	26.944073807541727
0.002489376225232933	26.4912034725222
0.00257716388822831	25.955667206096958
0.0026680473764734273	25.32651941240681
0.0027621358640099515	24.59684471772166
0.002859542374893801	23.765843324862225
0.0029603839189656206	22.840759680864416
0.003064781632409183	21.838327184509435
0.0031728609232665435	20.785387147094067
0.0032847516220848223	19.718383747694624
0.0034005881378754866	18.681540949367566
0.0035205096195735546	17.723678746752526
0.003644660123190655	16.893796839643766
0.003773188784862676	16.235712013212307
0.00390625	15.782162421453505
0.004044003608755383	25.128842099434664
0.004186615088032394	19.526649904237424
0.004334255750265021	19.236813708720746
0.004487102949207166	18.931434862395182
0.004645340292979379	18.607555027040515
0.004809157864628582	18.26174810915038
0.004978752450465866	17.890403844304718
0.00515432777645662	17.49012831456434
0.005336094752946855	17.058244840494066
0.005524271728019903	16.59335945954205
0.005719084749787602	16.095936986860345
0.005920767837931241	15.568820449049195
0.006129563264818366	15.017622041514718
0.006345721846533087	14.45091920010818
0.0065695032441696445	13.8802028411449
0.006801176275750973	13.319540145184208
0.007041019239147109	12.784922733388514
0.00728932024638131	12.293265939634507
0.007546377569725352	11.861008275577793
0.0078125	11.502250207957193
0.00808800721751076	18.156719961833073
0.008373230176064788	13.612154866266632
0.008668511500530041	13.363992577648537
0.008974205898414337	13.108812691444669
0.009290680585958758	12.84741900747271
0.009618315729257157	12.580776210373443
0.009957504900931733	12.30999885721929
0.01030865555291324	12.036304704140212
0.010672189505893716	11.760923446992
0.011048543456039806	11.48495902531227
0.011438169499575197	11.209216135220252
0.011841535675862483	10.934019249730158
0.012259126529636732	10.659072806148695
0.012691443693066181	10.383428780327948
0.013139006488339289	10.105633756692681
0.013602352551501938	9.824110605364544
0.014082038478294218	9.537779567308691
0.01457864049276262	9.24683602312746
0.015092755139450714	8.95348786151239
0.015625	8.66234606995744
0.01617601443502152	13.536828246474101
0.016746460352129577	9.819865577336419
0.017337023001060083	9.63485675615057
0.017948411796828673	9.448623583693958
0.018581361171917516	9.26380061723192
0.019236631458514314	9.083423600017476
0.019915009801863465	8.910764868040868
0.02061731110582648	8.749063752099623
0.021344379011787432	8.601146615072306
0.02209708691207961	8.46894939241326
0.022876338999150394	8.352981418564172
0.023683071351724965	8.251801425983476
0.024518253059273465	8.16161054480324
0.025382887386132362	8.076094784374062
0.026278012976678578	7.986658631625356
0.027204705103003875	7.883166867300349
0.028164076956588437	7.7552388789205775
0.02915728098552524	7.594011466833593
0.03018551027890143	7.394112479200042
0.03125	7.155405975653624
0.03235202887004304	11.185963450802033
0.03349292070425915	7.966598228411601
0.034674046002120165	7.8756972151912565
0.03589682359365735	7.79213378226886
0.03716272234383503	7.719616207588059
0.03847326291702863	7.662092529789972
0.03983001960372693	7.62341662899737
0.04123462221165296	7.606876106111357
0.042688758023574865	7.614591169284074
0.04419417382415922	7.646822979644444
0.04575267799830079	7.70126805992734
0.04736614270344993	7.7724587670725365
0.04903650611854693	7.851430582992941
0.050765774772264724	7.925842095559013
0.052556025953357156	7.980725290970665
0.05440941020600775	7.999982444866275
0.05632815391317687	7.968616143094519
0.05831456197105048	7.875480166984615
0.06037102055780286	7.716097860701804
0.0625	7.494874818682057
0.06470405774008609	12.10661063708358
0.0669858414085183	9.090061897161977
0.06934809200424033	9.18367420019909
0.0717936471873147	9.292615561555001
0.07432544468767006	9.417026248558297
0.07694652583405726	9.555536900264316
0.07966003920745386	9.704705847234047
0.08246924442330592	9.858470127477771
0.08537751604714973	10.007709082426926
0.08838834764831845	10.140050606281399
0.09150535599660158	10.240069135477587
0.09473228540689986	10.290018486777917
0.09807301223709386	10.271197942242798
0.10153154954452945	10.165956116704338
0.10511205190671431	9.960193297464162
0.1088188204120155	9.646044982197205
0.11265630782635375	9.224255032964933
0.11662912394210095	8.705635046265613
0.12074204111560571	8.111025805765255
0.125	7.469381606229011
0.12940811548017217	10.168959265610034
0.13397168281703664	7.498207637870634
0.1386961840084806	7.269271723381657
0.1435872943746294	7.015526911659394
0.14865088937534013	6.736828453979487
0.1538930516681145	6.433503456318127
0.15932007841490778	6.106486747359238
0.16493848884661177	5.757467634930884
0.17075503209429946	5.3890306044287595
0.1767766952966369	5.0047642718235466
0.18301071199320315	4.609305783080156
0.18946457081379978	4.208285462216815
0.19614602447418766	3.808142178842171
0.2030630990890589	3.4157960052952707
0.21022410381342863	3.038191177022435
0.217637640824031	2.6817552869722077
0.22531261565270758	2.3518520089154866
0.23325824788420185	2.0523236154651867
0.24148408223121143	1.7852158136247196
0.25	1.5507457983232513
0.25881623096034434	2.8038117662522204
0.2679433656340733	2.4444924241467194
0.2773923680169612	2.267749374686609
0.2871745887492588	2.0953057292799744
0.29730177875068026	1.9279801635895168
0.307786103336229	1.7664565476526926
0.31864015682981556	1.611291840572845
0.32987697769322355	1.4629343886317716
0.3415100641885989	1.321749120231964
0.3535533905932738	1.188044407406882
0.3660214239864063	1.0620944635813478
0.37892914162759955	0.9441515317223451
0.3922920489483753	0.8344440159888632
0.4061261981781178	0.7331599544692811
0.42044820762685725	0.6404191673487264
0.435275281648062	0.5562409815207966
0.45062523130541515	0.4805164318625272
0.4665164957684037	0.4129933679672494
0.48296816446242286	0.35327978312297725
0.5	0.3008657284333845
0.5176324619206888	0.8380062743245557
0.5358867312681466	0.7604402395865143
0.5547847360339224	0.6964266032978462
0.5743491774985174	0.6358871557588832
0.5946035575013605	0.5787352157729994
0.6155722066724582	0.5248460861864376
0.6372803136596311	0.47407606902230226
0.6597539553864471	0.4262816026574124
0.6830201283771977	0.38133628641186434
0.7071067811865476	0.33914363906929995
0.7320428479728127	0.299643883561018
0.7578582832551991	0.262813848629668
0.7845840978967507	0.22866013390632617
0.8122523963562355	0.19720681689145617
0.8408964152537145	0.1684799494222822
0.8705505632961241	0.14249165356613888
0.9012504626108303	0.11922660800498174
0.9330329915368074	0.0986330814931447
0.9659363289248455	0.0806195635272598
1.0	0.06505676407918742
