-1.0	0.2576591634772204
-0.9659363289248455	0.2851186946947564
-0.9330329915368074	0.3144960467273954
-0.9012504626108303	0.34587186963124433
-0.8705505632961241	0.3885150041715215
-0.8408964152537145	0.10567427706452735
-0.8122523963562355	0.12797455917837694
-0.7845840978967507	0.15344251761040356
-0.7578582832551991	0.18223890015524763
-0.7320428479728127	0.21446279978990956
-0.7071067811865476	0.25014710793511047
-0.6830201283771977	0.28926555226200434
-0.6597539553864471	0.33175053682766165
-0.6372803136596311	0.37751837360063983
-0.6155722066724582	0.42649680845926546
-0.5946035575013605	0.47864935525774727
-0.5743491774985174	0.533991808281026
-0.5547847360339224	0.5925980433811873
-0.5358867312681466	0.6545943295076929
-0.5176324619206888	0.7201433593702765
-0.5	0.7894207069906394
-0.48296816446242286	0.8625872492104714
-0.4665164957684037	0.9397612390617406
-0.45062523130541515	1.0209933094199346
-0.435275281648062	1.131432813890617
-0.42044820762685725	0.4584648069746703
-0.4061261981781178	0.5344344268506538
-0.3922920489483753	0.6213184858525742
-0.37892914162759955	0.7197988394678846
-0.3660214239864063	0.8302892760742157
-0.3535533905932738	0.9529036926507767
-0.3415100641885989	1.0874632714843189
-0.32987697769322355	1.2335369380294763
-0.31864015682981556	1.3905016303065614
-0.307786103336229	1.5576059374633675
-0.29730177875068026	1.734022643072044
-0.2871745887492588	1.918881199923896
-0.2773923680169612	2.111277955902405
-0.2679433656340733	2.3102679502465615
-0.25881623096034434	2.514845935397858
-0.25	2.723925505810762
-0.24148408223121143	2.9363241703050735
-0.23325824788420185	3.150759689012243
-0.22531261565270758	3.3658599266281493
-0.217637640824031	4.1147638735250585
-0.21022410381342863	2.683211248151591
-0.2030630990890589	3.0944721002984292
-0.19614602447418766	3.5455836571758166
-0.18946457081379978	4.0264084996197385
-0.18301071199320315	4.524062370349437
-0.1767766952966369	5.024307824579737
-0.17075503209429946	5.5130707544665025
-0.16493848884661177	5.977797128576403
-0.15932007841490778	6.40844378152625
-0.1538930516681145	6.7980063362533905
-0.14865088937534013	7.142593613004418
-0.1435872943746294	7.441136171494866
-0.1386961840084806	7.694856663870899
-0.13397168281703664	7.9066339563491965
-0.12940811548017217	8.080371766002244
-0.125	8.220448476743709
-0.12074204111560571	8.331288849066713
-0.11662912394210095	8.417067914790396
-0.11265630782635375	8.481535951132555
-0.1088188204120155	11.50898763828368
-0.10511205190671431	8.149804993153705
-0.10153154954452945	8.569486717153534
-0.09807301223709386	8.906436538904256
-0.09473228540689986	9.144984082474206
-0.09150535599660158	9.28055797874074
-0.08838834764831845	9.318841899495208
-0.08537751604714973	9.273454938645264
-0.08246924442330592	9.162922462613714
-0.07966003920745386	9.007631050623559
-0.07694652583405726	8.82726191534476
-0.07432544468767006	8.638962006335523
-0.0717936471873147	8.456305769372927
-0.06934809200424033	8.288955843821547
-0.0669858414085183	8.142853535429584
-0.06470405774008609	8.020748708923694
-0.0625	7.922895867392193
-0.06037102055780286	7.847780678136991
-0.05831456197105048	7.792784825979157
-0.05632815391317687	7.754737457762244
-0.05440941020600775	10.66771417221023
-0.052556025953357156	6.650059026214615
-0.050765774772264724	6.850520481234844
-0.04903650611854693	6.992433561702715
-0.04736614270344993	7.076035940011601
-0.04575267799830079	7.108820027690954
-0.04419417382415922	7.103139411954811
-0.042688758023574865	7.073561107265492
-0.04123462221165296	7.034506900697676
-0.03983001960372693	6.998503386113141
-0.03847326291702863	6.975146304642315
-0.03716272234383503	6.9707256585618715
-0.03589682359365735	6.988366435249316
-0.034674046002120165	7.028507439389717
-0.03349292070425915	7.089550210779786
-0.03235202887004304	7.1685428934638376
-0.03125	7.261805282998399
-0.03018551027890143	7.365441062672349
-0.02915728098552524	7.475715946179356
-0.028164076956588437	7.589304036350572
-0.027204705103003875	10.75682980028155
-0.026278012976678578	6.941755770962331
-0.025382887386132362	7.163451162578827
-0.024518253059273465	7.34961172015856
-0.023683071351724965	7.501950778541956
-0.022876338999150394	7.62658684279267
-0.02209708691207961	7.732353075913393
-0.021344379011787432	7.828986596194275
-0.02061731110582648	7.925578808270517
-0.019915009801863465	8.029494882660668
-0.019236631458514314	8.145812997026256
-0.018581361171917516	8.277222567203886
-0.017948411796828673	8.424261489510537
-0.017337023001060083	8.585756795742007
-0.016746460352129577	8.759346762800423
-0.01617601443502152	8.941991297822954
-0.015625	9.13041034981185
-0.015092755139450714	9.321420103644172
-0.01457864049276262	9.512160197601615
-0.014082038478294218	9.700221147017265
-0.013602352551501938	13.391999603676544
-0.013139006488339289	8.595270974164878
-0.012691443693066181	8.878244631084748
-0.012259126529636732	9.164559894120073
-0.011841535675862483	9.450173708932484
-0.011438169499575197	9.733164796043564
-0.011048543456039806	10.01333611194022
-0.010672189505893716	10.291526165046982
-0.01030865555291324	10.568910353319202
-0.009957504900931733	10.846465558425196
-0.009618315729257157	11.124663425148036
-0.009290680585958758	11.403378187322236
-0.008974205898414337	11.681951491547098
-0.008668511500530041	11.959344419233446
-0.008373230176064788	12.23431528883511
-0.00808800721751076	12.50558005976816
-0.0078125	12.77193201304467
-0.007546377569725352	13.032313926764505
-0.00728932024638131	13.285847190954344
-0.007041019239147109	13.531828226517668
-0.006801176275750973	18.04541402381783
-0.0065695032441696445	11.45616605351088
-0.006345721846533087	11.818729316157045
-0.006129563264818366	12.253862121577015
-0.005920767837931241	12.747125364116464
-0.005719084749787602	13.28191265306473
-0.005524271728019903	13.841274027852572
-0.005336094752946855	14.409289077881503
-0.00515432777645662	14.972045437882864
-0.004978752450465866	15.518268407422177
-0.004809157864628582	16.03963358110004
-0.004645340292979379	16.53079240354706
-0.004487102949207166	16.989151083192716
-0.004334255750265021	17.41445907939071
-0.004186615088032394	17.8082760177643
-0.004044003608755383	18.173389857823008
-0.00390625	18.513252998337077
-0.003773188784862676	18.831488690707573
-0.003644660123190655	19.131501364507706
-0.0035205096195735546	19.416205218197135
-0.0034005881378754866	24.961901976528324
-0.0032847516220848223	15.711925064316944
-0.0031728609232665435	16.187903206406254
-0.003064781632409183	16.864239680646033
-0.0029603839189656206	17.706500225069536
-0.002859542374893801	18.669999677776563
-0.0027621358640099515	19.705639824121413
-0.0026680473764734273	20.76515274019717
-0.00257716388822831	21.805352733088945
-0.002489376225232933	22.79113140569061
-0.002404578932314291	23.697091565937555
-0.0023226701464896895	24.50788521059926
-0.002243551474603583	25.21746661819548
-0.0021671278751325103	25.82756752892048
-0.002093307544016197	26.34573630597887
-0.0020220018043776915	26.783261494112832
-0.001953125	27.15323798654005
-0.001886594392431338	27.468951116875594
-0.0018223300615953274	27.74266902568135
-0.0017602548097867773	27.984860269875263
-0.0017002940689377433	34.87483163514949
-0.0016423758110424111	22.059919210287337
-0.0015864304616332718	22.696392697120057
-0.0015323908162045916	23.702567387017172
-0.0014801919594828103	25.002593716540794
-0.0014297711874469005	26.504254456601835
-0.0013810679320049757	28.10996725540588
-0.0013340236882367136	29.726616995286417
-0.001288581944114155	31.273421700582475
-0.0012446881126164666	32.68726093624194
-0.0012022894661571455	33.925247848676854
-0.0011613350732448448	34.964712949195814
-0.0011217757373017914	35.80109009695263
-0.0010835639375662552	36.44438779186186
-0.0010466537720080985	36.914974569878034
-0.0010110009021888457	37.23932873396855
-0.0009765625	37.44624468640126
-0.000943297196215669	37.563799611862514
-0.0009111650307976637	37.617205405050434
-0.0008801274048933886	37.62752724440586
-0.0008501470344688716	45.17687995190939
-0.0008211879055212056	28.473868270063594
-0.0007932152308166359	29.4414611567047
-0.0007661954081022958	30.910501678883683
-0.0007400959797414052	32.74189097527423
-0.0007148855937234502	34.784783668518024
-0.0006905339660024879	36.89078921889581
-0.0006670118441183568	38.926508199620834
-0.0006442909720570775	40.783198060803485
-0.0006223440563082333	42.38265810895536
-0.0006011447330785727	43.67903485935168
-0.0005806675366224224	44.6569170061272
-0.0005608878686508957	45.32660457660655
-0.0005417819687831276	45.71769535126696
-0.0005233268860040493	45.87213133079347
-0.0005055004510944229	45.8376540483846
-0.00048828125	45.662320800899536
-0.0004716485981078345	45.39041891528158
-0.00045558251539883185	45.05984236605909
-0.0004400637024466943	44.70079613919597
-0.0004250735172344358	51.855307630114716
-0.0004105939527606028	32.478010924252864
-0.00039660761540831794	33.87061560549668
-0.0003830977040511479	35.787013051442706
-0.0003700479898707026	38.04253406364753
-0.0003574427968617251	40.45051356191847
-0.00034526698300124393	42.836048200779466
-0.0003335059220591784	45.04885386516435
-0.00032214548602853873	46.97310324857859
-0.00031117202815411665	48.532756019032995
-0.00030057236653928637	49.691940311605734
-0.0002903337683112112	50.45095124480775
-0.00028044393432544786	50.839118498845465
-0.0002708909843915638	50.906069136620836
-0.00026166344300202464	50.712824799151726
-0.00025275022554721143	50.32384873137651
-0.000244140625	49.80073513660822
-0.00023582429905391725	49.19782244609799
-0.00022779125769941593	48.559682649484486
-0.00022003185122334716	47.9202194041981
-0.0002125367586172179	55.08053741488838
-0.0002052969763803014	34.59497159551186
-0.00019830380770415897	36.265050004850856
-0.00019154885202557394	38.44441271233776
-0.0001850239949353513	40.92449029679317
-0.00017872139843086256	43.500283383855496
-0.00017263349150062197	45.98472732314189
-0.0001667529610295892	48.2221255247273
-0.00016107274301426937	50.097940514538834
-0.00015558601407705832	51.54328083736593
-0.00015028618326964319	52.53379233456281
-0.0001451668841556056	53.08383654216722
-0.00014022196716272393	53.2375479093888
-0.0001354454921957819	53.05856266016352
-0.00013083172150101232	52.6200112442637
-0.00012637511277360572	51.99593086205648
-0.0001220703125	51.25474662109991
-0.00011791214952695862	50.45500915308679
-0.00011389562884970796	49.643229463165234
-0.00011001592561167358	48.85343833492393
-0.00010626837930860896	56.26389256331067
-0.0001026484881901507	35.45880540367656
-9.915190385207948e-5	37.188518844985175
-9.577442601278697e-5	39.432972189280655
-9.251199746767564e-5	41.96467417042761
-8.936069921543128e-5	44.56620825959488
-8.631674575031098e-5	47.043890405891155
-8.33764805147946e-5	49.24049731012205
-8.053637150713468e-5	51.04414738398276
-7.779300703852916e-5	52.39165241447468
-7.514309163482159e-5	53.26616154738584
-7.25834420778028e-5	53.69014345460013
-7.011098358136196e-5	53.715442799227645
-6.772274609789095e-5	53.41229186400582
-6.541586075050616e-5	52.85889289582735
-6.318755638680286e-5	52.13269850256291
-6.103515625e-5	51.303977078006916
-5.895607476347931e-5	50.43177748920212
-5.694781442485398e-5	49.56206390371865
-5.500796280583679e-5	48.72759132251908
-5.313418965430448e-5	56.01554945008432
-5.132424409507535e-5	35.371807568113695
-4.957595192603974e-5	37.21751224169675
-4.7887213006393486e-5	39.54988387845509
-4.625599873383782e-5	42.14213135946235
-4.468034960771564e-5	44.77788922742646
-4.315837287515549e-5	47.26528120164576
-4.16882402573973e-5	49.449919057597526
-4.026818575356734e-5	51.223766658026754
-3.889650351926458e-5	52.528209777788476
-3.7571545817410796e-5	53.35126313993492
-3.62917210389014e-5	53.72008708802222
-3.505549179068098e-5	53.69065048311705
-3.3861373048945474e-5	53.336477965073826
-3.270793037525308e-5	52.738112371907924
-3.159377819340143e-5	51.974403810023674
-3.0517578125e-5	51.116179194366474
-2.9478037381739656e-5	50.22236817711312
-2.8473907212426957e-5	49.33832137652678
-2.750398140291843e-5	48.495864445664374
-2.656709482715224e-5	55.750420167190185
-2.5662122047537674e-5	35.28902686793924
-2.478797596301987e-5	37.20012694101853
-2.3943606503196716e-5	39.58286072753849
-2.312799936691894e-5	42.21093742364703
-2.234017480385782e-5	44.86856353092243
-2.1579186437577746e-5	47.36479688710562
-2.084412012869865e-5	49.546719176931646
-2.0134092876783644e-5	51.30829788372211
-1.9448251759632314e-5	52.59330555630924
-1.8785772908705398e-5	53.3922940573213
-1.81458605194507e-5	53.73486601960819
-1.752774589534049e-5	53.67913304943868
-1.6930686524472717e-5	53.300327696463405
-1.635396518762656e-5	52.68020657033834
-1.5796889096700715e-5	51.89834672728934
-1.52587890625e-5	51.025871226910915
-1.4739018690869828e-5	50.12165962732811
-1.4236953606213478e-5	49.23076125199427
-1.3751990701459215e-5	48.384540999821525
-1.328354741357612e-5	55.62889748978211
-1.2831061023768837e-5	35.256648770145475
-1.2393987981509936e-5	37.199605361752525
-1.1971803251598358e-5	39.606861772612554
-1.156399968345947e-5	42.2523175247823
-1.117008740192891e-5	44.92040862098227
-1.0789593218788873e-5	47.42061963573422
-1.0422060064349325e-5	49.60074524805681
-1.0067046438391822e-5	51.35574767503211
-9.724125879816157e-6	52.63059519884639
-9.392886454352699e-6	53.4171148500391
-9.07293025972535e-6	53.746137447193824
-8.763872947670246e-6	53.67685125019484
-8.465343262236358e-6	53.28534545833683
-8.17698259381328e-6	52.65398380247963
-7.898444548350357e-6	51.86270523360469
-7.62939453125e-6	50.98277829730269
-7.369509345434914e-6	50.07305465415143
-7.118476803106739e-6	49.17843041929796
-6.875995350729607e-6	48.33003817437597
-6.64177370678806e-6	55.57022547162977
-6.4155305118844185e-6	35.24139680611301
-6.196993990754968e-6	37.19970067310083
-5.985901625799179e-6	39.61868457447497
-5.781999841729735e-6	42.27233642711854
-5.585043700964455e-6	44.9452034635222
-5.3947966093944364e-6	47.446984275380956
-5.211030032174663e-6	49.62583350004375
-5.033523219195911e-6	51.37721486830399
-4.8620629399080785e-6	52.646697463847666
-4.6964432271763496e-6	53.42674644207032
-4.536465129862675e-6	53.748804490190054
-4.381936473835123e-6	53.67259350062099
-4.232671631118179e-6	53.27462454647828
-4.08849129690664e-6	52.6375575894386
-3.949222274175179e-6	51.84150515954736
-3.814697265625e-6	50.957801812140566
-3.684754672717457e-6	50.04527960993129
-3.5592384015533696e-6	49.14875372149641
-3.4379976753648036e-6	48.2992375637562
-3.32088685339403e-6	55.53691069514512
-3.2077652559422093e-6	35.23103931031072
-3.098496995377484e-6	37.196669743864085
-2.9929508128995895e-6	39.621146750399824
-2.8909999208648673e-6	42.278519884312516
-2.7925218504822275e-6	44.953409578700295
-2.6973983046972182e-6	47.455637946026535
-2.6055150160873313e-6	49.63355342510579
-2.5167616095979554e-6	51.38288028053386
-2.4310314699540393e-6	52.64949301028733
-2.3482216135881748e-6	53.42617609926629
-2.2682325649313374e-6	53.74467433332305
-2.1909682369175614e-6	53.664969534282775
-2.1163358155590896e-6	53.26377498931244
-2.04424564845332e-6	52.62388938505459
-1.9746111370875893e-6	51.82550295881633
-1.9073486328125e-6	50.93997520449154
-1.8423773363587285e-6	50.026121760815826
-1.7796192007766848e-6	49.12871231095496
-1.7189988376824018e-6	48.27869726158385
-1.660443426697015e-6	55.51435755887668
-1.6038826279711046e-6	35.22205047117516
-1.549248497688742e-6	37.19107479537953
-1.4964754064497947e-6	39.617983673884254
-1.4454999604324336e-6	42.27688191666838
-1.3962609252411138e-6	44.95245010203697
-1.3486991523486091e-6	47.45459310431172
-1.3027575080436657e-6	49.631773105372176
-1.2583808047989777e-6	51.37985618972407
-1.2155157349770196e-6	52.64487541347827
-1.1741108067940874e-6	53.41977539133191
-1.1341162824656687e-6	53.73644793157231
-1.0954841184587807e-6	53.65499754119754
-1.0581679077795448e-6	53.252229425299895
-1.02212282422666e-6	52.61100178165438
-9.873055685437947e-7	51.81153420619321
-9.5367431640625e-7	50.92519024992536
-9.211886681793642e-7	50.010770439653776
-8.898096003883424e-7	49.11301649590624
-8.594994188412009e-7	48.26284374417334
-8.302217133485075e-7	55.49666266446099
-8.019413139855523e-7	35.21346155939312
-7.74624248844371e-7	37.18393667693002
-7.482377032248974e-7	39.61176382025375
-7.227499802162168e-7	42.271101689938114
-6.981304626205569e-7	44.94668602979216
-6.743495761743046e-7	47.44848528039607
-6.513787540218328e-7	49.625036169597244
-6.291904023994889e-7	51.372287783637184
-6.077578674885098e-7	52.636358625088796
-5.870554033970437e-7	53.41027399823057
-5.670581412328344e-7	53.72599525145243
-5.477420592293904e-7	53.643680945745935
-5.290839538897724e-7	53.24017300922894
-5.1106141211333e-7	52.598349477206355
-4.936527842718973e-7	51.79843505495419
-4.76837158203125e-7	50.9117868340493
-4.605943340896821e-7	49.9971908134757
-4.449048001941712e-7	49.09936944761089
-4.2974970942060045e-7	48.2492168893507
-4.1511085667425373e-7	55.48126075296938
-4.0097065699277616e-7	35.205000705442856
-3.873121244221855e-7	37.1759623212539
-3.741188516124487e-7	39.60395632397462
-3.613749901081084e-7	42.26319508161669
-3.4906523131027844e-7	44.938467403919184
-3.371747880871523e-7	47.43979600794948
-3.256893770109164e-7	49.61577280245108
-3.1459520119974443e-7	51.36240063994251
-3.038789337442549e-7	52.62584704169317
-2.9352770169852185e-7	53.399178375011935
-2.835290706164172e-7	53.71438685384986
-2.738710296146952e-7	53.63165082231876
-2.645419769448862e-7	53.227821360490076
-2.55530706056665e-7	52.585776515416946
-2.4682639213594866e-7	51.785733975617575
-2.384185791015625e-7	50.89903910395482
-2.3029716704484106e-7	49.98446364602497
-2.224524000970856e-7	49.08671511682633
-2.1487485471030023e-7	48.23667342807321
-2.0755542833712687e-7	55.46697070069031
-2.0048532849638808e-7	35.196586461483875
-1.9365606221109274e-7	37.16755494413082
-1.8705942580622434e-7	39.59534201973837
-1.806874950540542e-7	42.254213723215024
-1.7453261565513922e-7	44.929010975390995
-1.6858739404357614e-7	47.429806204546026
-1.628446885054582e-7	49.6052368862793
-1.5729760059987222e-7	51.35134508278506
-1.5193946687212745e-7	52.61432917573269
-1.4676385084926092e-7	53.38727683222807
-1.417645353082086e-7	53.70219183794186
-1.369355148073476e-7	53.61925522019549
-1.322709884724431e-7	53.21531345221653
-1.277653530283325e-7	52.57323469769662
-1.2341319606797433e-7	51.77322357474992
-1.1920928955078125e-7	50.8866110850952
-1.1514858352242053e-7	49.97215485472195
-1.112262000485428e-7	49.074549615225024
-1.0743742735515011e-7	48.22466449305308
-1.0377771416856343e-7	55.453228373585596
-1.0024266424819404e-7	35.18819187808381
-9.682803110554637e-8	37.15892840952381
-9.352971290311217e-8	39.58632245008109
-9.03437475270271e-8	42.244693724502426
-8.726630782756961e-8	44.91893480725694
-8.429369702178807e-8	47.419165574253064
-8.14223442527291e-8	49.59406428139792
-7.864880029993611e-8	51.33970494521527
-7.596973343606373e-8	52.60230775367612
-7.338192542463046e-8	53.37497181779539
-7.08822676541043e-8	53.6897028726139
-6.84677574036738e-8	53.606676100408926
-6.613549423622155e-8	53.20272650575913
-6.388267651416625e-8	52.5607074343074
-6.170659803398717e-8	51.76080741506149
-5.960464477539063e-8	50.87434177620446
-5.7574291761210265e-8	49.960054091288434
-5.56131000242714e-8	49.06262738411711
-5.371871367757506e-8	48.21292171969244
-5.188885708428172e-8	55.439758693428494
-5.012133212409702e-8	35.179806949393225
-4.8414015552773186e-8	37.150192574672474
-4.6764856451556086e-8	39.57710090099904
-4.517187376351355e-8	42.23490535553415
-4.3633153913784805e-8	44.90854993846248
-4.2146848510894035e-8	47.4082008438323
-4.071117212636455e-8	49.58257471974917
-3.9324400149968054e-8	51.32777391784142
-3.7984866718031864e-8	52.590035916578515
-3.669096271231523e-8	53.3624663558887
-3.544113382705215e-8	53.677068122333026
-3.42338787018369e-8	53.594006301481635
-3.3067747118110775e-8	53.19010100902521
-3.1941338257083125e-8	52.54818831352126
-3.085329901699358e-8	51.748439151288814
-2.9802322387695312e-8	50.8621525241326
-2.8787145880605133e-8	49.94805798802056
-2.78065500121357e-8	49.05082739639665
-2.685935683878753e-8	48.201312613178885
-2.594442854214086e-8	55.426426042768156
-2.506066606204851e-8	35.1714275467054
-2.4207007776386593e-8	37.14140302489187
-2.3382428225778043e-8	39.5677795059353
-2.2585936881756776e-8	42.22498412122617
-2.1816576956892402e-8	44.898012178520915
-2.1073424255447017e-8	47.397075622587366
-2.0355586063182276e-8	49.57092829937427
-1.9662200074984027e-8	51.31569908835658
-1.8992433359015932e-8	52.57764050532251
-1.8345481356157615e-8	53.34986226802814
-1.7720566913526073e-8	53.66436202288275
-1.711693935091845e-8	53.5812926401853
-1.6533873559055387e-8	53.17745764322843
-1.5970669128541563e-8	52.535674599464926
-1.542664950849679e-8	51.736096104895765
-1.4901161193847656e-8	50.85000451132103
-1.4393572940302566e-8	49.93611537609281
-1.390327500606785e-8	49.03908965150357
-1.3429678419393764e-8	48.18977143025649
-1.297221427107043e-8	55.413163177998904
-1.2530333031024255e-8	35.16305182686595
-1.2103503888193296e-8	37.13258767896427
-1.1691214112889021e-8	39.55840938444938
-1.1292968440878388e-8	42.21499777395762
-1.0908288478446201e-8	44.88739939822309
-1.0536712127723509e-8	47.38587166470986
-1.0177793031591138e-8	49.559205017551804
-9.831100037492013e-9	51.30355396004349
-9.496216679507966e-9	52.56518492026238
-9.172740678078808e-9	53.33721047136205
-8.860283456763037e-9	53.651621827874
-8.558469675459224e-9	53.56855859007183
-8.266936779527694e-9	53.16480684153248
-7.985334564270781e-9	52.52316504055797
-7.713324754248396e-9	51.72376707226787
-7.450580596923828e-9	50.83787847907846
-7.196786470151283e-9	49.92420083083204
-6.951637503033925e-9	49.027384314165396
-6.714839209696882e-9	48.17826546578919
-6.486107135535215e-9	55.399936660305166
-6.2651665155121274e-9	35.15467892468274
-6.051751944096648e-9	37.12376050860249
-5.845607056444511e-9	39.549016074496265
-5.646484220439194e-9	42.20498014349896
-5.454144239223101e-9	44.87675047112213
-5.268356063861754e-9	47.374629778597296
-5.088896515795569e-9	49.54744480498337
-4.915550018746007e-9	51.29137522368336
-4.748108339753983e-9	52.55270081255574
-4.586370339039404e-9	53.324536390393945
-4.430141728381518e-9	53.638866146502075
-4.279234837729612e-9	53.555815886875905
-4.133468389763847e-9	53.15215383503413
-3.992667282135391e-9	52.510659039269164
-3.856662377124198e-9	51.71144649130644
-3.725290298461914e-9	50.82576484672203
-3.5983932350756416e-9	49.91230169504934
-3.4758187515169625e-9	49.015696526098985
-3.357419604848441e-9	48.16677842878324
-3.2430535677676073e-9	55.38672983659577
-3.1325832577560637e-9	35.1463084220736
-3.025875972048324e-9	37.11492849303589
-2.9228035282222554e-9	39.53961232199187
-2.823242110219597e-9	42.19494810985043
-2.7270721196115503e-9	44.866084791779876
-2.634178031930877e-9	47.36337032314986
-2.5444482578977845e-9	49.535667582444574
-2.4577750093730034e-9	51.27918118399178
-2.3740541698769915e-9	52.540203973415245
-2.293185169519702e-9	53.311852710899075
-2.215070864190759e-9	53.62610426555518
-2.139617418864806e-9	53.543070389390664
-2.0667341948819234e-9	53.13950123844205
-1.9963336410676953e-9	52.498156303319526
-1.928331188562099e-9	51.699131593619185
-1.862645149230957e-9	50.81365884147647
-1.7991966175378208e-9	49.900411661372644
-1.7379093757584813e-9	49.00401888188156
-1.6787098024242205e-9	48.15530219894321
-1.6215267838838037e-9	55.373534407009146
-1.5662916288780319e-9	35.137940113744875
-1.512937986024162e-9	37.10609511528883
-1.4614017641111277e-9	39.530204485252156
-1.4116210551097985e-9	42.184910092578846
-1.3635360598057752e-9	44.85541203347272
-1.3170890159654386e-9	47.352103452352964
-1.2722241289488923e-9	49.52388328529913
-1.2288875046865017e-9	51.26698097033523
-1.1870270849384957e-9	52.52770227869887
-1.146592584759851e-9	53.29916576005662
-1.1075354320953796e-9	53.613340817153485
-1.069808709432403e-9	53.530325020211734
-1.0333670974409617e-9	53.12685035653493
-9.981668205338477e-10	52.48565668776593
-9.641655942810495e-10	51.68682099939953
-9.313225746154785e-10	50.801558083903764
-8.995983087689104e-10	49.88852758499616
-8.689546878792406e-10	48.99234768902823
-8.393549012121103e-10	48.143832727182286
-8.107633919419018e-10	55.36034623317304
-7.831458144390159e-10	35.12957389794793
-7.56468993012081e-10	37.097262112662634
-7.307008820555638e-10	39.520795735238366
-7.058105275548992e-10	42.174870290401806
-6.817680299028876e-10	44.84473702000649
-6.585445079827193e-10	47.34083422965181
-6.361120644744461e-10	49.51209686791593
-6.144437523432508e-10	51.25477913511538
-5.935135424692479e-10	52.51519965569263
-5.732962923799255e-10	53.28647869285291
-5.537677160476898e-10	53.6005781109934
-5.349043547162015e-10	53.517581236534156
-5.166835487204809e-10	53.1142018397381
-4.990834102669238e-10	52.47316012008588
-4.820827971405247e-10	51.67451402031765
-4.656612873077393e-10	50.789461387166185
-4.4979915438445634e-10	49.876647897390804
-4.344773439396203e-10	48.98068110587001
-4.1967745060605513e-10	48.132367993973226
-4.0538169597094993e-10	55.347163251089
-3.9157290721950797e-10	35.12120972392757
-3.7823449650604145e-10	37.08843035138582
-3.653504410277819e-10	39.511387653023185
-3.529052637774496e-10	42.164830796837926
-3.4088401495144296e-10	44.83406215655994
-3.2927225399135965e-10	47.329565179685055
-3.1805603223722384e-10	49.50031080051041
-3.072218761716254e-10	51.2425779480783
-2.9675677123462393e-10	52.50269806240396
-2.86648146189962e-10	53.27379308216674
-2.768838580238449e-10	53.58781729843123
-2.6745217735810143e-10	53.504839764598366
-2.5834177436024043e-10	53.10155601198205
-2.495417051334619e-10	52.460666563699206
-2.4104139857026175e-10	51.66221031270903
-2.3283064365386963e-10	50.7773681590071
-2.2489957719222817e-10	49.864771815958484
-2.1723867196981016e-10	48.9690182135968
-2.0983872530302757e-10	48.12090699180618
-2.0269084798547497e-10	55.33398443105708
-1.9578645360975398e-10	35.11284756619045
-1.8911724825302072e-10	37.07960026318624
-1.8267522051389096e-10	39.50198102675928
-1.764526318887248e-10	42.15479265554084
-1.7044200747572148e-10	44.8233886421675
-1.6463612699567982e-10	47.31829756103087
-1.5902801611861192e-10	49.48852631450081
-1.536109380858127e-10	51.230378540659444
-1.4837838561731197e-10	52.49019847480494
-1.43324073094981e-10	53.26110971191445
-1.3844192901192245e-10	53.5750589531833
-1.3372608867905071e-10	53.49210096613123
-1.2917088718012021e-10	53.088913034378606
-1.2477085256673096e-10	52.44817599994736
-1.2052069928513087e-10	51.64990970478698
-1.1641532182693481e-10	50.76527810367886
-1.1244978859611408e-10	49.8528989500377
-1.0861933598490508e-10	48.9573585536246
-1.0491936265151378e-10	48.109449217866306
-1.0134542399273748e-10	55.32080925916574
-9.789322680487699e-11	35.10448741180415
-9.455862412651036e-11	37.07077206310278
-9.133761025694548e-11	39.49257624919436
-8.82263159443624e-11	42.14475638664078
-8.522100373786074e-11	44.81271707441818
-8.231806349783991e-11	47.30703200094881
-7.951400805930596e-11	49.476744023585105
-7.680546904290636e-11	51.21818147668564
-7.418919280865598e-11	52.47770137918902
-7.16620365474905e-11	53.24842897261261
-6.922096450596122e-11	53.5623033609444
-6.686304433952536e-11	53.47936502111643
-6.458544359006011e-11	53.07627298687406
-6.238542628336548e-11	52.435688419135055
-6.026034964256544e-11	51.63761211050058
-5.820766091346741e-11	50.75319107332002
-5.622489429805704e-11	49.84102910444084
-5.430966799245254e-11	48.945701896898825
-5.245968132575689e-11	48.09799442104561
-5.067271199636874e-11	55.307637478727216
-4.8946613402438496e-11	35.096129254080246
-4.727931206325518e-11	37.061945858106945
-4.566880512847274e-11	39.483173515894016
-4.41131579721812e-11	42.13472224920172
-4.261050186893037e-11	44.802047750980236
-4.1159031748919956e-11	47.29576881188381
-3.975700402965298e-11	49.46496423342973
-3.840273452145318e-11	51.205987036942375
-3.709459640432799e-11	52.46520701767055
-3.583101827374525e-11	53.23575105861091
-3.461048225298061e-11	53.54955066379274
-3.343152216976268e-11	53.466632018919746
-3.2292721795030053e-11	53.06363590895336
-3.119271314168274e-11	52.42320381605169
-3.013017482128272e-11	51.62531748656987
-2.9103830456733704e-11	50.74110699383462
-2.811244714902852e-11	49.829162181478594
-2.715483399622627e-11	48.93404812884801
-2.6229840662878446e-11	48.08654247578096
-2.533635599818437e-11	55.29446896135734
-2.4473306701219248e-11	35.087773089459276
-2.363965603162759e-11	37.05312170130143
-2.283440256423637e-11	39.4737729241215
-2.20565789860906e-11	42.12469037213182
-2.1305250934465185e-11	44.79138081999318
-2.0579515874459978e-11	47.284508149326136
-1.987850201482649e-11	49.45318709612922
-1.920136726072659e-11	51.19379536110402
-1.8547298202163996e-11	52.4527155106304
-1.7915509136872626e-11	53.22307606646527
-1.7305241126490306e-11	53.5368009322148
-1.671576108488134e-11	53.453902003741
-1.6146360897515027e-11	53.051001819943565
-1.559635657084137e-11	52.41072218773905
-1.506508741064136e-11	51.61302581105647
-1.4551915228366852e-11	50.72902582792154
-1.405622357451426e-11	49.81729813208912
-1.3577416998113135e-11	48.92239719199619
-1.3114920331439223e-11	48.07509331911914
-1.2668177999092185e-11	55.28130364264315
-1.2236653350609624e-11	35.079418915920705
-1.1819828015813795e-11	37.04429961890549
-1.1417201282118185e-11	39.46437452209894
-1.10282894930453e-11	42.114660819414
-1.0652625467232593e-11	44.78071635501081
-1.0289757937229989e-11	47.27325009047749
-9.939251007413245e-12	49.44141268717693
-9.600683630363294e-12	51.18160651845894
-9.273649101081998e-12	52.44022691772785
-8.957754568436313e-12	53.210404043949744
-8.652620563245153e-12	53.524054200983485
-8.35788054244067e-12	53.44117499724635
-8.073180448757513e-12	53.03837072911149
-7.798178285420685e-12	52.3982435323562
-7.53254370532068e-12	51.60073707266095
-7.275957614183426e-12	50.716947556627325
-7.02811178725713e-12	49.805436931461145
-6.788708499056567e-12	48.910749057342734
-6.5574601657196114e-12	48.063646919334566
-6.334088999546093e-12	55.2681414900842
-6.118326675304812e-12	35.07106673221997
-5.9099140079068976e-12	37.0354796237421
-5.7086006410590925e-12	39.45497833360406
-5.51414474652265e-12	42.10463362266653
-5.326312733616296e-12	44.770054392405484
-5.1448789686149945e-12	47.26199467351217
-4.9696255037066225e-12	49.42964104388053
-4.800341815181647e-12	51.16942054320872
-4.636824550540999e-12	52.42774126835436
-4.4788772842181565e-12	53.1977350145241
-4.3263102816225765e-12	53.5113104870734
-4.178940271220335e-12	53.4284510098753
-4.036590224378757e-12	53.02574264071634
-3.8990891427103424e-12	52.385767848627836
-3.76627185266034e-12	51.58845126539688
-3.637978807091713e-12	50.70487217015475
-3.514055893628565e-12	49.79357856688242
-3.3943542495282837e-12	48.899103710092334
-3.2787300828598057e-12	48.052203260278496
-3.1670444997730463e-12	55.254982487097905
-3.059163337652406e-12	35.06271653750072
-2.9549570039534488e-12	37.02666172195658
-2.8543003205295463e-12	39.445584370228346
-2.757072373261325e-12	42.09460879737284
-2.663156366808148e-12	44.75939495001309
-2.5724394843074972e-12	47.25074191714766
-2.4848127518533113e-12	49.417872184510365
-2.4001709075908236e-12	51.15723745206286
-2.3184122752704995e-12	52.4152585768121
-2.2394386421090783e-12	53.185068989526975
-2.1631551408112883e-12	53.49856979858685
-2.0894701356101674e-12	53.41573004647161
-2.0182951121893783e-12	53.013117556522474
-1.9495445713551712e-12	52.37329513556256
-1.88313592633017e-12	51.57616838592875
-1.8189894035458565e-12	50.69279966327372
-1.7570279468142826e-12	49.781723031675256
-1.6971771247641418e-12	48.88746114253455
-1.6393650414299029e-12	48.040762333571315
-1.5835222498865232e-12	55.24182662503934
-1.529581668826203e-12	35.05436833109807
-1.4774785019767244e-12	37.01784591636203
-1.4271501602647731e-12	39.436192637484446
-1.3785361866306626e-12	42.084586350968365
-1.331578183404074e-12	44.74873803642443
-1.2862197421537486e-12	47.23949183039764
-1.2424063759266556e-12	49.40610611784288
-1.2000854537954118e-12	51.145057253008
-1.1592061376352497e-12	52.402778849878985
-1.1197193210545391e-12	53.172405974253714
-1.0815775704056441e-12	53.485832139203566
-1.0447350678050837e-12	53.403012109090945
-1.0091475560946892e-12	53.000495477052944
-9.747722856775856e-13	52.360825392313686
-9.41567963165085e-13	51.563888432246486
-9.094947017729282e-13	50.68073003303556
-8.785139734071413e-13	49.76987032217539
-8.485885623820709e-13	48.87582135049603
-8.196825207149514e-13	48.02932413471173
-7.917611249432616e-13	55.22867389922846
-7.647908344131015e-13	35.04602211244858
-7.387392509883622e-13	37.00903220811657
-7.135750801323866e-13	39.42680313786057
-6.892680933153313e-13	42.0745662868825
-6.65789091702037e-13	44.73808365562682
-6.431098710768743e-13	47.22824441744343
-6.212031879633278e-13	49.39434284792595
-6.000427268977059e-13	51.132879949685766
-5.796030688176249e-13	52.39030209058478
-5.598596605272696e-13	53.159745970988666
-5.407887852028221e-13	53.473097510399256
-5.223675339025419e-13	53.39029719839882
-5.045737780473446e-13	52.987876402210816
-4.873861428387928e-13	52.34835861810476
-4.707839815825425e-13	51.551611402998205
-4.547473508864641e-13	50.668663277625555
-4.3925698670357064e-13	49.75802043621678
-4.2429428119103546e-13	48.864184331562505
-4.098412603574757e-13	48.01788866112705
-3.958805624716308e-13	55.215524306949774
-3.8239541720655075e-13	35.03767788102454
-3.693696254941811e-13	37.0002205975362
-3.567875400661933e-13	39.41741587231838
-3.4463404665766565e-13	42.06454860652722
-3.328945458510185e-13	44.72743180929187
-3.2155493553843715e-13	47.216999680036025
-3.106015939816639e-13	49.3825823764295
-3.0002136344885295e-13	51.1207055435522
-2.8980153440881244e-13	52.377828300072494
-2.799298302636348e-13	53.14708898049893
-2.7039439260141103e-13	53.46036591253672
-2.6118376695127093e-13	53.37758531435576
-2.522868890236723e-13	52.97526033158036
-2.436930714193964e-13	52.33589481218682
-2.3539199079127124e-13	51.53933729715432
-2.2737367544323206e-13	50.65659939579041
-2.1962849335178532e-13	49.74617337237804
-2.1214714059551773e-13	48.85255008419559
-2.0492063017873786e-13	48.00645591120651
-1.979402812358154e-13	55.20237784647688
-1.9119770860327537e-13	35.02933563633141
-1.8468481274709055e-13	36.99141108453498
-1.7839377003309664e-13	39.40803084107844
-1.7231702332883282e-13	42.05453331033069
-1.6644727292550926e-13	44.71678249795988
-1.6077746776921858e-13	47.205757618738964
-1.5530079699083195e-13	49.370824703862084
-1.5001068172442648e-13	51.10853403499746
-1.4490076720440622e-13	52.36535747856749
-1.399649151318174e-13	53.13443500281672
-1.3519719630070552e-13	53.4476373454439
-1.3059188347563546e-13	53.36487645658903
-1.2614344451183615e-13	52.962647264603284
-1.218465357096982e-13	52.32343397383887
-1.1769599539563562e-13	51.52706611385884
-1.1368683772161603e-13	50.64453838656778
-1.0981424667589266e-13	49.734329129618565
-1.0607357029775887e-13	48.8409186073019
-1.0246031508936893e-13	47.995025883825775
-9.89701406179077e-14	55.18923451657683
-9.559885430163769e-14	35.02099537788357
-9.234240637354527e-14	36.982603668816914
-8.919688501654832e-14	39.398648043980664
-8.615851166441641e-14	42.044520398217664
-8.322363646275463e-14	44.70613572159285
-8.038873388460929e-14	47.19451823350857
-7.765039849541598e-14	49.35906983013777
-7.500534086221324e-14	51.0963654238645
-7.245038360220311e-14	52.35288962582201
-6.99824575659087e-14	53.12178403759291
-6.759859815035276e-14	53.43491180866787
-6.529594173781773e-14	53.35217062454646
-6.307172225591807e-14	52.950037200637915
-6.09232678548491e-14	52.31097610234282
-5.884799769781781e-14	51.514797852331945
-5.684341886080802e-14	50.63248024913135
5.684341886080802e-14	50.63248024913292
5.884799769781781e-14	51.51479785233354
6.09232678548491e-14	52.31097610234442
6.307172225591807e-14	52.9500372006395
6.529594173781773e-14	53.352170624548
6.759859815035276e-14	53.43491180866938
6.99824575659087e-14	53.121784037594374
7.245038360220311e-14	52.3528896258234
7.500534086221324e-14	51.09636542386579
7.765039849541598e-14	49.35906983013897
8.038873388460929e-14	47.194518233509704
8.322363646275463e-14	44.706135721593895
8.615851166441641e-14	42.04452039821866
8.919688501654832e-14	39.39864804398164
9.234240637354527e-14	36.982603668817895
9.559885430163769e-14	35.02099537788461
9.89701406179077e-14	55.18923451657869
1.0246031508936893e-13	47.99502588382757
1.0607357029775887e-13	48.84091860730377
1.0981424667589266e-13	49.73432912962045
1.1368683772161603e-13	50.644538386569735
1.1769599539563562e-13	51.52706611386079
1.218465357096982e-13	52.32343397384083
1.2614344451183615e-13	52.96264726460526
1.3059188347563546e-13	53.364876456590956
1.3519719630070552e-13	53.44763734544577
1.399649151318174e-13	53.13443500281856
1.4490076720440622e-13	52.36535747856923
1.5001068172442648e-13	51.10853403499913
1.5530079699083195e-13	49.37082470386369
1.6077746776921858e-13	47.205757618740485
1.6644727292550926e-13	44.716782497961354
1.7231702332883282e-13	42.05453331033212
1.7839377003309664e-13	39.408030841079864
1.8468481274709055e-13	36.99141108453648
1.9119770860327537e-13	35.02933563633298
1.979402812358154e-13	55.202377846479656
2.0492063017873786e-13	48.00645591120897
2.1214714059551773e-13	48.85255008419807
2.1962849335178532e-13	49.74617337238053
2.2737367544323206e-13	50.65659939579289
2.3539199079127124e-13	51.539337297156784
2.436930714193964e-13	52.33589481218922
2.522868890236723e-13	52.97526033158269
2.6118376695127093e-13	53.377585314357965
2.7039439260141103e-13	53.46036591253876
2.799298302636348e-13	53.14708898050081
2.8980153440881244e-13	52.3778283000742
3.0002136344885295e-13	51.1207055435537
3.106015939816639e-13	49.382582376430776
3.2155493553843715e-13	47.2169996800371
3.328945458510185e-13	44.72743180929279
3.4463404665766565e-13	42.06454860652799
3.567875400661933e-13	39.41741587231906
3.693696254941811e-13	37.00022059753682
3.8239541720655075e-13	35.03767788102513
3.958805624716308e-13	55.21552430695096
4.098412603574757e-13	48.01788866112824
4.2429428119103546e-13	48.864184331563635
4.3925698670357064e-13	49.75802043621792
4.547473508864641e-13	50.66866327762661
4.707839815825425e-13	51.55161140299922
4.873861428387928e-13	52.348358618105735
5.045737780473446e-13	52.98787640221169
5.223675339025419e-13	53.390297198399615
5.407887852028221e-13	53.47309751039995
5.598596605272696e-13	53.15974597098931
5.796030688176249e-13	52.390302090585315
6.000427268977059e-13	51.13287994968622
6.212031879633278e-13	49.394342847926346
6.431098710768743e-13	47.22824441744373
6.65789091702037e-13	44.73808365562709
6.892680933153313e-13	42.07456628688274
7.135750801323866e-13	39.426803137860794
7.387392509883622e-13	37.00903220811682
7.647908344131015e-13	35.04602211244891
7.917611249432616e-13	55.22867389922921
8.196825207149514e-13	48.02932413471252
8.485885623820709e-13	48.875821350496814
8.785139734071413e-13	49.76987032217616
9.094947017729282e-13	50.68073003303631
9.41567963165085e-13	51.56388843224722
9.747722856775856e-13	52.360825392314354
1.0091475560946892e-12	53.00049547705358
1.0447350678050837e-12	53.40301210909152
1.0815775704056441e-12	53.48583213920409
1.1197193210545391e-12	53.17240597425416
1.1592061376352497e-12	52.402778849879375
1.2000854537954118e-12	51.145057253008304
1.2424063759266556e-12	49.40610611784313
1.2862197421537486e-12	47.239491830397846
1.331578183404074e-12	44.74873803642454
1.3785361866306626e-12	42.084586350968465
1.4271501602647731e-12	39.43619263748456
1.4774785019767244e-12	37.017845916362155
1.529581668826203e-12	35.054368331098246
1.5835222498865232e-12	55.24182662503972
1.6393650414299029e-12	48.04076233357173
1.6971771247641418e-12	48.88746114253494
1.7570279468142826e-12	49.78172303167563
1.8189894035458565e-12	50.69279966327405
1.88313592633017e-12	51.57616838592903
1.9495445713551712e-12	52.37329513556279
2.0182951121893783e-12	53.013117556522644
2.0894701356101674e-12	53.41573004647171
2.1631551408112883e-12	53.49856979858687
2.2394386421090783e-12	53.18506898952692
2.3184122752704995e-12	52.41525857681195
2.4001709075908236e-12	51.157237452062624
2.4848127518533113e-12	49.41787218451011
2.5724394843074972e-12	47.25074191714735
2.663156366808148e-12	44.75939495001279
2.757072373261325e-12	42.09460879737258
2.8543003205295463e-12	39.44558437022814
2.9549570039534488e-12	37.026661721956486
3.059163337652406e-12	35.06271653750075
3.1670444997730463e-12	55.25498248709836
3.2787300828598057e-12	48.052203260279136
3.3943542495282837e-12	48.899103710092994
3.514055893628565e-12	49.79357856688306
3.637978807091713e-12	50.70487217015541
3.76627185266034e-12	51.588451265397545
3.8990891427103424e-12	52.38576784862849
4.036590224378757e-12	53.025742640716956
4.178940271220335e-12	53.42845100987587
4.3263102816225765e-12	53.51131048707393
4.4788772842181565e-12	53.19773501452458
4.636824550540999e-12	52.42774126835479
4.800341815181647e-12	51.16942054320911
4.9696255037066225e-12	49.429641043880856
5.1448789686149945e-12	47.26199467351253
5.326312733616296e-12	44.77005439240586
5.51414474652265e-12	42.104633622666974
5.7086006410590925e-12	39.454978333604586
5.9099140079068976e-12	37.0354796237428
6.118326675304812e-12	35.07106673222088
6.334088999546093e-12	55.26814149008656
6.5574601657196114e-12	48.06364691933702
6.788708499056567e-12	48.91074905734532
7.02811178725713e-12	49.805436931463824
7.275957614183426e-12	50.716947556630075
7.53254370532068e-12	51.60073707266377
7.798178285420685e-12	52.39824353235907
8.073180448757513e-12	53.038370729114376
8.35788054244067e-12	53.44117499724922
8.652620563245153e-12	53.52405420098634
8.957754568436313e-12	53.210404043952536
9.273649101081998e-12	52.44022691773057
9.600683630363294e-12	51.181606518461564
9.939251007413245e-12	49.44141268717944
1.0289757937229989e-11	47.273250090479856
1.0652625467232593e-11	44.78071635501313
1.10282894930453e-11	42.11466081941623
1.1417201282118185e-11	39.46437452210117
1.1819828015813795e-11	37.04429961890773
1.2236653350609624e-11	35.07941891592305
1.2668177999092185e-11	55.28130364264718
1.3114920331439223e-11	48.075093319122715
1.3577416998113135e-11	48.92239719199982
1.405622357451426e-11	49.81729813209279
1.4551915228366852e-11	50.72902582792516
1.506508741064136e-11	51.61302581106009
1.559635657084137e-11	52.41072218774263
1.6146360897515027e-11	53.05100181994705
1.671576108488134e-11	53.453902003744346
1.7305241126490306e-11	53.53680093221799
1.7915509136872626e-11	53.223076066468245
1.8547298202163996e-11	52.45271551063313
1.920136726072659e-11	51.1937953611065
1.987850201482649e-11	49.45318709613142
2.0579515874459978e-11	47.2845081493281
2.1305250934465185e-11	44.79138081999491
2.20565789860906e-11	42.12469037213336
2.283440256423637e-11	39.47377292412292
2.363965603162759e-11	37.0531217013028
2.4473306701219248e-11	35.08777308946065
2.533635599818437e-11	55.29446896135947
2.6229840662878446e-11	48.08654247578296
2.715483399622627e-11	48.93404812885004
2.811244714902852e-11	49.82916218148061
2.9103830456733704e-11	50.741106993836645
3.013017482128272e-11	51.62531748657189
3.119271314168274e-11	52.42320381605364
3.2292721795030053e-11	53.063635908955256
3.343152216976268e-11	53.466632018921544
3.461048225298061e-11	53.54955066379443
3.583101827374525e-11	53.23575105861243
3.709459640432799e-11	52.46520701767189
3.840273452145318e-11	51.205987036943526
3.975700402965298e-11	49.46496423343072
4.1159031748919956e-11	47.295768811884614
4.261050186893037e-11	44.8020477509809
4.41131579721812e-11	42.134722249202255
4.566880512847274e-11	39.48317351589449
4.727931206325518e-11	37.06194585810742
4.8946613402438496e-11	35.09612925408075
5.067271199636874e-11	55.307637478727514
5.245968132575689e-11	48.097994421045655
5.430966799245254e-11	48.94570189689865
5.622489429805704e-11	49.841029104440494
5.820766091346741e-11	50.75319107331943
6.026034964256544e-11	51.63761211049972
6.238542628336548e-11	52.4356884191339
6.458544359006011e-11	53.07627298687262
6.686304433952536e-11	53.47936502111466
6.922096450596122e-11	53.56230336094227
7.16620365474905e-11	53.24842897261019
7.418919280865598e-11	52.47770137918627
7.680546904290636e-11	51.21818147668266
7.951400805930596e-11	49.476744023581915
8.231806349783991e-11	47.30703200094547
8.522100373786074e-11	44.81271707441477
8.82263159443624e-11	42.14475638663737
9.133761025694548e-11	39.492576249191025
9.455862412651036e-11	37.070772063099554
9.789322680487699e-11	35.10448741180105
1.0134542399273748e-10	55.32080925916149
1.0491936265151378e-10	48.10944921786313
1.0861933598490508e-10	48.95735855362132
1.1244978859611408e-10	49.85289895003433
1.1641532182693481e-10	50.765278103675406
1.2052069928513087e-10	51.64990970478346
1.2477085256673096e-10	52.448175999943786
1.2917088718012021e-10	53.08891303437498
1.3372608867905071e-10	53.492100966127595
1.3844192901192245e-10	53.575058953179656
1.43324073094981e-10	53.26110971191086
1.4837838561731197e-10	52.4901984748014
1.536109380858127e-10	51.230378540656
1.5902801611861192e-10	49.48852631449747
1.6463612699567982e-10	47.31829756102766
1.7044200747572148e-10	44.82338864216446
1.764526318887248e-10	42.15479265553794
1.8267522051389096e-10	39.50198102675653
1.8911724825302072e-10	37.07960026318361
1.9578645360975398e-10	35.11284756618789
2.0269084798547497e-10	55.33398443105346
2.0983872530302757e-10	48.12090699180329
2.1723867196981016e-10	48.969018213593884
2.2489957719222817e-10	49.86477181595559
2.3283064365386963e-10	50.777368159004276
2.4104139857026175e-10	51.66221031270625
2.495417051334619e-10	52.46066656369649
2.5834177436024043e-10	53.10155601197947
2.6745217735810143e-10	53.50483976459593
2.768838580238449e-10	53.58781729842898
2.86648146189962e-10	53.27379308216468
2.9675677123462393e-10	52.502698062402104
3.072218761716254e-10	51.24257794807667
3.1805603223722384e-10	49.50031080050902
3.2927225399135965e-10	47.32956517968385
3.4088401495144296e-10	44.83406215655889
3.529052637774496e-10	42.16483079683701
3.653504410277819e-10	39.51138765302233
3.7823449650604145e-10	37.08843035138496
3.9157290721950797e-10	35.12120972392663
4.0538169597094993e-10	55.347163251087835
4.1967745060605513e-10	48.13236799397245
4.344773439396203e-10	48.98068110586937
4.4979915438445634e-10	49.87664789739034
4.656612873077393e-10	50.789461387165915
4.820827971405247e-10	51.6745140203176
4.990834102669238e-10	52.473160120086106
5.166835487204809e-10	53.11420183973862
5.349043547162015e-10	53.51758123653498
5.537677160476898e-10	53.60057811099456
5.732962923799255e-10	53.28647869285439
5.935135424692479e-10	52.51519965569441
6.144437523432508e-10	51.25477913511741
6.361120644744461e-10	49.512096867918174
6.585445079827193e-10	47.34083422965418
6.817680299028876e-10	44.8447370200089
7.058105275548992e-10	42.17487029040416
7.307008820555638e-10	39.52079573524057
7.56468993012081e-10	37.09726211266462
7.831458144390159e-10	35.12957389794963
8.107633919419018e-10	55.360346233175385
8.393549012121103e-10	48.14383272718399
8.689546878792406e-10	48.992347689030076
8.995983087689104e-10	49.888527584998116
9.313225746154785e-10	50.80155808390588
9.641655942810495e-10	51.68682099940183
9.981668205338477e-10	52.48565668776838
1.0333670974409617e-9	53.12685035653758
1.069808709432403e-9	53.53032502021458
1.1075354320953796e-9	53.613340817156555
1.146592584759851e-9	53.29916576005986
1.1870270849384957e-9	52.527702278702286
1.2288875046865017e-9	51.266980970338786
1.2722241289488923e-9	49.52388328530274
1.3170890159654386e-9	47.352103452356616
1.3635360598057752e-9	44.855412033476306
1.4116210551097985e-9	42.184910092582314
1.4614017641111277e-9	39.53020448525547
1.512937986024162e-9	37.10609511529197
1.5662916288780319e-9	35.137940113747774
1.6215267838838037e-9	55.373534407013295
1.6787098024242205e-9	48.15530219894633
1.7379093757584813e-9	49.00401888188468
1.7991966175378208e-9	49.900411661375806
1.862645149230957e-9	50.81365884147961
1.928331188562099e-9	51.69913159362234
1.9963336410676953e-9	52.49815630332269
2.0667341948819234e-9	53.13950123844518
2.139617418864806e-9	53.54307038939381
2.215070864190759e-9	53.62610426555828
2.293185169519702e-9	53.311852710902166
2.3740541698769915e-9	52.540203973418286
2.4577750093730034e-9	51.27918118399473
2.5444482578977845e-9	49.53566758244743
2.634178031930877e-9	47.36337032315265
2.7270721196115503e-9	44.86608479178261
2.823242110219597e-9	42.194948109853144
2.9228035282222554e-9	39.53961232199454
3.025875972048324e-9	37.1149284930386
3.1325832577560637e-9	35.146308422076416
3.2430535677676073e-9	55.38672983659965
3.357419604848441e-9	48.16677842878629
3.4758187515169625e-9	49.01569652610201
3.5983932350756416e-9	49.91230169505235
3.725290298461914e-9	50.825764846724994
3.856662377124198e-9	51.71144649130934
3.992667282135391e-9	52.51065903927196
4.133468389763847e-9	53.15215383503677
4.279234837729612e-9	53.55581588687836
4.430141728381518e-9	53.63886614650428
4.586370339039404e-9	53.324536390395906
4.748108339753983e-9	52.55270081255742
4.915550018746007e-9	51.29137522368476
5.088896515795569e-9	49.5474448049845
5.268356063861754e-9	47.37462977859815
5.454144239223101e-9	44.87675047112279
5.646484220439194e-9	42.20498014349946
5.845607056444511e-9	39.549016074496656
6.051751944096648e-9	37.123760508602864
6.2651665155121274e-9	35.154678924683175
6.486107135535215e-9	55.399936660305606
6.714839209696882e-9	48.17826546578953
6.951637503033925e-9	49.027384314165715
7.196786470151283e-9	49.924200830832326
7.450580596923828e-9	50.83787847907868
7.713324754248396e-9	51.72376707226803
7.985334564270781e-9	52.52316504055802
8.266936779527694e-9	53.16480684153242
8.558469675459224e-9	53.56855859007162
8.860283456763037e-9	53.65162182787365
9.172740678078808e-9	53.33721047136153
9.496216679507966e-9	52.56518492026169
9.831100037492013e-9	51.30355396004266
1.0177793031591138e-8	49.55920501755083
1.0536712127723509e-8	47.38587166470881
1.0908288478446201e-8	44.887399398221945
1.1292968440878388e-8	42.21499777395646
1.1691214112889021e-8	39.558409384448254
1.2103503888193296e-8	37.13258767896321
1.2530333031024255e-8	35.16305182686501
1.297221427107043e-8	55.413163177997475
1.3429678419393764e-8	48.18977143025526
1.390327500606785e-8	49.03908965150225
1.4393572940302566e-8	49.93611537609136
1.4901161193847656e-8	50.850004511319455
1.542664950849679e-8	51.736096104894045
1.5970669128541563e-8	52.53567459946301
1.6533873559055387e-8	53.177457643226376
1.711693935091845e-8	53.58129264018305
1.7720566913526073e-8	53.66436202288031
1.8345481356157615e-8	53.34986226802555
1.8992433359015932e-8	52.57764050531978
1.9662200074984027e-8	51.31569908835374
2.0355586063182276e-8	49.57092829937139
2.1073424255447017e-8	47.39707562258449
2.1816576956892402e-8	44.89801217851807
2.2585936881756776e-8	42.224984121223436
2.3382428225778043e-8	39.567779505932705
2.4207007776386593e-8	37.14140302488944
2.506066606204851e-8	35.17142754670316
2.594442854214086e-8	55.42642604276485
2.685935683878753e-8	48.20131261317611
2.78065500121357e-8	49.05082739639369
2.8787145880605133e-8	49.94805798801744
2.9802322387695312e-8	50.86215252412931
3.085329901699358e-8	51.74843915128536
3.1941338257083125e-8	52.54818831351759
3.3067747118110775e-8	53.19010100902133
3.42338787018369e-8	53.59400630147759
3.544113382705215e-8	53.67706812232883
3.669096271231523e-8	53.36246635588438
3.7984866718031864e-8	52.5900359165741
3.9324400149968054e-8	51.32777391783697
4.071117212636455e-8	49.58257471974479
4.2146848510894035e-8	47.40820084382801
4.3633153913784805e-8	44.90854993845838
4.517187376351355e-8	42.2349053555303
4.6764856451556086e-8	39.57710090099547
4.8414015552773186e-8	37.15019257466924
5.012133212409702e-8	35.17980694939033
5.188885708428172e-8	55.439758693424665
5.371871367757506e-8	48.21292171968945
5.56131000242714e-8	49.06262738411409
5.7574291761210265e-8	49.960054091285336
5.960464477539063e-8	50.87434177620129
6.170659803398717e-8	51.76080741505825
6.388267651416625e-8	52.56070743430405
6.613549423622155e-8	53.202726505755706
6.84677574036738e-8	53.60667610040543
7.08822676541043e-8	53.689702872610326
7.338192542463046e-8	53.37497181779176
7.596973343606373e-8	52.602307753672505
7.864880029993611e-8	51.33970494521167
8.14223442527291e-8	49.59406428139441
8.429369702178807e-8	47.419165574249696
8.726630782756961e-8	44.91893480725377
9.03437475270271e-8	42.24469372449951
9.352971290311217e-8	39.586322450078484
9.682803110554637e-8	37.158928409521536
1.0024266424819404e-7	35.18819187808188
1.0377771416856343e-7	55.453228373583585
1.0743742735515011e-7	48.22466449305178
1.112262000485428e-7	49.07454961522372
1.1514858352242053e-7	49.97215485472067
1.1920928955078125e-7	50.886611085093925
1.2341319606797433e-7	51.77322357474863
1.277653530283325e-7	52.5732346976953
1.322709884724431e-7	53.21531345221517
1.369355148073476e-7	53.61925522019411
1.417645353082086e-7	53.70219183794046
1.4676385084926092e-7	53.3872768322266
1.5193946687212745e-7	52.61432917573121
1.5729760059987222e-7	51.35134508278351
1.628446885054582e-7	49.60523688627773
1.6858739404357614e-7	47.42980620454445
1.7453261565513922e-7	44.929010975389424
1.806874950540542e-7	42.25421372321348
1.8705942580622434e-7	39.59534201973687
1.9365606221109274e-7	37.16755494412936
2.0048532849638808e-7	35.19658646148246
2.0755542833712687e-7	55.46697070068841
2.1487485471030023e-7	48.23667342807175
2.224524000970856e-7	49.08671511682489
2.3029716704484106e-7	49.98446364602358
2.384185791015625e-7	50.89903910395343
2.4682639213594866e-7	51.78573397561625
2.55530706056665e-7	52.58577651541568
2.645419769448862e-7	53.22782136048887
2.738710296146952e-7	53.63165082231765
2.835290706164172e-7	53.71438685384883
2.9352770169852185e-7	53.39917837501098
3.038789337442549e-7	52.62584704169236
3.1459520119974443e-7	51.36240063994178
3.256893770109164e-7	49.615772802450486
3.371747880871523e-7	47.43979600794902
3.4906523131027844e-7	44.93846740391882
3.613749901081084e-7	42.26319508161644
3.741188516124487e-7	39.60395632397447
3.873121244221855e-7	37.17596232125384
4.0097065699277616e-7	35.20500070544285
4.1511085667425373e-7	55.48126075296986
4.2974970942060045e-7	48.249216889351445
4.449048001941712e-7	49.099369447611785
4.605943340896821e-7	49.99719081347676
4.76837158203125e-7	50.91178683405061
4.936527842718973e-7	51.79843505495563
5.1106141211333e-7	52.59834947720804
5.290839538897724e-7	53.240173009230844
5.477420592293904e-7	53.643680945748045
5.670581412328344e-7	53.72599525145473
5.870554033970437e-7	53.410273998233066
6.077578674885098e-7	52.63635862509144
6.291904023994889e-7	51.372287783639955
6.513787540218328e-7	49.62503616960013
6.743495761743046e-7	47.44848528039895
6.981304626205569e-7	44.94668602979506
7.227499802162168e-7	42.27110168994098
7.482377032248974e-7	39.61176382025657
7.74624248844371e-7	37.1839366769328
8.019413139855523e-7	35.21346155939585
8.302217133485075e-7	55.49666266446522
8.594994188412009e-7	48.26284374417702
8.898096003883424e-7	49.11301649591004
9.211886681793642e-7	50.01077043965773
9.5367431640625e-7	50.925190249929464
9.873055685437947e-7	51.81153420619746
1.02212282422666e-6	52.61100178165872
1.0581679077795448e-6	53.2522294253043
1.0954841184587807e-6	53.65499754120201
1.1341162824656687e-6	53.73644793157679
1.1741108067940874e-6	53.41977539133634
1.2155157349770196e-6	52.644875413482616
1.2583808047989777e-6	51.3798561897283
1.3027575080436657e-6	49.63177310537626
1.3486991523486091e-6	47.4545931043156
1.3962609252411138e-6	44.95245010204065
1.4454999604324336e-6	42.276881916671826
1.4964754064497947e-6	39.61798367388748
1.549248497688742e-6	37.19107479538257
1.6038826279711046e-6	35.22205047117809
1.660443426697015e-6	55.51435755888124
1.7189988376824018e-6	48.27869726158775
1.7796192007766848e-6	49.12871231095889
1.8423773363587285e-6	50.02612176081978
1.9073486328125e-6	50.9399752044955
1.9746111370875893e-6	51.82550295882025
2.04424564845332e-6	52.623889385058476
2.1163358155590896e-6	53.26377498931628
2.1909682369175614e-6	53.66496953428652
2.2682325649313374e-6	53.74467433332668
2.3482216135881748e-6	53.426176099269775
2.4310314699540393e-6	52.64949301029065
2.5167616095979554e-6	51.38288028053699
2.6055150160873313e-6	49.63355342510867
2.6973983046972182e-6	47.45563794602921
2.7925218504822275e-6	44.95340957870275
2.8909999208648673e-6	42.278519884314754
2.9929508128995895e-6	39.6211467504019
3.098496995377484e-6	37.19666974386601
3.2077652559422093e-6	35.23103931031259
3.32088685339403e-6	55.5369106951481
3.4379976753648036e-6	48.29923756375867
3.5592384015533696e-6	49.14875372149884
3.684754672717457e-6	50.04527960993369
3.814697265625e-6	50.95780181214289
3.949222274175179e-6	51.841505159549605
4.08849129690664e-6	52.63755758944076
4.232671631118179e-6	53.27462454648034
4.381936473835123e-6	53.67259350062292
4.536465129862675e-6	53.74880449019185
4.6964432271763496e-6	53.42674644207193
4.8620629399080785e-6	52.64669746384907
5.033523219195911e-6	51.37721486830522
5.211030032174663e-6	49.62583350004482
5.3947966093944364e-6	47.44698427538181
5.585043700964455e-6	44.94520346352291
5.781999841729735e-6	42.2723364271191
5.985901625799179e-6	39.618684574475424
6.196993990754968e-6	37.199700673101155
6.4155305118844185e-6	35.24139680611326
6.64177370678806e-6	55.57022547163072
6.875995350729607e-6	48.33003817437712
7.118476803106739e-6	49.17843041929914
7.369509345434914e-6	50.07305465415259
7.62939453125e-6	50.98277829730386
7.898444548350357e-6	51.86270523360589
8.17698259381328e-6	52.65398380248085
8.465343262236358e-6	53.2853454583381
8.763872947670246e-6	53.67685125019614
9.07293025972535e-6	53.74613744719514
9.392886454352699e-6	53.41711485004045
9.724125879816157e-6	52.63059519884774
1.0067046438391822e-5	51.35574767503346
1.0422060064349325e-5	49.600745248058125
1.0789593218788873e-5	47.42061963573542
1.117008740192891e-5	44.920408620983345
1.156399968345947e-5	42.25231752478316
1.1971803251598358e-5	39.606861772613094
1.2393987981509936e-5	37.19960536175263
1.2831061023768837e-5	35.2566487701449
1.328354741357612e-5	55.628897489781075
1.3751990701459215e-5	48.384540999822256
1.4236953606213478e-5	49.230761251994984
1.4739018690869828e-5	50.12165962732881
1.52587890625e-5	51.02587122691157
1.5796889096700715e-5	51.89834672728996
1.635396518762656e-5	52.68020657033894
1.6930686524472717e-5	53.30032769646397
1.752774589534049e-5	53.679133049439194
1.81458605194507e-5	53.73486601960869
1.8785772908705398e-5	53.39229405732174
1.9448251759632314e-5	52.59330555630965
2.0134092876783644e-5	51.30829788372253
2.084412012869865e-5	49.546719176932044
2.1579186437577746e-5	47.36479688710601
2.234017480385782e-5	44.86856353092289
2.312799936691894e-5	42.21093742364754
2.3943606503196716e-5	39.58286072753911
2.478797596301987e-5	37.200126941019285
2.5662122047537674e-5	35.28902686794022
2.656709482715224e-5	55.75042016719069
2.750398140291843e-5	48.49586444566417
2.8473907212426957e-5	49.33832137652645
2.9478037381739656e-5	50.22236817711266
3.0517578125e-5	51.116179194365856
3.159377819340143e-5	51.97440381002283
3.270793037525308e-5	52.73811237190682
3.3861373048945474e-5	53.336477965072426
3.505549179068098e-5	53.690650483115355
3.62917210389014e-5	53.720087088020186
3.7571545817410796e-5	53.351263139932605
3.889650351926458e-5	52.52820977778586
4.026818575356734e-5	51.22376665802387
4.16882402573973e-5	49.44991905759446
4.315837287515549e-5	47.265281201642544
4.468034960771564e-5	44.77788922742323
4.625599873383782e-5	42.14213135945923
4.7887213006393486e-5	39.5498838784521
4.957595192603974e-5	37.21751224169397
5.132424409507535e-5	35.371807568111215
5.313418965430448e-5	56.01554945008052
5.500796280583679e-5	48.727591322515885
5.694781442485398e-5	49.56206390371531
5.895607476347931e-5	50.43177748919864
6.103515625e-5	51.30397707800326
6.318755638680286e-5	52.132698502559094
6.541586075050616e-5	52.85889289582334
6.772274609789095e-5	53.41229186400163
7.011098358136196e-5	53.71544279922328
7.25834420778028e-5	53.69014345459562
7.514309163482159e-5	53.26616154738115
7.779300703852916e-5	52.39165241446989
8.053637150713468e-5	51.04414738397787
8.33764805147946e-5	49.24049731011712
8.631674575031098e-5	47.04389040588622
8.936069921543128e-5	44.56620825958996
9.251199746767564e-5	41.96467417042274
9.577442601278697e-5	39.43297218927582
9.915190385207948e-5	37.18851884498036
0.0001026484881901507	35.45880540367166
0.00010626837930860896	56.26389256330394
0.00011001592561167358	48.85343833491871
0.00011389562884970796	49.64322946315992
0.00011791214952695862	50.455009153081434
0.0001220703125	51.25474662109455
0.00012637511277360572	51.99593086205115
0.00013083172150101232	52.62001124425842
0.0001354454921957819	53.05856266015839
0.00014022196716272393	53.237547909383856
0.0001451668841556056	53.0838365421625
0.00015028618326964319	52.53379233455836
0.00015558601407705832	51.54328083736177
0.00016107274301426937	50.09794051453499
0.0001667529610295892	48.22212552472378
0.00017263349150062197	45.98472732313863
0.00017872139843086256	43.50028338385244
0.0001850239949353513	40.924490296790275
0.00019154885202557394	38.444412712334916
0.00019830380770415897	36.265050004847964
0.0002052969763803014	34.59497159550879
0.0002125367586172179	55.08053741488414
0.00022003185122334716	47.920219404194754
0.00022779125769941593	48.55968264948119
0.00023582429905391725	49.19782244609476
0.000244140625	49.800735136605105
0.00025275022554721143	50.32384873137357
0.00026166344300202464	50.71282479914899
0.0002708909843915638	50.906069136618356
0.00028044393432544786	50.83911849884328
0.0002903337683112112	50.45095124480587
0.00030057236653928637	49.691940311604206
0.00031117202815411665	48.53275601903181
0.00032214548602853873	46.973103248577715
0.0003335059220591784	45.04885386516378
0.00034526698300124393	42.83604820077908
0.0003574427968617251	40.45051356191822
0.0003700479898707026	38.042534063647324
0.0003830977040511479	35.787013051442436
0.00039660761540831794	33.87061560549624
0.0004105939527606028	32.47801092425216
0.0004250735172344358	51.85530763011274
0.0004400637024466943	44.70079613919383
0.00045558251539883185	45.05984236605686
0.0004716485981078345	45.39041891527931
0.00048828125	45.66232080089724
0.0005055004510944229	45.837654048382305
0.0005233268860040493	45.87213133079115
0.0005417819687831276	45.71769535126469
0.0005608878686508957	45.32660457660431
0.0005806675366224224	44.65691700612506
0.0006011447330785727	43.67903485934968
0.0006223440563082333	42.382658108953464
0.0006442909720570775	40.78319806080175
0.0006670118441183568	38.92650819961925
0.0006905339660024879	36.89078921889434
0.0007148855937234502	34.78478366851669
0.0007400959797414052	32.74189097527298
0.0007661954081022958	30.910501678882465
0.0007932152308166359	29.441461156703465
0.0008211879055212056	28.473868270062294
0.0008501470344688716	45.1768799519079
0.0008801274048933886	37.62752724440517
0.0009111650307976637	37.6172054050499
0.000943297196215669	37.56379961186214
0.0009765625	37.44624468640104
0.0010110009021888457	37.2393287339685
0.0010466537720080985	36.91497456987816
0.0010835639375662552	36.444387791862205
0.0011217757373017914	35.80109009695315
0.0011613350732448448	34.96471294919653
0.0012022894661571455	33.925247848677735
0.0012446881126164666	32.68726093624297
0.001288581944114155	31.273421700583622
0.0013340236882367136	29.72661699528766
0.0013810679320049757	28.109967255407177
0.0014297711874469005	26.504254456603153
0.0014801919594828103	25.002593716542084
0.0015323908162045916	23.702567387018426
0.0015864304616332718	22.69639269712123
0.0016423758110424111	22.05991921028844
0.0017002940689377433	34.87483163515094
0.0017602548097867773	27.984860269876606
0.0018223300615953274	27.742669025682783
0.001886594392431338	27.468951116877086
0.001953125	27.153237986541612
0.0020220018043776915	26.783261494114463
0.002093307544016197	26.345736305980548
0.0021671278751325103	25.827567528922202
0.002243551474603583	25.217466618197243
0.0023226701464896895	24.50788521060103
0.002404578932314291	23.697091565939317
0.002489376225232933	22.791131405692337
0.00257716388822831	21.80535273309064
0.0026680473764734273	20.765152740198783
0.0027621358640099515	19.70563982412295
0.002859542374893801	18.66999967777801
0.0029603839189656206	17.706500225070876
0.003064781632409183	16.864239680647273
0.0031728609232665435	16.187903206407388
0.0032847516220848223	15.711925064317992
0.0034005881378754866	24.96190197652949
0.0035205096195735546	19.41620521819799
0.003644660123190655	19.13150136450857
0.003773188784862676	18.831488690708436
0.00390625	18.513252998337947
0.004044003608755383	18.173389857823864
0.004186615088032394	17.80827601776514
0.004334255750265021	17.414459079391534
0.004487102949207166	16.989151083193505
0.004645340292979379	16.530792403547807
0.004809157864628582	16.039633581100745
0.004978752450465866	15.518268407422815
0.00515432777645662	14.972045437883423
0.005336094752946855	14.409289077881985
0.005524271728019903	13.841274027852966
0.005719084749787602	13.281912653065033
0.005920767837931241	12.747125364116702
0.006129563264818366	12.253862121577177
0.006345721846533087	11.818729316157157
0.0065695032441696445	11.456166053510945
0.006801176275750973	18.045414023817997
0.007041019239147109	13.531828226517987
0.00728932024638131	13.28584719095467
0.007546377569725352	13.032313926764829
0.0078125	12.771932013044992
0.00808800721751076	12.505580059768487
0.008373230176064788	12.234315288835434
0.008668511500530041	11.959344419233766
0.008974205898414337	11.68195149154742
0.009290680585958758	11.403378187322549
0.009618315729257157	11.12466342514835
0.009957504900931733	10.846465558425503
0.01030865555291324	10.568910353319502
0.010672189505893716	10.29152616504727
0.011048543456039806	10.013336111940498
0.011438169499575197	9.733164796043825
0.011841535675862483	9.450173708932732
0.012259126529636732	9.164559894120305
0.012691443693066181	8.878244631084957
0.013139006488339289	8.595270974165063
0.013602352551501938	13.391999603676798
0.014082038478294218	9.70022114701747
0.01457864049276262	9.512160197601823
0.015092755139450714	9.321420103644375
0.015625	9.130410349812056
0.01617601443502152	8.941991297823167
0.016746460352129577	8.759346762800634
0.017337023001060083	8.585756795742224
0.017948411796828673	8.424261489510759
0.018581361171917516	8.277222567204115
0.019236631458514314	8.145812997026487
0.019915009801863465	8.0294948826609
0.02061731110582648	7.925578808270758
0.021344379011787432	7.8289865961945155
0.02209708691207961	7.732353075913636
0.022876338999150394	7.62658684279291
0.023683071351724965	7.501950778542194
0.024518253059273465	7.349611720158787
0.025382887386132362	7.163451162579044
0.026278012976678578	6.941755770962528
0.027204705103003875	10.756829800281883
0.028164076956588437	7.589304036350874
0.02915728098552524	7.47571594617967
0.03018551027890143	7.365441062672678
0.03125	7.261805282998743
0.03235202887004304	7.1685428934641955
0.03349292070425915	7.089550210780164
0.034674046002120165	7.028507439390114
0.03589682359365735	6.988366435249738
0.03716272234383503	6.970725658562315
0.03847326291702863	6.975146304642779
0.03983001960372693	6.998503386113625
0.04123462221165296	7.034506900698174
0.042688758023574865	7.073561107266001
0.04419417382415922	7.1031394119553175
0.04575267799830079	7.108820027691459
0.04736614270344993	7.076035940012085
0.04903650611854693	6.9924335617031765
0.050765774772264724	6.850520481235275
0.052556025953357156	6.650059026215005
0.05440941020600775	10.66771417221082
0.05632815391317687	7.754737457762716
0.05831456197105048	7.792784825979638
0.06037102055780286	7.847780678137479
0.0625	7.922895867392692
0.06470405774008609	8.020748708924206
0.0669858414085183	8.1428535354301
0.06934809200424033	8.288955843822084
0.0717936471873147	8.45630576937346
0.07432544468767006	8.638962006336055
0.07694652583405726	8.82726191534529
0.07966003920745386	9.007631050624076
0.08246924442330592	9.162922462614207
0.08537751604714973	9.273454938645722
0.08838834764831845	9.31884189949563
0.09150535599660158	9.280557978741108
0.09473228540689986	9.144984082474522
0.09807301223709386	8.90643653890451
0.10153154954452945	8.56948671715373
0.10511205190671431	8.149804993153838
0.1088188204120155	11.508987638283811
0.11265630782635375	8.481535951132724
0.11662912394210095	8.41706791479053
0.12074204111560571	8.331288849066821
0.125	8.220448476743783
0.12940811548017217	8.080371766002287
0.13397168281703664	7.906633956349201
0.1386961840084806	7.694856663870869
0.1435872943746294	7.441136171494801
0.14865088937534013	7.142593613004323
0.1538930516681145	6.798006336253263
0.15932007841490778	6.408443781526099
0.16493848884661177	5.977797128576231
0.17075503209429946	5.513070754466319
0.1767766952966369	5.0243078245795525
0.18301071199320315	4.524062370349252
0.18946457081379978	4.0264084996195635
0.19614602447418766	3.5455836571756536
0.2030630990890589	3.094472100298283
0.21022410381342863	2.683211248151462
0.217637640824031	4.114763873524936
0.22531261565270758	3.365859926628086
0.23325824788420185	3.1507596890121774
0.24148408223121143	2.9363241703050074
0.25	2.7239255058106964
0.25881623096034434	2.5148459353977928
0.2679433656340733	2.3102679502464984
0.2773923680169612	2.111277955902343
0.2871745887492588	1.9188811999238367
0.29730177875068026	1.7340226430719878
0.307786103336229	1.557605937463314
0.31864015682981556	1.3905016303065116
0.32987697769322355	1.2335369380294305
0.3415100641885989	1.0874632714842767
0.3535533905932738	0.9529036926507389
0.3660214239864063	0.8302892760741816
0.37892914162759955	0.7197988394678547
0.3922920489483753	0.621318485852548
0.4061261981781178	0.5344344268506313
0.42044820762685725	0.4584648069746508
0.435275281648062	1.1314328138906067
0.45062523130541515	1.0209933094199275
0.4665164957684037	0.9397612390617349
0.48296816446242286	0.8625872492104665
0.5	0.7894207069906359
0.5176324619206888	0.720143359370274
0.5358867312681466	0.6545943295076911
0.5547847360339224	0.5925980433811863
0.5743491774985174	0.5339918082810254
0.5946035575013605	0.4786493552577477
0.6155722066724582	0.42649680845926624
0.6372803136596311	0.3775183736006409
0.6597539553864471	0.331750536827663
0.6830201283771977	0.28926555226200584
0.7071067811865476	0.2501471079351122
0.7320428479728127	0.21446279978991123
0.7578582832551991	0.18223890015524927
0.7845840978967507	0.1534425176104051
0.8122523963562355	0.1279745591783784
0.8408964152537145	0.1056742770645287
0.8705505632961241	0.3885150041715221
0.9012504626108303	0.3458718696312447
0.9330329915368074	0.3144960467273955
0.9659363289248455	0.28511869469475654
1.0	0.2576591634772205
