-1.0	0.0020723976303134045
-0.955219103952324	0.007595382807528956
-0.9124435365554808	0.02099645245048311
-0.8715834973956161	0.033880427741461314
-0.8325532074018732	0.046403198391123376
-0.7952707287670506	0.07565669444839543
-0.7596577929323739	0.09450660432675119
-0.7256396362752623	0.03617405191924353
-0.6931448431551465	0.01488928356674481
-0.6621051959878331	0.031026153011402775
-0.6324555320336759	0.03980500052311057
-0.6041336065988983	0.03426951459586245
-0.5770799623628854	0.04815281909837001
-0.5512378045571164	0.11790021475901145
-0.526552881733695	0.4600430206842913
-0.5029733718731741	1.0196289195617914
-0.48044977359257246	1.5841472169901025
-0.458934802225194	1.6148851556787984
-0.438383290554087	0.8852028147882549
-0.41875209399074625	0.5631027209220858
-0.4	0.13221291918160558
-0.38208764158092967	0.07004764608687956
-0.3649774146221923	0.14555698535023825
-0.34863339895824647	0.20743330962037035
-0.3330212829607492	0.08926729152844869
-0.31810829150682024	0.07565345592450319
-0.3038631171729496	0.5941586502051853
-0.2902558545101049	1.746584733973102
-0.2772579372620586	1.749597814833185
-0.2648420783951332	1.2305948955077721
-0.25298221281347033	1.5057349267294826
-0.24165344263955935	3.8504645130820583
-0.23083198494515414	7.590617971878414
-0.22049512182284653	8.566358704527044
-0.21062115269347795	9.16003003504348
-0.20118934874926966	13.455241959002445
-0.19217990943702903	55.82463481311512
-0.1835739208900776	68.98996077097782
-0.17535331622163478	23.81895082832072
-0.16750083759629847	12.12016839243462
-0.16000000000000003	4.498011963701236
-0.15283505663237187	1.353348431363111
-0.1459909658488769	0.633590385211166
-0.13945335958329858	0.5234997307500503
-0.1332085131842997	0.7439020469738742
-0.1272433166027281	3.6868378840308624
-0.12154524686917983	8.075615969396166
-0.11610234180404196	6.032741837864963
-0.11090317490482343	5.511934826312903
-0.10593683135805329	6.479970921738171
-0.10119288512538814	8.158833297165387
-0.09666137705582374	7.049338230548696
-0.09233279397806166	3.3187670108803298
-0.08819804872913861	1.2986622057802408
-0.08424846107739119	1.5962325377545306
-0.08047573949970786	4.965384279902035
-0.0768719637748116	3.061479941231036
-0.07342956835603104	1.4546995030315264
-0.07014132648865391	0.5634976971851992
-0.06700033503851939	0.9919337855038373
-0.064	0.8648405613200413
-0.06113402265294875	0.8840024621251823
-0.05839638633955079	0.874374600079764
-0.05578134383331941	2.1344450667046115
-0.05328340527371987	5.525368599729668
-0.05089732664109124	4.702844914137183
-0.04861809874767194	4.930134949958275
-0.0464409367216168	6.013902703304794
-0.04436126996192936	6.226053114359278
-0.04237473254322131	6.348430337790731
-0.040477154050155256	7.51044076290479
-0.038664550822329495	5.380313955759796
-0.03693311759122468	2.0388426143303926
-0.03527921949165543	1.7742654505649587
-0.03369938443095647	15.221810133056083
-0.03219029579988315	6.887317696667383
-0.030748785509924645	3.7686515100128224
-0.029371827342412428	2.4587796808436684
-0.028056530595461555	0.41147623465398486
-0.026800134015407755	0.44577700356026384
-0.0256	0.31809952906064
-0.0244536090611795	0.23273765668312615
-0.02335855453582032	1.3043400457599723
-0.022312537533327764	2.2615223352234923
-0.02131336210948795	0.7505144055515431
-0.020358930656436496	1.3483458755010171
-0.019447239499068774	3.8617385632626067
-0.018576374688646723	6.532614119942183
-0.017744507984771743	6.4606507112698655
-0.016949893017288525	5.801727622922195
-0.016190861620062103	6.672095917757223
-0.015465820328931797	15.64813548819301
-0.014773247036489872	23.732238601808977
-0.014111687796662173	15.238561888456784
-0.013479753772382589	6.799753003736316
-0.012876118319953259	5.338722068927436
-0.012299514203969858	5.381531360141081
-0.011748730936964972	5.513011038617209
-0.011222612238184621	0.04630092047388908
-0.010720053606163103	0.01119807987841135
-0.01024	0.0030896527070290824
-0.0097814436244718	0.1533508832813679
-0.009343421814328127	0.8364449856176381
-0.008925015013331105	0.3515229449603049
-0.00852534484379518	0.06079366196648314
-0.0081435722625746	0.6038266489339773
-0.00777889579962751	1.5133170293044178
-0.007430549875458688	2.133771021161557
-0.007097803193908697	5.0644974027435765
-0.00677995720691541	14.560457000552384
-0.006476344648024841	40.009788030121136
-0.006186328131572719	53.34728393938556
-0.005909298814595948	35.06406803553193
-0.005644675118664869	20.29701273455341
-0.005391901508953035	14.160171557968749
-0.005150447327981303	9.386595171253916
-0.004919805681587943	5.676730090579462
-0.004699492374785988	3.0902421401878137
-0.004489044895273848	0.007889293544733257
-0.004288021442465241	0.0009036462227487054
-0.004096	0.0020632424133505333
-0.00391257744978872	0.08609918927282337
-0.0037373687257312507	0.1923908527714202
-0.003570006005332442	0.038705038618329496
-0.003410137937518072	0.09769076344866075
-0.0032574289050298394	0.554147499829762
-0.0031115583198510037	1.4750371035267331
-0.002972219950183475	4.204766510469936
-0.0028391212775634787	13.383273352748523
-0.002711982882766164	44.2882055083219
-0.0025905378592099362	67.22899008060273
-0.0024745312526290877	44.39957823030882
-0.0023637195258383796	24.69487512888503
-0.0022578700474659478	16.882334405146302
-0.0021567606035812143	11.315606904271148
-0.0020601789311925213	6.738246017524909
-0.0019679222726351774	3.6233273429742425
-0.0018797969499143954	1.7781711189494918
-0.0017956179581095394	0.0005715977472412908
-0.0017152085769860962	4.5569709688349934e-5
-0.0016384	0.0008206211719377958
-0.0015650309799154867	0.02210224600768586
-0.0014949474902925003	0.031087303199036277
-0.001428002402132977	0.012806391854166758
-0.00136405517500723	0.10295096666351444
-0.001302971562011936	0.5595124638378652
-0.0012446233279404006	2.079565001669606
-0.00118888798007339	6.573046168015963
-0.0011356485110253914	25.269039143208573
-0.0010847931531064664	66.22270714642247
-0.0010362151436839745	64.94135842003547
-0.0009898125010516343	35.12127523111052
-0.0009454878103353518	22.06513948316918
-0.0009031480189863791	15.37418027979834
-0.0008627042414324864	9.696507144816374
-0.0008240715724770085	5.44154354201659
-0.0007871689090540703	2.7615353221213508
-0.0007519187799657582	1.2869066995512537
-0.0007182471832438158	5.719731163637355e-5
-0.0006860834307944391	4.095506496895005e-6
-0.00065536	0.0001944228888078761
-0.0006260123919661946	0.004221989424181007
-0.0005979789961170002	0.005460648755578934
-0.0005712009608531907	0.012901135600645076
-0.0005456220700028919	0.11477874054667198
-0.0005211886248047743	0.6474625968524508
-0.0004978493311761602	2.502841506574726
-0.0004755551920293561	8.27104775140721
-0.0004542594044101566	33.383232451956076
-0.0004339172612425866	73.9239650936597
-0.00041448605747358984	60.31775401544185
-0.0003959250004206537	31.97792258105534
-0.0003781951241341407	21.254587527635504
-0.00036125920759455163	14.636035632006505
-0.00034508169657299456	8.975236594978416
-0.0003296286289908034	4.902676700946689
-0.0003148675636216281	2.4255259873660857
-0.00030076751198630325	1.1037627275142952
-0.0002872988732975263	7.335460414467203e-6
-0.00027443337231777566	5.231967287667522e-7
-0.000262144	3.588494526536897e-5
-0.00025040495678647787	0.0007275796132743614
-0.00023919159844680004	0.001662081929703171
-0.00022848038434127632	0.014150017234961388
-0.00021824882800115678	0.12465467842343063
-0.00020847544992190972	0.7032505428395722
-0.0001991397324704641	2.709027914746866
-0.00019022207681174241	9.170178068865207
-0.00018170376176406263	37.28081391706758
-0.00017356690449703464	76.35797161613483
-0.00016579442298943594	58.023925830161076
-0.00015837000016826147	30.895597377251757
-0.0001512780496536563	20.94041983767235
-0.00014450368303782065	14.313615787136914
-0.00013803267862919782	8.675425659807125
-0.00013185145159632137	4.685853856104392
-0.00012594702544865125	2.293625560405608
-0.0001203070047945213	1.0332335002012332
-0.00011491954931901053	9.095651297135541e-7
-0.00010977334892711025	7.464775635844057e-8
-0.0001048576	6.826482511657752e-6
-0.00010016198271459114	0.00015349846044051326
-9.567663937872002e-5	0.0011393498747342655
-9.139215373651052e-5	0.014845787135317446
-8.72995312004627e-5	0.12986872208315167
-8.339017996876389e-5	0.729555532917991
-7.965589298818563e-5	2.799086593630446
-7.608883072469697e-5	9.577828234817236
-7.268150470562505e-5	38.951269341106844
-6.942676179881386e-5	77.20768930913263
-6.631776919577437e-5	57.06514318556011
-6.334800006730459e-5	30.50018540085756
-6.0511219861462516e-5	20.820254861660047
-5.780147321512826e-5	14.18421971416517
-5.521307145167913e-5	8.556336249358193
-5.274058063852855e-5	4.600413910264599
-5.03788101794605e-5	2.2420023965507565
-4.812280191780852e-5	1.0057890360985957
-4.596781972760421e-5	1.0279255330146627e-7
-4.39093395708441e-5	1.7344851690339852e-8
-4.194304e-5	1.869015558827315e-6
-4.006479308583646e-5	6.0183727862142394e-5
-3.8270655751488006e-5	0.0010732175475316032
-3.655686149460421e-5	0.015152663048534503
-3.491981248018508e-5	0.13215581149532252
-3.335607198750556e-5	0.7405988610654263
-3.1862357195274255e-5	2.8358876409534926
-3.043553228987879e-5	9.747774860742282
-2.9072601882250022e-5	39.631774593178044
-2.7770704719525543e-5	77.51657298780869
-2.652710767830975e-5	56.668926469088724
-2.5339200026921837e-5	30.34284732599096
-2.4204487944585006e-5	20.76902128599727
-2.3120589286051304e-5	14.129670357172332
-2.2085228580671653e-5	8.507193540840415
-2.109623225541142e-5	4.565558994718952
-2.01515240717842e-5	2.221102035483988
-1.9249120767123408e-5	0.9947393771258307
-1.8387127891041685e-5	5.875913144503884e-9
-1.756373582833764e-5	1.0304607359408117e-8
-1.6777216e-5	1.1148739724424025e-6
-1.6025917234334584e-5	4.639031651403141e-5
-1.5308262300595205e-5	0.0010699406065375328
-1.4622744597841684e-5	0.015279553420331004
-1.3967924992074034e-5	0.13309977836015147
-1.3342428795002223e-5	0.7450732965719933
-1.2744942878109702e-5	2.850630931053699
-1.2174212915951514e-5	9.816537242896334
-1.1629040752900008e-5	39.90433082820829
-1.1108281887810218e-5	77.63188700491447
-1.0610843071323899e-5	56.50622736131198
-1.0135680010768735e-5	30.27889457718122
-9.681795177834002e-6	20.74725288684108
-9.248235714420522e-6	14.106890266973881
-8.834091432268661e-6	8.486988108129506
-8.438492902164567e-6	4.55134447201043
-8.06060962871368e-6	2.212622357175872
-7.699648306849364e-6	0.9902726546810268
-7.354851156416673e-6	4.568069583436094e-10
-7.025494331335056e-6	9.857388362714316e-9
-6.7108864e-6	1.0208546572251153e-6
-6.4103668937338335e-6	4.474770900102875e-5
-6.123304920238081e-6	0.0010723122249460572
-5.849097839136674e-6	0.015330346881405292
-5.587169996829613e-6	0.1334765760291156
-5.336971518000889e-6	0.7468408554420591
-5.09797715124388e-6	2.8564110949802903
-4.869685166380606e-6	9.843754407050431
-4.651616301160004e-6	40.011701906275746
-4.443312755124087e-6	77.67329952932154
-4.24433722852956e-6	56.43797720090299
-4.054272004307494e-6	30.251812468293846
-3.872718071133601e-6	20.73742570191036
-3.6992942857682087e-6	14.096999623800437
-3.533636572907464e-6	8.478440512417793
-3.375397160865827e-6	4.545411623961463
-3.2242438514854718e-6	2.2091120483993483
-3.0798593227397456e-6	0.9884338444143981
-2.9419404625666695e-6	3.4596127392445777e-9
-2.8101977325340225e-6	1.0047212116437044e-8
-2.68435456e-6	1.0171712736945232e-6
-2.5641467574935333e-6	4.47162408243897e-5
-2.4493219680952324e-6	0.001073806814292123
-2.3396391356546694e-6	0.01535002759587116
-2.2348679987318455e-6	0.13362152598412735
-2.1347886072003556e-6	0.7475124432258059
-2.0391908604975524e-6	2.858581616192636
-1.9478740665522424e-6	9.854173662016247
-1.8606465204640015e-6	40.05266230673631
-1.7773251020496348e-6	77.68568094439561
-1.697734891411824e-6	56.407631160233606
-1.6217088017229976e-6	30.23938056655709
-1.5490872284534404e-6	20.732385898753275
-1.4797177143072835e-6	14.092283903896863
-1.4134546291629856e-6	8.474563185879903
-1.3501588643463309e-6	4.542792166629821
-1.2896975405941886e-6	2.2075879983650957
-1.2319437290958982e-6	0.9876445983585428
-1.1767761850266678e-6	5.474515891565119e-9
-1.1240790930136089e-6	1.0180958147082669e-8
-1.073741824e-6	1.0211431156376052e-6
-1.0256587029974134e-6	4.480257268882612e-5
-9.797287872380915e-7	0.0010744475871036483
-9.358556542618692e-7	0.015357153189966192
-8.939471994927382e-7	0.13367291737643966
-8.539154428801423e-7	0.7477434315295769
-8.156763441990209e-7	2.859303997006405
-7.791496266208957e-7	9.857843588181593
-7.442586081856018e-7	40.06699949466573
-7.109300408198538e-7	77.6865218091498
-6.790939565647296e-7	56.392455147310386
-6.48683520689199e-7	30.23278749238903
-6.196348913813751e-7	20.72925921158837
-5.918870857229143e-7	14.089638701952952
-5.653818516651943e-7	8.472553541991752
-5.400635457385323e-7	4.541497313129736
-5.158790162376754e-7	2.206857779057564
-4.927774916383585e-7	0.9872747218171762
-4.707104740106679e-7	6.408585496331788e-9
-4.496316372054436e-7	1.024319272139985e-8
-4.294967296e-7	1.0235679148333181e-6
-4.1026348119896534e-7	4.485117503553286e-5
-3.9189151489523657e-7	0.0010746661165200837
-3.743422617047477e-7	0.015359238587441927
-3.575788797970953e-7	0.1336867489082923
-3.415661771520569e-7	0.7477977965829038
-3.262705376796084e-7	2.8594463153953043
-3.1165985064835826e-7	9.858808543549824
-2.977034432742407e-7	40.07067610237064
-2.8437201632794157e-7	77.68275309703752
-2.7163758262589184e-7	56.383344349340135
-2.594734082756796e-7	30.228524562410097
-2.478539565525501e-7	20.726896218860105
-2.3675483428916573e-7	14.0878209153465
-2.261527406660777e-7	8.471290353699732
-2.1602541829541292e-7	4.540731875446988
-2.0635160649507018e-7	2.2064448310334903
-1.971109966553434e-7	0.9870724492890093
-1.8828418960426715e-7	6.801944562666926e-9
-1.7985265488217743e-7	1.0269044013184194e-8
-1.7179869184e-7	1.0246310281864142e-6
-1.6410539247958613e-7	4.48710348053311e-5
-1.5675660595809464e-7	0.001074702776727291
-1.497369046818991e-7	0.015359304841293879
-1.430315519188381e-7	0.13368553308711706
-1.3662647086082276e-7	0.7477814413619288
-1.3050821507184335e-7	2.8593564399661244
-1.246639402593433e-7	9.858690538892171
-1.1908137730969629e-7	40.070086028642024
-1.1374880653117662e-7	77.67713987871089
-1.0865503305035673e-7	56.37665770610855
-1.0378936331027184e-7	30.22519212361237
-9.914158262102003e-8	20.72483801428859
-9.47019337156663e-8	14.086333659194281
-9.046109626643109e-8	8.470325455099777
-8.641016731816518e-8	4.540178027922352
-8.254064259802807e-8	2.2061586953077503
-7.884439866213736e-8	0.9869371701453964
-7.531367584170686e-8	6.961966316243278e-9
-7.194106195287098e-8	1.0279113110903018e-8
-6.8719476736e-8	1.0250296998090359e-6
-6.564215699183446e-8	4.487719834293529e-5
-6.270264238323785e-8	0.0010746645997485329
-5.989476187275963e-8	0.015358562918985975
-5.721262076753524e-8	0.1336782942693841
-5.46505883443291e-8	0.7477367845947236
-5.220328602873734e-8	2.85917365088404
-4.9865576103737325e-8	9.858139164935238
-4.763255092387851e-8	40.067788728779256
-4.549952261247065e-8	77.67078824807288
-4.346201322014269e-8	56.37093996916446
-4.1515745324108734e-8	30.22223142711875
-3.965663304840801e-8	20.722901491594243
-3.788077348626652e-8	14.084978458617964
-3.618443850657244e-8	8.469479770362085
-3.456406692726607e-8	4.539708757119575
-3.301625703921123e-8	2.2059232532439306
-3.1537759464854944e-8	0.9868286732263961
-3.012547033668274e-8	7.026017121027019e-9
-2.877642478114839e-8	1.0282677797931096e-8
-2.74877906944e-8	1.0251431923951317e-6
-2.6256862796733782e-8	4.487752728187346e-5
-2.508105695329514e-8	0.001074596151415118
-2.3957904749103853e-8	0.015357497665826112
-2.2885048307014098e-8	0.1336686457807647
-2.186023533773164e-8	0.7476808059321969
-2.0881314411494936e-8	2.8589536935279307
-1.994623044149493e-8	9.8574144243221
-1.9053020369551404e-8	40.06480847813777
-1.819980904498826e-8	77.66414114395064
-1.7384805288057076e-8	56.36560963858366
-1.6606298129643494e-8	30.21941935000303
-1.5862653219363203e-8	20.72101360729235
-1.5152309394506606e-8	14.083676056264034
-1.4473775402628974e-8	8.46868175452592
-1.3825626770906428e-8	4.539273306833296
-1.3206502815684493e-8	2.2057080830804283
-1.2615103785941977e-8	0.9867308864216201
-1.2050188134673098e-8	7.051292246712384e-9
-1.1510569912459357e-8	1.028361200000844e-8
-1.099511627776e-8	1.0251394296754661e-6
-1.0502745118693512e-8	4.487546403542379e-5
-1.0032422781318056e-8	0.0010745155423179935
-9.58316189964154e-9	0.015356303113143675
-9.154019322805639e-9	0.1336580337153339
-8.744094135092657e-9	0.7476203003438056
-8.352525764597973e-9	2.858718876146303
-7.978492176597972e-9	9.85662036070122
-7.621208147820563e-9	40.06155514087092
-7.279923617995304e-9	77.65737601685437
-6.95392211522283e-9	56.360434373797474
-6.642519251857398e-9	30.216666782270323
-6.345061287745282e-9	20.719145225867198
-6.060923757802643e-9	14.082394805331834
-5.78951016105159e-9	8.467902825072573
-5.530250708362571e-9	4.538851394561696
-5.282601126273797e-9	2.2055010263066683
-5.046041514376791e-9	0.9866373856710099
-4.820075253869239e-9	7.061008601114917e-9
-4.6042279649837425e-9	1.028349018671079e-8
-4.398046511104e-9	1.02508822781642e-6
-4.201098047477405e-9	4.487243416050991e-5
-4.012969112527222e-9	0.0010744300635247988
-3.833264759856617e-9	0.01535505689623832
-3.6616077291222557e-9	0.13364703670831107
-3.497637654037063e-9	0.7475579867757999
-3.3410103058391895e-9	2.8584781255436815
-3.191396870639189e-9	9.855798604679471
-3.0484832591282247e-9	40.058192717079855
-2.9119694471981214e-9	77.65056396833111
-2.7815688460891322e-9	56.35532134501626
-2.657007700742959e-9	30.213938133520568
-2.5380245150981126e-9	20.717284726069472
-2.4243695031210573e-9	14.081122069944529
-2.3158040644206357e-9	8.46713156332428
-2.2121002833450285e-9	4.538434915309286
-2.113040450509519e-9	2.205297223564441
-2.0184166057507163e-9	0.9865456032306057
-1.9280301015476955e-9	7.064499042106417e-9
-1.841691185993497e-9	1.028294568368115e-8
-1.7592186044416e-9	1.0250179557451945e-6
-1.6804392189909622e-9	4.4869016005690846e-5
-1.605187645010889e-9	0.0010743426394670959
-1.5333059039426467e-9	0.015353790075965573
-1.4646430916489022e-9	0.1336358862751244
-1.3990550616148251e-9	0.7474949531420918
-1.3364041223356758e-9	2.858235013749472
-1.2765587482556754e-9	9.854965813097408
-1.2193933036512899e-9	40.05478682726003
-1.1647877788792485e-9	77.64373348908522
-1.1126275384356529e-9	56.3502334631786
-1.0628030802971836e-9	30.211219188616234
-1.015209806039245e-9	20.7154274725496
-9.697478012484228e-10	14.079852804905293
-9.263216257682543e-10	8.466363407537418
-8.848401133380114e-10	4.53802063026734
-8.452161802038075e-10	2.2050947327165997
-8.073666423002865e-10	0.9864545127462676
-7.712120406190783e-10	7.065500882851689e-9
-7.366764743973988e-10	1.0282232210536677e-8
-7.0368744177664e-10	1.0249400390747295e-6
-6.721756875963849e-10	4.4865442344624266e-5
-6.420750580043556e-10	0.0010742544413939656
-6.133223615770587e-10	0.015352515078938958
-5.858572366595609e-10	0.1336246750433067
-5.5962202464593e-10	0.7474316347329855
-5.345616489342703e-10	2.8579909700774015
-5.106234993022702e-10	9.85412865041323
-4.877573214605159e-10	40.051363727556264
-4.659151115516994e-10	77.6368959955749
-4.450510153742612e-10	56.34515590973368
-4.2512123211887347e-10	30.20850426979495
-4.06083922415698e-10	20.71357161639891
-3.878991204993691e-10	14.07858499578635
-3.7052865030730173e-10	8.465596535297966
-3.5393604533520453e-10	4.537607245183088
-3.38086472081523e-10	2.2048927775476015
-3.229466569201146e-10	0.9863637039719186
-3.084848162476313e-10	7.065508448587961e-9
-2.9467058975895954e-10	1.0281451247900434e-8
-2.81474976710656e-10	1.024859063564028e-6
-2.688702750385539e-10	4.486180657233143e-5
-2.568300232017422e-10	0.0010741659381249668
-2.453289446308235e-10	0.015351236876684677
-2.3434289466382435e-10	0.13361344007218592
-2.23848809858372e-10	0.7473682057141843
-2.1382465957370812e-10	2.8577465664536343
-2.0424939972090808e-10	9.853289783085108
-1.951029285842064e-10	40.04793392355938
-1.8636604462067977e-10	77.63005606243695
-1.7802040614970448e-10	56.34008276404085
-1.700484928475494e-10	30.205791109224116
-1.624335689662792e-10	20.71171642011753
-1.5515964819974767e-10	14.077317838254082
-1.4821146012292068e-10	8.464830218537148
-1.4157441813408183e-10	4.53719424285332
-1.352345888326092e-10	2.2046910478211608
-1.2917866276804584e-10	0.9862730129244389
-1.2339392649905252e-10	7.0651188533886915e-9
-1.178682359035838e-10	1.0280643357993674e-8
-1.125899906842624e-10	1.0247768670822776e-6
-1.0754811001542157e-10	4.4858146112488885e-5
-1.027320092806969e-10	0.0010740773172657843
-9.813157785232939e-11	0.015349957458101424
-9.373715786552974e-11	0.13360219618833638
-8.953952394334881e-11	0.7473047357696345
-8.552986382948326e-11	2.8575020317220345
-8.169975988836323e-11	9.85245027794074
-7.804117143368256e-11	40.04450161867565
-7.45464178482719e-11	77.62321552269199
-7.120816245988178e-11	56.33501166056192
-6.801939713901976e-11	30.203078801078043
-6.497342758651168e-11	20.709861589529602
-6.206385927989906e-11	14.07605101115285
-5.928458404916827e-11	8.464064166390248
-5.662976725363273e-11	4.53678141659925
-5.409383553304368e-11	2.2044894195449047
-5.167146510721834e-11	0.9861823740579164
-4.935757059962101e-11	7.06457065284763e-9
-4.714729436143352e-11	1.0279824750343994e-8
-4.503599627370496e-11	1.0246941857869649e-6
-4.301924400616863e-11	4.4854475953168256e-5
-4.1092803712278756e-11	0.0010739886538818477
-3.925263114093175e-11	0.01534867761885245
-3.7494863146211896e-11	0.13359094932343257
-3.581580957733952e-11	0.7472412527795519
-3.42119455317933e-11	2.8572574574481493
-3.2679903955345294e-11	9.85161056180786
-3.121646857347302e-11	40.04106849473927
-2.9818567139308763e-11	77.61637511079236
-2.8483264983952715e-11	56.329941654132256
-2.7207758855607903e-11	30.200366983534607
-2.5989371034604672e-11	20.7080070072891
-2.4825543711959625e-11	14.074784386248862
-2.371383361966731e-11	8.463298262655131
-2.265190690145309e-11	4.536368683829828
-2.163753421321747e-11	2.204287843162551
-2.0668586042887337e-11	0.9860917611728565
-1.9743028239848403e-11	7.0639591394614235e-9
-1.8858917744573408e-11	1.0279001901820055e-8
-1.8014398509481985e-11	1.0246113145214526e-6
-1.720769760246745e-11	4.4850802096735465e-5
-1.6437121484911504e-11	0.0010738999780131112
-1.5701052456372703e-11	0.015347397677305561
-1.4997945258484758e-11	0.1335797018510047
-1.4326323830935808e-11	0.7471777679006429
-1.368477821271732e-11	2.8570128802751977
-1.3071961582138117e-11	9.85077080547209
-1.2486587429389208e-11	40.03763522470676
-1.1927426855723505e-11	77.60953512099941
-1.1393305993581086e-11	56.32487236705007
-1.0883103542243161e-11	30.197655512036043
-1.039574841384187e-11	20.70615262656165
-9.93021748478385e-12	14.073517912316508
-9.485533447866924e-12	8.462532460890683
-9.060762760581236e-12	4.535956011529362
-8.65501368528699e-12	2.204086298861415
-8.267434417154934e-12	0.9860011637937477
-7.897211295939361e-12	7.063322370839818e-9
-7.543567097829363e-12	1.0278177399831721e-8
-7.205759403792793e-12	1.024528371345593e-6
-6.88307904098698e-12	4.4847126946306324e-5
-6.5748485939646015e-12	0.0010738113016750652
-6.28042098254908e-12	0.015346117760779565
-5.9991781033939035e-12	0.133568454720289
-5.7305295323743236e-12	0.7471142855950307
-5.473911285086928e-12	2.8567683148597505
-5.228784632855247e-12	9.849931077247687
-4.9946349717556835e-12	40.0342020777927
-4.770970742289403e-12	77.60269567118218
-4.557322397432434e-12	56.319803648401745
-4.3532414168972644e-12	30.194944328839735
-4.1582993655367474e-12	20.704298428666455
-3.97208699391354e-12	14.072251568906214
-3.794213379146769e-12	8.46176674254803
-3.6243051042324945e-12	4.53554338650799
-3.4620054741147955e-12	2.2038847787251203
-3.3069737668619735e-12	0.9859105777346122
-3.1588845183757443e-12	7.062675548700158e-9
-3.0174268391317456e-12	1.0277352278165009e-8
-2.8823037615171173e-12	1.0244454035343371e-6
-2.753231616394792e-12	4.4843451464054594e-5
-2.6299394375858407e-12	0.001073722629674486
-2.512168393019632e-12	0.015344837920198959
-2.399671241357561e-12	0.13355720831097054
-2.2922118129497296e-12	0.7470508076475662
-2.1895645140347714e-12	2.8565237670645267
-2.091513853142099e-12	9.849091404455905
-1.9978539887022734e-12	40.03076916166124
-1.908388296915761e-12	77.59585680851927
-1.8229289589729738e-12	56.31473543788707
-1.7412965667589057e-12	30.192233410875925
-1.663319746214699e-12	20.702444406143634
-1.588834797565416e-12	14.070985347846799
-1.5176853516587079e-12	8.46100110021336
-1.4497220416929979e-12	4.535130803493098
-1.3848021896459183e-12	2.203683279588897
-1.3227895067447895e-12	0.9858200013219021
-1.2635538073502978e-12	7.062024752055163e-9
-1.2069707356526982e-12	1.0276526950292918e-8
-1.152921504606847e-12	1.0243624300215769e-6
-1.1012926465579169e-12	4.4839776035311575e-5
-1.0519757750343362e-12	0.001073633963935641
-1.004867357207853e-12	0.015343558175947977
-9.598684965430246e-13	0.1335459627750275
-9.168847251798917e-13	0.746987334772689
-8.758258056139085e-13	2.8562792392363057
-8.366055412568395e-13	9.848251798035776
-7.991415954809093e-13	40.02733651942566
-7.633553187663044e-13	77.58901855190274
-7.291715835891894e-13	56.309667711356
-6.965186267035623e-13	30.189522748904327
-6.653278984858797e-13	20.700590556005213
-6.355339190261664e-13	14.069719245866354
-6.070741406634831e-13	8.460235530918265
-5.798888166771992e-13	4.534718260373722
-5.539208758583673e-13	2.2034818001856973
-5.291158026979158e-13	0.9857294338856097
-5.054215229401191e-13	7.0613724023408326e-9
-4.827882942610793e-13	1.0275701580972703e-8
-4.611686018427388e-13	1.024279458366349e-6
-4.405170586231682e-13	4.483610081392966e-5
-4.207903100137345e-13	0.0010735453052277675
-4.0194694288314114e-13	0.015342278536177254
-3.839473986172086e-13	0.1335347181732375
-3.667538900719567e-13	0.7469238672559481
-3.5033032224556456e-13	2.856034732312582
-3.346422165027358e-13	9.847412262357274
-3.1965663819236375e-13	40.02390416830364
-3.0534212750652074e-13	77.58218090885468
-2.916686334356758e-13	56.30460045913462
-2.7860745068142583e-13	30.186812339220022
-2.6613115939435187e-13	20.69873687704683
-2.5421356761046654e-13	14.068453261649378
-2.4282965626539245e-13	8.459470033470883
-2.3195552667087964e-13	4.534305756303134
-2.2156835034334765e-13	2.203280340007657
-2.116463210791663e-13	0.9856388751571996
-2.0216860917604765e-13	7.060719473251865e-9
-1.9311531770443107e-13	1.0274876236417271e-8
-1.8446744073709553e-13	1.0241964916014662e-6
-1.7620682344926728e-13	4.483242586160563e-5
-1.683161240054938e-13	0.0010734566538572745
-1.6077877715325645e-13	0.015340999004127715
-1.5357895944688342e-13	0.1335234745297211
-1.467015560287827e-13	0.7468604052108565
-1.4013212889822583e-13	2.8557902466665808
-1.3385688660109433e-13	9.84657279916225
-1.278626552769455e-13	40.02047211516526
-1.221368510026083e-13	77.57534388235369
-1.1666745337427032e-13	56.2995336773337
-1.1144298027257033e-13	30.184102180329887
-1.0645246375774074e-13	20.696883368782842
-1.0168542704418663e-13	14.06718739466838
-9.713186250615699e-14	8.458704607395221
-9.278221066835187e-14	4.533893290943009
-8.862734013733905e-14	2.2030788988516834
-8.465852843166653e-14	0.9855483250294835
-8.086744367041906e-14	7.0600663507177956e-9
-7.724612708177243e-14	1.0274050942982238e-8
-7.378697629483821e-14	1.0241135309811683e-6
-7.048272937970691e-14	4.482875120378435e-5
-6.732644960219751e-14	0.0010733680099486314
-6.431151086130258e-14	0.015339719581109813
-6.143158377875337e-14	0.13351223185425115
-5.868062241151308e-14	0.7467969486831871
-5.605285155929033e-14	2.855545782447985
-5.354275464043773e-14	9.845733409146446
-5.11450621107782e-14	40.01704036274193
-4.885474040104332e-14	77.56850747356494
-4.666698134970813e-14	56.294467364381305
-4.457719210902813e-14	30.18139227162483
-4.2580985503096294e-14	20.69503003100518
-4.067417081767465e-14	14.065921644700781
-3.8852745002462796e-14	8.457939252492176
-3.711288426734074e-14	4.533480864153087
-3.545093605493562e-14	2.2028774766341113
-3.386341137266661e-14	0.9854577834582797
-3.2346977468167627e-14	7.059413184153389e-9
-3.089845083270897e-14	1.0273225710833817e-8
-2.951479051793528e-14	1.0240305769640796e-6
-2.8193091751882763e-14	4.4825076849832594e-5
-2.6930579840879007e-14	0.0010732793735497828
-2.5724604344521032e-14	0.015338440267633391
-2.4572633511501348e-14	0.1335009901506163
-2.347224896460523e-14	0.7467334976906576
-2.2421140623716132e-14	2.8553013397147415
-2.141710185617509e-14	9.844894092584267
-2.045802484431128e-14	40.01360891211751
-1.9541896160417327e-14	77.56167168291711
-1.866679253988325e-14	56.28940151960898
-1.7830876843611252e-14	30.178682612843456
-1.7032394201238517e-14	20.693176863622142
-1.626966832706986e-14	14.064656011652744
-1.5541098000985117e-14	8.457173968679712
-1.48451537069363e-14	4.533068475876131
-1.4180374421974249e-14	2.202676073320937
-1.3545364549066645e-14	0.9853672504257456
-1.293879098726705e-14	7.058760037313379e-9
-1.235938033308359e-14	1.0272400544204894e-8
-1.1805916207174113e-14	1.0239476297151371e-6
-1.1277236700753106e-14	4.482140280307336e-5
-1.0772231936351603e-14	0.0010731907446764135
-1.0289841737808413e-14	0.015337161063861177
-9.82905340460054e-15	0.13348974942001934
-9.388899585842092e-15	0.7466700522388671
-8.968456249486452e-15	2.855056918485223
-8.566840742470036e-15	9.844054849570465
-8.183209937724512e-15	40.0101777636791
-7.816758464166932e-15	77.5548365105392
-7.466717015953301e-15	56.284336142744216
-7.1323507374445e-15	30.175973203878968
-6.8129576804954076e-15	20.69132386659703
-6.507867330827944e-15	14.063390495489685
-6.216439200394047e-15	8.45640875592871
-5.938061482774519e-15	4.532656126092137
-5.672149768789699e-15	2.20247468890044
-5.418145819626658e-15	0.9852767259257732
-5.17551639490682e-15	7.0581069371613955e-9
-4.9437521332334355e-15	1.027157544510057e-8
-4.722366482869645e-15	1.023864689389539e-6
-4.5108946803012425e-15	4.481772906661069e-5
-4.308892774540641e-15	0.00107310212334169
-4.1159366951233654e-15	0.015335881969924902
-3.9316213618402156e-15	0.13347850966342348
-3.755559834336837e-15	0.7466066123322133
-3.587382499794581e-15	2.854812518773097
-3.4267362969880147e-15	9.84321568015798
-3.273283975089805e-15	40.006746917606975
-3.1267033856667727e-15	77.54800195646797
-2.98668680638132e-15	56.27927123363523
-2.8529402949778004e-15	30.173264044660613
-2.725183072198163e-15	20.689471039889174
-2.6031469323311777e-15	14.062125096173524
-2.486575680157619e-15	8.455643614208963
-2.3752245931098076e-15	4.532243814781163
-2.2688599075158797e-15	2.2022733233611724
-2.1672583278506632e-15	0.98518620995249
-2.070206557962728e-15	7.0574538958607384e-9
-1.977500853293374e-15	1.0270750414154574e-8
-1.8889465931478582e-15	1.0237817559443401e-6
-1.8043578721204968e-15	4.4814055639624826e-5
-1.7235571098162564e-15	0.0010730135095436966
-1.646374678049346e-15	0.015334602985808837
-1.5726485447360863e-15	0.13346727088069948
-1.5022239337347346e-15	0.7465431779700291
-1.4349529999178325e-15	2.8545681405762293
-1.3706945187952058e-15	9.842376584350262
-1.3093135900359219e-15	40.003316373935455
-1.250681354266709e-15	77.54116802066753
-1.194674722552528e-15	56.27420679219209
-1.1411761179911202e-15	30.170555135151965
-1.0900732288792651e-15	20.68761838348557
-1.041258772932471e-15	14.060859813696968
-9.946302720630475e-16	8.45487854351644
-9.50089837243923e-16	4.5318315419412345
-9.075439630063519e-16	2.2020719767022525
-8.669033311402652e-16	0.9850957025055361
-8.280826231850911e-16	7.056800906472947e-9
-7.910003413173497e-16	1.0269925451049635e-8
-7.555786372591432e-16	1.0236988294194566e-6
-7.217431488481988e-16	4.481038252288605e-5
-6.894228439265025e-16	0.001072924903284804
-6.585498712197385e-16	0.015333324111532667
-6.290594178944345e-16	0.1334560330719796
-6.008895734938939e-16	0.7464797491528297
-5.73981199967133e-16	2.8543237838958695
-5.482778075180824e-16	9.841537562150798
-5.237254360143688e-16	39.999886132668124
-5.002725417066836e-16	77.53433470309938
-4.778698890210112e-16	56.269142818361225
-4.56470447196448e-16	30.167846475323607
-4.3602929155170605e-16	20.685765897365368
-4.165035091729884e-16	14.05959464804335
-3.9785210882521903e-16	8.454113543839519
-3.800359348975692e-16	4.5314193075652724
-3.6301758520254075e-16	2.201870648919851
-3.467613324561061e-16	0.9850052035830359
-3.3123304927403646e-16	7.056147982743637e-9
-3.1640013652693987e-16	1.0269100556630096e-8
-3.0223145490365727e-16	1.0236159098334246e-6
-2.886972595392795e-16	4.480670971671898e-5
-2.7576913757060103e-16	0.001072836304564589
-2.634199484878954e-16	0.0153320453470856
-2.516237671577738e-16	0.13344479623716876
-2.4035582939755756e-16	0.746416325880084
-2.295924799868532e-16	2.854079448729977
-2.1931112300723293e-16	9.840698613554101
-2.094901744057475e-16	39.996456193784056
-2.0010901668267343e-16	77.52750200370293
-1.911479556084045e-16	56.26407931208746
-1.8258817887857923e-16	30.165138065148852
-1.7441171662068243e-16	20.683913581512233
-1.6660140366919535e-16	14.058329599201619
-1.591408435300876e-16	8.453348615171489
-1.5201437395902768e-16	4.531007111649657
-1.452070340810163e-16	2.2016693400122054
-1.3870453298244244e-16	0.9849147131841905
-1.3249321970961458e-16	7.055495119312363e-9
-1.2656005461077595e-16	1.026827573050979e-8
-1.208925819614629e-16	1.0235329971560086e-6
-1.154789038157118e-16	4.4803037220532094e-5
-1.1030765502824041e-16	0.0010727477133811452
-1.0536797939515815e-16	0.015330766692448823
-1.0064950686310952e-16	0.13343356037611195
-9.614233175902302e-17	0.746352908150984
-9.183699199474127e-17	2.853835135075634
-8.772444920289317e-17	9.83985973854924
-8.379606976229901e-17	39.99302655724108
-8.004360667306938e-17	77.52066992242311
-7.645918224336179e-17	56.259016273344585
-7.303527155143169e-17	30.162429904611148
-6.976468664827297e-17	20.68206143591345
-6.664056146767815e-17	14.057064667163724
-6.365633741203505e-17	8.452583757507927
-6.080574958361107e-17	4.53059495419222
-5.808281363240652e-17	2.201468049978353
-5.5481813192976974e-17	0.9848242313086137
-5.299728788384584e-17	7.054842318605005e-9
-5.0624021844310384e-17	1.0267450972855347e-8
-4.835703278458517e-17	1.0234500913948083e-6
-4.619156152628472e-17	4.479936503447874e-5
-4.4123062011296164e-17	0.0010726591297351344
-4.2147191758063264e-17	0.015329488147627308
-4.025980274524381e-17	0.13342232548883448
-3.8456932703609207e-17	0.7462894959655476
-3.673479679789651e-17	2.853590842932549
-3.508977968115727e-17	9.83902093713587
-3.3518427904919603e-17	39.98959722303336
-3.201744266922775e-17	77.51383845920759
-3.058367289734472e-17	56.25395370207252
-2.9214108620572674e-17	30.15972199368056
-2.790587465930919e-17	20.68020946054993
-2.6656224587071258e-17	14.055799851915403
-2.5462534964814016e-17	8.451818970839373
-2.432229983344443e-17	4.530182835187466
-2.3233125452962608e-17	2.201266778815409
-2.2192725277190788e-17	0.9847337579549246
-2.1198915153538333e-17	7.054189580520756e-9
-2.0249608737724152e-17	1.0266626283708999e-8
-1.9342813113834068e-17	1.0233671925795467e-6
-1.8476624610513888e-17	4.479569315908598e-5
-1.7649224804518467e-17	0.0010725705536262775
-1.6858876703225304e-17	0.015328209712609996
-1.6103921098097522e-17	0.13341109157523628
-1.5382773081443683e-17	0.7462260893232235
-1.4693918719158603e-17	2.8533465722985993
-1.4035911872462908e-17	9.83818220930612
-1.340737116196784e-17	39.98616819112808
-1.28069770676911e-17	77.50700761400228
-1.2233469158937888e-17	56.2488915982366
-1.1685643448229071e-17	30.15701433233714
-1.1162349863723676e-17	20.67835765540686
-1.0662489834828503e-17	14.05453515344653
-1.0185013985925606e-17	8.45105425515976
-9.728919933377772e-18	4.529770754632108
-9.293250181185044e-18	2.2010655265217856
-8.877090110876316e-18	0.9846432931224148
-8.479566061415333e-18	7.053536903914072e-9
-8.099843495089662e-18	1.0265801662909622e-8
-7.737125245533627e-18	1.0232843006597993e-6
-7.390649844205555e-18	4.479202159341523e-5
-7.059689921807386e-18	0.0010724819850533108
-6.743550681290122e-18	0.015326931387389945
-6.441568439239009e-18	0.13339985863525305
-6.153109232577473e-18	0.7461626882236142
-5.877567487663442e-18	2.853102323172237
-5.6143647489851634e-18	9.837343555059295
-5.362948464787136e-18	39.9827394615281
-5.12279082707644e-18	77.5001773867525
-4.893387663575155e-18	56.24382996176082
-4.674257379291628e-18	30.154306920546023
-4.46493994548947e-18	20.676506020465983
-4.264995933931401e-18	14.053270571744774
-4.074005594370243e-18	8.450289610461375
-3.891567973351109e-18	4.529358712521873
-3.7173000724740175e-18	2.2008642930953326
-3.550836044350526e-18	0.9845528368100895
-3.3918264245661336e-18	7.052884287524601e-9
-3.2399373980358644e-18	1.0264977110471672e-8
-3.0948500982134505e-18	1.0232014156836036e-6
3.0948500982134505e-18	0.0252361154877811
3.2399373980358644e-18	0.0012466928180421054
3.3918264245661336e-18	3.0222837914538267e-5
3.550836044350526e-18	0.0005124097035795961
3.7173000724740175e-18	0.0023217501658512746
3.891567973351109e-18	0.010020135033527314
4.074005594370243e-18	0.04058840957368159
4.264995933931401e-18	0.15191539449409203
4.46493994548947e-18	0.5162284845505096
4.674257379291628e-18	1.5615308090088746
4.893387663575155e-18	4.112643046914205
5.12279082707644e-18	9.202297614443353
5.362948464787136e-18	17.24983611218107
5.6143647489851634e-18	32.740084678173815
5.877567487663442e-18	78.06329137525384
6.153109232577473e-18	77.90652318247484
6.441568439239009e-18	22.367000404838105
6.743550681290122e-18	6.315632518645829
7.059689921807386e-18	1.6646797608119497
7.390649844205555e-18	0.2713253020022159
7.737125245533627e-18	0.025238486761545442
8.099843495089662e-18	0.0012468112621186632
8.479566061415333e-18	3.0225742248359594e-5
8.877090110876316e-18	0.0005124516832360012
9.293250181185044e-18	0.002321941460202744
9.728919933377772e-18	0.010020965641330556
1.0185013985925606e-17	0.04059179542063352
1.0662489834828503e-17	0.1519281506546277
1.1162349863723676e-17	0.5162721287831294
1.1685643448229071e-17	1.5616637685995534
1.2233469158937888e-17	4.112995820092007
1.28069770676911e-17	9.203093017764472
1.340737116196784e-17	17.251336802424202
1.4035911872462908e-17	32.74291621299068
1.4693918719158603e-17	78.07009072217589
1.5382773081443683e-17	77.91355735509613
1.6103921098097522e-17	22.36905668892544
1.6858876703225304e-17	6.316208788427183
1.7649224804518467e-17	1.6648329354721414
1.8476624610513888e-17	0.271350526166314
1.9342813113834068e-17	0.02524085826357673
2.0249608737724152e-17	0.0012469297177191954
2.1198915153538333e-17	3.0228646867924103e-5
2.2192725277190788e-17	0.0005124936664371667
2.3233125452962608e-17	0.002322132770793884
2.432229983344443e-17	0.01002179632005468
2.5462534964814016e-17	0.0405951815584234
2.6656224587071258e-17	0.15194090791775822
2.790587465930919e-17	0.5163157768127876
2.9214108620572674e-17	1.5617967398361376
3.058367289734472e-17	4.113348624387148
3.201744266922775e-17	9.203888491759209
3.3518427904919603e-17	17.252837626852184
3.508977968115727e-17	32.74574799966729
3.673479679789651e-17	78.07689067734107
3.8456932703609207e-17	77.92059217891155
4.025980274524381e-17	22.371113166889515
4.2147191758063264e-17	6.31678511213817
4.4123062011296164e-17	1.6649861245808697
4.619156152628472e-17	0.2713757527333292
4.835703278458517e-17	0.025243229993847358
5.0624021844310384e-17	0.0012470481848416304
5.299728788384584e-17	3.0231551773120784e-5
5.5481813192976974e-17	0.0005125356531839417
5.808281363240652e-17	0.00232232409762841
6.080574958361107e-17	0.010022627069714816
6.365633741203505e-17	0.040598567987110236
6.664056146767815e-17	0.151953666283693
6.976468664827297e-17	0.5163594286401535
7.303527155143169e-17	1.5619297227205367
7.645918224336179e-17	4.113701459804261
8.004360667306938e-17	9.204684036437092
8.379606976229901e-17	17.254338585481825
8.772444920289317e-17	32.74858003824318
9.183699199474127e-17	78.08369124083717
9.614233175902302e-17	77.92762765394862
1.0064950686310952e-16	22.373169838731275
1.0536797939515815e-16	6.317361489781126
1.1030765502824041e-16	1.6651393281385807
1.154789038157118e-16	0.27140098170330323
1.208925819614629e-16	0.025245601952358896
1.2656005461077595e-16	0.0012471666634858284
1.3249321970961458e-16	3.0234456963916107e-5
1.3870453298244244e-16	0.0005125776434759472
1.452070340810163e-16	0.0023225154407048127
1.5201437395902768e-16	0.010023457890305872
1.591408435300876e-16	0.04060195470667716
1.6660140366919535e-16	0.1519664257523873
1.7441171662068243e-16	0.5164030842651463
1.8258817887857923e-16	1.5620627172527097
1.911479556084045e-16	4.11405432634387
2.0010901668267343e-16	9.205479651800632
2.094901744057475e-16	17.25583967831976
2.1931112300723293e-16	32.751412328723035
2.295924799868532e-16	78.09049241268507
2.4035582939755756e-16	77.93466378030594
2.516237671577738e-16	22.375226704489403
2.634199484878954e-16	6.31793792136477
2.7576913757060103e-16	1.6652925461478598
2.886972595392795e-16	0.2714262130767141
3.0223145490365727e-16	0.02524797413916107
3.1640013652693987e-16	0.0012472851536547028
3.3123304927403646e-16	3.023736244042994e-5
3.467613324561061e-16	0.0005126196373133243
3.6301758520254075e-16	0.002322706800023835
3.800359348975692e-16	0.01002428878183121
3.9785210882521903e-16	0.04060534171714018
4.165035091729884e-16	0.15197918632390633
4.3602929155170605e-16	0.5164467436879979
4.56470447196448e-16	1.5621957234334216
4.778698890210112e-16	4.114407224008144
5.002725417066836e-16	9.206275337855134
5.237254360143688e-16	17.257340905377085
5.482778075180824e-16	32.754244871134446
5.73981199967133e-16	78.09729419295384
6.008895734938939e-16	77.94170055803032
6.290594178944345e-16	22.377283764176596
6.585498712197385e-16	6.318514406894625
6.894228439265025e-16	1.6654457786102888
7.217431488481988e-16	0.2714514468538358
7.555786372591432e-16	0.025250346554280934
7.910003413173497e-16	0.0012474036553496736
8.280826231850911e-16	3.0240268202703487e-5
8.669033311402652e-16	0.0005126616346973007
9.075439630063519e-16	0.0023228981755907653
9.50089837243923e-16	0.010025119744312354
9.946302720630475e-16	0.04060872901858061
1.041258772932471e-15	0.15199194799853413
1.0900732288792651e-15	0.5164904069096096
1.1411761179911202e-15	1.5623287412651685
1.194674722552528e-15	4.114760152802986
1.250681354266709e-15	9.207071094612287
1.3093135900359219e-15	17.258842266672865
1.3706945187952058e-15	32.757077665511396
1.4349529999178325e-15	78.10409658171243
1.5022239337347346e-15	77.9487379871607
1.5726485447360863e-15	22.379341017797753
1.646374678049346e-15	6.319090946371341
1.7235571098162564e-15	1.6655990255256874
1.8043578721204968e-15	0.2714766830345809
1.8889465931478582e-15	0.025252719197704467
1.977500853293374e-15	0.001247522168569729
2.070206557962728e-15	3.0243174250692622e-5
2.1672583278506632e-15	0.0005127036356280165
2.2688599075158797e-15	0.0023230895674063216
2.3752245931098076e-15	0.010025950777752994
2.486575680157619e-15	0.04061211661101547
2.6031469323311777e-15	0.15200471077634187
2.725183072198163e-15	0.5165340739302444
2.8529402949778004e-15	1.5624617707488189
2.98668680638132e-15	4.115113112730973
3.1267033856667727e-15	9.207866922078392
3.273283975089805e-15	17.260343762219804
3.4267362969880147e-15	32.7599107118751
3.587382499794581e-15	78.1108995790161
3.755559834336837e-15	77.95577606778306
3.9316213618402156e-15	22.381398465381647
4.1159366951233654e-15	6.319667539802137
4.308892774540641e-15	1.6657522868960777
4.5108946803012425e-15	0.2715019216192966
4.722366482869645e-15	0.025255092069467036
4.9437521332334355e-15	0.001247640693316591
5.17551639490682e-15	3.0246080584419754e-5
5.418145819626658e-15	0.0005127456401076492
5.672149768789699e-15	0.002323280975479801
5.938061482774519e-15	0.010026781882190436
6.216439200394047e-15	0.04061550449458412
6.507867330827944e-15	0.1520174746578071
6.8129576804954076e-15	0.5165777447513716
7.1323507374445e-15	1.5625948118883335
7.466717015953301e-15	4.1154661038011335
7.816758464166932e-15	9.208662820270428
8.183209937724512e-15	17.261845392044634
8.566840742470036e-15	32.76274401028611
8.968456249486452e-15	78.11770318498327
9.388899585842092e-15	77.96281479987951
9.82905340460054e-15	22.38345610690328
1.0289841737808413e-14	6.320244187182612
1.0772231936351603e-14	1.665905562719608
1.1277236700753106e-14	0.2715271626075543
1.1805916207174113e-14	0.025257465169515235
1.235938033308359e-14	0.0012477592295870124
1.293879098726705e-14	3.0248987203786792e-5
1.3545364549066645e-14	0.0005127876481404217
1.4180374421974249e-14	0.002323472399829104
1.48451537069363e-14	0.010027613057696413
1.5541098000985117e-14	0.04061889266955375
1.626966832706986e-14	0.15203023964383755
1.7032394201238517e-14	0.5166214193757398
1.7830876843611252e-14	1.5627278646909792
1.866679253988325e-14	4.115819126029697
1.9541896160417327e-14	9.209458789218035
2.045802484431128e-14	17.263347156191752
2.141710185617509e-14	32.765577560839894
2.2421140623716132e-14	78.12450739978783
2.347224896460523e-14	77.96985418338386
2.4572633511501348e-14	22.385513942306297
2.5724604344521032e-14	6.320820888499546
2.6930579840879007e-14	1.6660588529913491
2.8193091751882763e-14	0.2715524059982582
2.951479051793528e-14	0.02525983849772093
3.089845083270897e-14	0.0012478777773729422
3.2346977468167627e-14	3.0251894108490935e-5
3.386341137266661e-14	0.0005128296597367233
3.545093605493562e-14	0.0023236638404981707
3.711288426734074e-14	0.010028444304445988
3.8852745002462796e-14	0.04062228113657151
4.067417081767465e-14	0.15204300573661594
4.2580985503096294e-14	0.5166650978099206
4.457719210902813e-14	1.562860929173924
4.666698134970813e-14	4.116172179454466
4.885474040104332e-14	9.21025482898833
5.11450621107782e-14	17.264849054757686
5.354275464043773e-14	32.76841136374509
5.605285155929033e-14	78.13131222378891
5.868062241151308e-14	77.97689421805381
6.143158377875337e-14	22.387571971424418
6.431151086130258e-14	6.321397643712165
6.732644960219751e-14	1.6662121576967224
7.048272937970691e-14	0.2715776517882905
7.378697629483821e-14	0.025262212053724163
7.724612708177243e-14	0.00124799633665234
8.086744367041906e-14	3.0254801297758793e-5
8.465852843166653e-14	0.0005128716749199706
8.862734013733905e-14	0.0023238552975858315
9.278221066835187e-14	0.01002927562283225
9.713186250615699e-14	0.040625669897086575
1.0168542704418663e-13	0.1520557729410174
1.0645246375774074e-13	0.5167087800685082
1.1144298027257033e-13	1.5629940053750873
1.1666745337427032e-13	4.116525264158056
1.221368510026083e-13	9.211050939726013
1.278626552769455e-13	17.26635108794729
1.3385688660109433e-13	32.771245419463455
1.4013212889822583e-13	78.13811765776856
1.467015560287827e-13	77.98393490321013
1.5357895944688342e-13	22.389630193834343
1.6077877715325645e-13	6.321974452719155
1.683161240054938e-13	1.6663654768002527
1.7620682344926728e-13	0.2716028999701641
1.8446744073709553e-13	0.025264585836668695
1.9311531770443107e-13	0.0012481149073733868
2.0216860917604765e-13	3.0257708769832804e-5
2.116463210791663e-13	0.0005129136937523447
2.2156835034334765e-13	0.0023240467713543083
2.3195552667087964e-13	0.010030107013896616
2.4282965626539245e-13	0.040629058954933434
2.5421356761046654e-13	0.15206854126991096
2.6613115939435187e-13	0.5167524661899413
2.7860745068142583e-13	1.5631270933939554
2.916686334356758e-13	4.1168783803561775
3.0534212750652074e-13	9.211847121805508
3.1965663819236375e-13	17.26785325628286
3.346422165027358e-13	32.77407972917388
3.5033032224556456e-13	78.14492370367925
3.667538900719567e-13	77.99097623691613
3.839473986172086e-13	22.391688608368067
4.0194694288314114e-13	6.322551315237316
4.207903100137345e-13	1.6665188102037172
4.405170586231682e-13	0.2716281505232554
4.611686018427388e-13	0.025266959844203737
4.827882942610793e-13	0.0012482334893931211
5.054215229401191e-13	3.0260616519736862e-5
5.291158026979158e-13	0.0005129557163848311
5.539208758583673e-13	0.0023242382624399202
5.798888166771992e-13	0.0100309384801672
6.070741406634831e-13	0.04063244831942278
6.355339190261664e-13	0.15208131075452375
6.653278984858797e-13	0.5167961562674394
6.965186267035623e-13	1.5632601934715615
7.291715835891894e-13	4.117231528571188
7.633553187663044e-13	9.212643376132924
7.991415954809093e-13	17.269355561024696
8.366055412568395e-13	32.77691429571921
8.758258056139085e-13	78.15173036620631
9.168847251798917e-13	77.9980182144259
9.598684965430246e-13	22.3937472121748
1.004867357207853e-12	6.323128230574205
1.0519757750343362e-12	1.6666721576671037
1.1012926465579169e-12	0.2716534033972759
1.152921504606847e-12	0.02526933407059653
1.2069707356526982e-12	0.001248352082365321
1.2635538073502978e-12	3.0263524535552578e-5
1.3227895067447895e-12	0.0005129977431960412
1.3848021896459183e-12	0.0023244297724392383
1.4497220416929979e-12	0.010031770027981071
1.5176853516587079e-12	0.04063583801386871
1.588834797565416e-12	0.15209408147308523
1.663319746214699e-12	0.5168398505344675
1.7412965667589057e-12	1.5633933062117553
1.8229289589729738e-12	4.117584710109584
1.908388296915761e-12	9.213439704969133
1.9978539887022734e-12	17.270858005314597
2.091513853142099e-12	32.779749126202255
2.1895645140347714e-12	78.15853765704409
2.2922118129497296e-12	78.00506082368283
2.399671241357561e-12	22.395805998060215
2.512168393019632e-12	6.323705196980202
2.6299394375858407e-12	1.666825518584839
2.753231616394792e-12	0.27167865846526756
2.8823037615171173e-12	0.025271708501405112
3.0174268391317456e-12	0.0012484706854154087
3.1588845183757443e-12	3.0266432787058156e-5
3.3069737668619735e-12	0.0005130397751315969
3.4620054741147955e-12	0.0023246213053381383
3.6243051042324945e-12	0.010032601673164282
3.794213379146769e-12	0.0406392280965139
3.97208699391354e-12	0.15210685362093038
4.1582993655367474e-12	0.5168835495738722
4.3532414168972644e-12	1.563526433121042
4.557322397432434e-12	4.117937928231335
4.770970742289403e-12	9.214236113955836
4.9946349717556835e-12	17.272360596982416
5.228784632855247e-12	32.782584238335744
5.473911285086928e-12	78.16534560530637
5.7305295323743236e-12	78.01210403444703
5.9991781033939035e-12	22.397864947995956
6.28042098254908e-12	6.324282210073707
6.5748485939646015e-12	1.666978891441151
6.88307904098698e-12	0.27170391540979
7.205759403792793e-12	0.025274083100495448
7.543567097829363e-12	0.0012485892963571485
7.897211295939361e-12	3.026934119886688e-5
8.267434417154934e-12	0.0005130818145552155
8.65501368528699e-12	0.0023248128711002404
9.060762760581236e-12	0.01003343345527312
9.485533447866924e-12	0.04064261871291721
9.93021748478385e-12	0.1521196276862297
1.039574841384187e-11	0.5169272548421673
1.0883103542243161e-11	1.5636595779639741
1.1393305993581086e-11	4.118291191080679
1.1927426855723505e-11	9.215032617181954
1.2486587429389208e-11	17.273863355574992
1.3071961582138117e-11	32.7854196763568
1.368477821271732e-11	78.17215428367093
1.4326323830935808e-11	78.01914777092883
1.4997945258484758e-11	22.3999240168544
1.5701052456372703e-11	6.324859258885142
1.6437121484911504e-11	1.6671322724422113
1.720769760246745e-11	0.27172917343638037
1.8014398509481985e-11	0.025276457777461042
1.8858917744573408e-11	0.001248707909719713
1.9743028239848403e-11	3.0272249582058e-5
2.0668586042887337e-11	0.0005131238673753095
2.163753421321747e-11	0.0023250044946303947
2.265190690145309e-11	0.010034265473180272
2.371383361966731e-11	0.04064601022689863
2.4825543711959625e-11	0.1521324048891148
2.5989371034604672e-11	0.5169709699795647
2.7207758855607903e-11	1.5637927501485822
2.8483264983952715e-11	4.118644519008918
2.9818567139308763e-11	9.215829249848271
3.121646857347302e-11	17.275366329916054
3.2679903955345294e-11	32.78825555075648
3.42119455317933e-11	78.1789638735883
3.581580957733952e-11	78.02619184348566
3.7494863146211896e-11	22.40198309176811
3.925263114093175e-11	6.325436315971238
4.1092803712278756e-11	1.6672856520979817
4.301924400616863e-11	0.2717544305579357
4.503599627370496e-11	0.02527883230619608
4.714729436143352e-11	0.0012488265118212364
4.935757059962101e-11	3.0275157464116047e-5
5.167146510721834e-11	0.0005131659483630786
5.409383553304368e-11	0.0023251962381906324
5.662976725363273e-11	0.010035097974061916
5.928458404916827e-11	0.040649403547967686
6.206385927989906e-11	0.15214518827968246
6.497342758651168e-11	0.5170147040855477
6.801939713901976e-11	1.5639259731908657
7.120816245988178e-11	4.118997962881186
7.45464178482719e-11	9.216626099921612
7.804117143368256e-11	17.2768696419908
8.169975988836323e-11	32.791092137652015
8.552986382948326e-11	78.1857748283897
8.953952394334881e-11	78.03323577741536
9.373715786552974e-11	22.404041890353774
9.813157785232939e-11	6.326013312670153
1.027320092806969e-10	1.6674390066680793
1.0754811001542157e-10	0.2717796818039645
1.125899906842624e-10	0.02528120612115889
1.178682359035838e-10	0.0012489450684388787
1.2339392649905252e-10	3.027806366251884e-5
1.2917866276804584e-10	0.0005132080944432622
1.352345888326092e-10	0.0023253882574202824
1.4157441813408183e-10	0.010035931575787421
1.4821146012292068e-10	0.04065280094959546
1.5515964819974767e-10	0.1521579854819647
1.624335689662792e-10	0.5170584799044663
1.700484928475494e-10	1.5640593058668677
1.7802040614970448e-10	4.119351649821431
1.8636604462067977e-10	9.217423387226889
1.951029285842064e-10	17.278373596580366
2.0424939972090808e-10	32.79393012699679
2.1382465957370812e-10	78.19258828058418
2.23848809858372e-10	78.04027838500316
2.3434289466382435e-10	22.406099706339496
2.453289446308235e-10	6.3265900772372925
2.568300232017422e-10	1.6675922767764826
2.688702750385539e-10	0.2718049147438957
2.81474976710656e-10	0.025283577808085617
2.9467058975895954e-10	0.0012490634939875558
3.084848162476313e-10	3.0280965218597253e-5
3.229466569201146e-10	0.0005132503979242419
3.38086472081523e-10	0.002325580941398592
3.5393604533520453e-10	0.010036767822932538
3.7052865030730173e-10	0.040656208115001494
3.878991204993691e-10	0.15217081555403
4.06083922415698e-10	0.5171023542893667
4.2512123211887347e-10	1.5641928950898503
4.450510153742612e-10	4.119705897560089
4.659151115516994e-10	9.218221661128469
4.877573214605159e-10	17.27987895523382
5.106234993022702e-10	32.79677124297539
5.345616489342703e-10	78.19940705969239
5.5962202464593e-10	78.04731669436248
5.858572366595609e-10	22.40815477314871
6.133223615770587e-10	6.327166180069417
6.420750580043556e-10	1.667745313914724
6.721756875963849e-10	0.2718300982892348
7.0368744177664e-10	0.025285943830139393
7.366764743973988e-10	0.0012491815744261907
7.712120406190783e-10	3.0283854729680328e-5
8.073666423002865e-10	0.0005132930895614319
8.452161802038075e-10	0.002325775262747096
8.848401133380114e-10	0.010037610576579125
9.263216257682543e-10	0.04065963925067222
9.697478012484228e-10	0.15218372613465248
1.015209806039245e-9	0.5171464693492919
1.0628030802971836e-9	1.5643271080659034
1.1126275384356529e-9	4.1200615002045415
1.1647877788792485e-9	9.2190222945107
1.2193933036512899e-9	17.281387620774996
1.2765587482556754e-9	32.79961979414613
1.3364041223356758e-9	78.20623823486966
1.3990550616148251e-9	78.05434326982677
1.4646430916489022e-9	22.4102026723601
1.5333059039426467e-9	6.327740546605617
1.605187645010889e-9	1.6678977466571812
1.6804392189909622e-9	0.2718551546919031
1.7592186044416e-9	0.02528829534267307
1.841691185993497e-9	0.001249298774479806
1.9280301015476955e-9	3.028671367503381e-5
2.0184166057507163e-9	0.0005133367462272689
2.113040450509519e-9	0.0023259736529230935
2.2121002833450285e-9	0.010038469488914539
2.3158040644206357e-9	0.04066312987030527
2.4243695031210573e-9	0.1521968363093445
2.5380245150981126e-9	0.5171911803113958
2.657007700742959e-9	1.5644628626518693
2.7815688460891322e-9	4.1204204425496265
2.9119694471981214e-9	9.219828718393744
3.0484832591282247e-9	17.28290434781621
3.191396870639189e-9	32.80248654758174
3.3410103058391895e-9	78.21309946811262
3.497637654037063e-9	78.06133950662162
3.6616077291222557e-9	22.412232352562164
3.833264759856617e-9	6.3283104889690485
4.012969112527222e-9	1.6680486460220634
4.201098047477405e-9	0.2718798895080818
4.398046511104e-9	0.025290610226989606
4.6042279649837425e-9	0.0012494137555045064
4.820075253869239e-9	3.028949571973491e-5
5.046041514376791e-9	0.0005133828100491589
5.282601126273797e-9	0.002326182190267702
5.530250708362571e-9	0.01003936868886635
5.78951016105159e-9	0.040666768750889024
6.060923757802643e-9	0.15221044375970896
6.345061287745282e-9	0.517237375118006
6.642519251857398e-9	1.5646024530600982
6.95392211522283e-9	4.120787685319284
7.279923617995304e-9	9.220649507203593
7.621208147820563e-9	17.284441016558535
7.978492176597972e-9	32.80539840974963
8.352525764597973e-9	78.22003488631441
8.744094135092657e-9	78.06825885434002
9.154019322805639e-9	22.414216172354386
9.58316189964154e-9	6.3288692839190155
1.0032422781318056e-8	1.6681956885607458
1.0502745118693512e-8	0.27190381645551365
1.099511627776e-8	0.025292833170343733
1.1510569912459357e-8	0.001249523169939516
1.2050188134673098e-8	3.0292084965872375e-5
1.2615103785941977e-8	0.0005134348863058026
1.3206502815684493e-8	0.002326416070248198
1.3825626770906428e-8	0.010040368496333042
1.4473775402628974e-8	0.04067077782175036
1.5152309394506606e-8	0.15222529262350393
1.5862653219363203e-8	0.5172872733462207
1.6606298129643494e-8	1.5647516138184074
1.7384805288057076e-8	4.121175627281393
1.819980904498826e-8	9.221506089325876
1.9053020369551404e-8	17.28602731178742
1.994623044149493e-8	32.80842261914107
2.0881314411494936e-8	78.22715473561385
2.186023533773164e-8	78.07498483955396
2.2885048307014098e-8	22.416084996341457
2.3957904749103853e-8	6.329400114512724
2.508105695329514e-8	1.6683330631908269
2.6256862796733782e-8	0.27192571940692223
2.74877906944e-8	0.025294825854485843
2.877642478114839e-8	0.0012496186472863227
3.012547033668274e-8	3.0294191645373634e-5
3.1537759464854944e-8	0.0005135019885947482
3.301625703921123e-8	0.0023267132825031804
3.456406692726607e-8	0.010041619712464547
3.618443850657244e-8	0.04067571189911361
3.788077348626652e-8	0.15224324314993454
3.965663304840801e-8	0.5173464234081396
4.1515745324108734e-8	1.5649246790483522
4.346201322014269e-8	4.1216152581861145
4.549952261247065e-8	9.222452016868548
4.763255092387851e-8	17.287737406264775
4.9865576103737325e-8	32.81172720442048
5.220328602873734e-8	78.23473444805677
5.46505883443291e-8	78.08122602908318
5.721262076753524e-8	22.41766590919114
5.989476187275963e-8	6.32986091695729
6.270264238323785e-8	1.6684462363721486
6.564215699183446e-8	0.2719425570875447
6.8719476736e-8	0.02529624241933315
7.194106195287098e-8	0.0012496792624393572
7.531367584170686e-8	3.0295092092391463e-5
7.884439866213736e-8	0.0005136066550640143
8.254064259802807e-8	0.002327168815761463
8.641016731816518e-8	0.010043499390723201
9.046109626643109e-8	0.04068295816879246
9.47019337156663e-8	0.15226894617191578
9.914158262102003e-8	0.5174286960718167
1.0378936331027184e-7	1.5651574805730522
1.0865503305035673e-7	4.1221840374173375
1.1374880653117662e-7	9.223621125573773
1.1908137730969629e-7	17.28975663530294
1.246639402593433e-7	32.8157320792864
1.3050821507184335e-7	78.24346211272663
1.3662647086082276e-7	78.08625318445131
1.430315519188381e-7	22.418526450743556
1.497369046818991e-7	6.330146482712091
1.5675660595809464e-7	1.6684988617497079
1.6410539247958613e-7	0.2719467245438552
1.7179869184e-7	0.025296218220921277
1.7985265488217743e-7	0.0012496527377710257
1.8828418960426715e-7	3.029298413733304e-5
1.971109966553434e-7	0.0005138052612901004
2.0635160649507018e-7	0.0023280202552231647
2.1602541829541292e-7	0.010046950587496207
2.261527406660777e-7	0.04069598598490826
2.3675483428916573e-7	0.15231403212390435
2.478539565525501e-7	0.5175687743459165
2.594734082756796e-7	1.5655396020999301
2.7163758262589184e-7	4.123075594931915
2.8437201632794157e-7	9.225347911166287
2.977034432742407e-7	17.292548106989358
3.1165985064835826e-7	32.82148670738032
3.262705376796084e-7	78.25505653304495
3.415661771520569e-7	78.08824137856826
3.575788797970953e-7	22.41758516822952
3.743422617047477e-7	6.329993696566194
3.9189151489523657e-7	1.668400055286675
4.1026348119896534e-7	0.2719192088947231
4.294967296e-7	0.025292592713343637
4.496316372054436e-7	0.0012494086696798298
4.707104740106679e-7	3.0283411947246624e-5
4.927774916383585e-7	0.0005142389457951573
5.158790162376754e-7	0.0023298623280376047
5.400635457385323e-7	0.010054333854514158
5.653818516651943e-7	0.04072347863050758
5.918870857229143e-7	0.15240760317745364
6.196348913813751e-7	0.5178534232388059
6.48683520689199e-7	1.5662950939569453
6.790939565647296e-7	4.124774078966037
7.109300408198538e-7	9.228468491818989
7.442586081856018e-7	17.297269091367752
7.791496266208957e-7	32.831614418522435
8.156763441990209e-7	78.27380999085267
8.539154428801423e-7	78.08262254992081
8.939471994927382e-7	22.412138479844124
9.358556542618692e-7	6.328744718445116
9.797287872380915e-7	1.6679226442002153
1.0256587029974134e-6	0.27181250131607526
1.073741824e-6	0.02527997376433238
1.1240790930136089e-6	0.0012486230473083314
1.1767761850266678e-6	3.0255561515225824e-5
1.2319437290958982e-6	0.000515261831354178
1.2896975405941886e-6	0.0023341867743785737
1.3501588643463309e-6	0.010071569457582252
1.4134546291629856e-6	0.04078720927411745
1.4797177143072835e-6	0.15262259083499718
1.5490872284534404e-6	0.518499963667988
1.6217088017229976e-6	1.5679848151552995
1.697734891411824e-6	4.128490793749145
1.7773251020496348e-6	9.235073571759267
1.8606465204640015e-6	17.306811995579924
1.9478740665522424e-6	32.85267569002521
2.0391908604975524e-6	78.31043405644671
2.1347886072003556e-6	78.0579549745898
2.2348679987318455e-6	22.39543261282965
2.3396391356546694e-6	6.324755964557891
2.4493219680952324e-6	1.666499307770346
2.5641467574935333e-6	0.27150804222324165
2.68435456e-6	0.025244945244841263
2.8101977325340225e-6	0.0012464988151996896
2.9419404625666695e-6	3.0184475361477213e-5
3.0798593227397456e-6	0.0005177673032338084
3.2242438514854718e-6	0.0023447541700002913
3.375397160865827e-6	0.010113578119736488
3.533636572907464e-6	0.04094202537180938
3.6992942857682087e-6	0.1531424587457204
3.872718071133601e-6	0.520054376365803
4.054272004307494e-6	1.572015909681384
4.24433722852956e-6	4.13726102411545
4.443312755124087e-6	9.250395376159341
4.651616301160004e-6	17.328408936146822
4.869685166380606e-6	32.901095719693295
5.09797715124388e-6	78.39161397438583
5.336971518000889e-6	77.98553575144994
5.587169996829613e-6	22.350627727683175
5.849097839136674e-6	6.313928189353519
6.123304920238081e-6	1.6627165079803703
6.4103668937338335e-6	0.27071092505337907
6.7108864e-6	0.02515438411108242
7.025494331335056e-6	0.0012411256956869976
7.354851156416673e-6	3.0020838529723603e-5
7.699648306849364e-6	0.000524039995853561
8.06060962871368e-6	0.00237116374487149
8.438492902164567e-6	0.010218421609363254
8.834091432268661e-6	0.04132767033802277
9.248235714420522e-6	0.15443307339785242
9.681795177834002e-6	0.523898713650102
1.0135680010768735e-5	1.581938538432217
1.0610843071323899e-5	4.15871980282514
1.1108281887810218e-5	9.287555646700959
1.1629040752900008e-5	17.38016151729306
1.2174212915951514e-5	33.01811356574423
1.2744942878109702e-5	78.58353865878242
1.3342428795002223e-5	77.79308586234168
1.3967924992074034e-5	22.235933117024466
1.4622744597841684e-5	6.286082262565887
1.5308262300595205e-5	1.6530724365073124
1.6025917234334584e-5	0.26869358465466703
1.6777216e-5	0.02492812237771118
1.756373582833764e-5	0.0012282451798033376
1.8387127891041685e-5	2.972271947349831e-5
1.9249120767123408e-5	0.0005401198632433368
2.01515240717842e-5	0.00243867985954091
2.109623225541142e-5	0.010486101364016084
2.2085228580671653e-5	0.04231019613362298
2.3120589286051304e-5	0.15770488280517567
2.4204487944585006e-5	0.5335966007797185
2.5339200026921837e-5	1.6068332300884989
2.652710767830975e-5	4.212253668695605
2.7770704719525543e-5	9.37962942417902
2.9072601882250022e-5	17.5074876398002
3.043553228987879e-5	33.30798551721828
3.1862357195274255e-5	79.04850078199829
3.335607198750556e-5	77.29693700965016
3.491981248018508e-5	21.948869675229957
3.655686149460421e-5	6.216219220842304
3.8270655751488006e-5	1.6290166939544868
4.006479308583646e-5	0.26369803743580417
4.194304e-5	0.02438215743414096
4.39093395708441e-5	0.001200425589212926
4.596781972760421e-5	2.9680804248064772e-5
4.812280191780852e-5	0.0005832913440783901
5.03788101794605e-5	0.0026188315499255884
5.274058063852855e-5	0.01119833480858084
5.521307145167913e-5	0.04491303026273409
5.780147321512826e-5	0.16627901928210348
6.0511219861462516e-5	0.5587500373436969
6.334800006730459e-5	1.6706985418638767
6.631776919577437e-5	4.348193516942915
6.942676179881386e-5	9.610954064492404
7.268150470562505e-5	17.824934073490176
7.608883072469697e-5	34.03860519855909
7.965589298818563e-5	80.17170928177772
8.339017996876389e-5	76.02089678300804
8.72995312004627e-5	21.24573437483294
9.139215373651052e-5	6.044637563057308
9.567663937872002e-5	1.5704292175940673
0.00010016198271459114	0.2517007223242485
0.0001048576	0.02315622230147442
0.00010977334892711025	0.0011587542047222952
0.00011491954931901053	3.375446679018407e-5
0.0001203070047945213	0.0007126325326914667
0.00012594702544865125	0.0031501830110552526
0.00013185145159632137	0.01328032815896676
0.00013803267862919782	0.05243244393122135
0.00014450368303782065	0.1904295889231777
0.0001512780496536563	0.6278741876920133
0.00015837000016826147	1.841697791820273
0.00016579442298943594	4.703481733722829
0.00017356690449703464	10.20098851944771
0.00018170376176406263	18.622914693802116
0.00019022207681174241	35.921871731935624
0.0001991397324704641	82.77216738933282
0.00020847544992190972	72.68409978823155
0.00021824882800115678	19.592222599476404
0.00022848038434127632	5.638521226944257
0.00023919159844680004	1.4343110147654823
0.00025040495678647787	0.22478501721122424
0.000262144	0.020924812792026348
0.00027443337231777566	0.001226377123846117
0.0002872988732975263	6.727335005823783e-5
0.00030076751198630325	0.0012198370113982102
0.0003148675636216281	0.005150115592367137
0.0003296286289908034	0.020865837851868626
0.00034508169657299456	0.07887727494532779
0.00036125920759455163	0.2706597393741502
0.0003781951241341407	0.8445016687858364
0.0003959250004206537	2.3455640963838693
0.00041448605747358984	5.690448661084647
0.0004339172612425866	11.747114024402439
0.0004542594044101566	20.66044391603321
0.0004755551920293561	41.00944955476895
0.0004978493311761602	87.88749909918451
0.0005211886248047743	63.8350908089377
0.0005456220700028919	16.09298182032459
0.0005712009608531907	4.762975058136357
0.0005979789961170002	1.153167880355385
0.0006260123919661946	0.17457935351235448
0.00065536	0.01987091640583368
0.0006860834307944391	0.0024883880301131995
0.0007182471832438158	0.00026587734198368283
0.0007519187799657582	0.004862000945669011
0.0007871689090540703	0.018051124914573658
0.0008240715724770085	0.06468809781665183
0.0008627042414324864	0.2161958285487649
0.0009031480189863791	0.6392531292354069
0.0009454878103353518	1.7130734037445232
0.0009898125010516343	4.093723682113939
0.0010362151436839745	8.652800800324465
0.0010847931531064664	15.78445123767412
0.0011356485110253914	25.96662449494136
0.00118888798007339	55.34987794869856
0.0012446233279404006	90.47402449626871
0.001302971562011936	42.49401148599212
0.00136405517500723	10.449594105642097
0.001428002402132977	3.2659426828210436
0.0014949474902925003	0.715816424930479
0.0015650309799154867	0.1288376877309381
0.0016384	0.03471600627526322
0.0017152085769860962	0.010574538761665132
0.0017956179581095394	0.0008687037042380755
0.0018797969499143954	0.0736076369105047
0.0019679222726351774	0.20832840001891698
0.0020601789311925213	0.5580734990758693
0.0021567606035812143	1.4030429035306071
0.0022578700474659478	3.0645556503386895
0.0023637195258383796	5.929822671119026
0.0024745312526290877	10.231189200572473
0.0025905378592099362	16.226391027481366
0.002711982882766164	23.95546272666946
0.0028391212775634787	42.19364108917088
0.002972219950183475	79.60237492723606
0.0031115583198510037	54.386436620087196
0.0032574289050298394	14.70253104936391
0.003410137937518072	5.444050929761001
0.003570006005332442	1.7044214649616878
0.0037373687257312507	0.3838191833539137
0.00391257744978872	0.28631908555582
0.004096	0.08707691725575979
0.004288021442465241	0.03834878375885709
0.004489044895273848	0.0011657298418290979
0.004699492374785988	1.624507534095154
0.004919805681587943	3.014095294624434
0.005150447327981303	5.23033460570792
0.005391901508953035	8.3924408830648
0.005644675118664869	11.411533174702669
0.005909298814595948	13.62037084640192
0.006186328131572719	16.532358058891163
0.006476344648024841	22.98639560840652
0.00677995720691541	41.75587241914282
0.007097803193908697	59.22414957579716
0.007430549875458688	30.759046835992642
0.00777889579962751	10.840408640781739
0.0081435722625746	5.884231292667254
0.00852534484379518	2.7249616130761627
0.008925015013331105	0.814079892641524
0.009343421814328127	0.9382845323327895
0.0097814436244718	0.37161488138412546
0.01024	0.2708675665788899
0.010720053606163103	0.0405304949717328
0.011222612238184621	0.012997499471526966
0.011748730936964972	3.766167477641153
0.012299514203969858	6.546384655674772
0.012876118319953259	10.914726772599309
0.013479753772382589	14.381737843138001
0.014111687796662173	15.400486221273017
0.014773247036489872	18.059123574593773
0.015465820328931797	24.929077301375077
0.016190861620062103	32.45471352508341
0.016949893017288525	21.17768398435825
0.017744507984771743	5.712330861016618
0.018576374688646723	2.8347400335726354
0.019447239499068774	3.709088555578709
0.020358930656436496	5.1401714563364385
0.02131336210948795	4.9025225448129515
0.022312537533327764	3.9717005045171785
0.02335855453582032	2.184756739941821
0.0244536090611795	1.1516123474435005
0.0256	0.2906171909155859
0.026800134015407755	0.020038549275395265
0.028056530595461555	0.03861078047846686
0.029371827342412428	6.806718832732625
0.030748785509924645	8.328563183080016
0.03219029579988315	9.274947131994596
0.03369938443095647	16.548750456535455
0.03527921949165543	17.568197576798607
0.03693311759122468	12.662230215588
0.038664550822329495	4.083880985443058
0.040477154050155256	1.612684204523664
0.04237473254322131	3.2130058995083983
0.04436126996192936	3.4277917197986776
0.0464409367216168	1.8369028555878357
0.04861809874767194	1.8732257208035472
0.05089732664109124	2.6774432751160506
0.05328340527371987	3.187254769174715
0.05578134383331941	2.5121240096715307
0.05839638633955079	1.9343978807799072
0.06113402265294875	2.075807618842175
0.064	1.1007344496780627
0.06700033503851939	0.3766134792261125
0.07014132648865391	0.32789174573929414
0.07342956835603104	3.9703770895060306
0.0768719637748116	5.196897731632355
0.08047573949970786	11.629964971500725
0.08424846107739119	10.85547329214604
0.08819804872913861	2.648864785219642
0.09233279397806166	0.6146275032777433
0.09666137705582374	0.27973783755141624
0.10119288512538814	0.9150300700346946
0.10593683135805329	1.770898195485936
0.11090317490482343	1.1508280506527913
0.11610234180404196	0.6619080838775758
0.12154524686917983	1.024556816566905
0.1272433166027281	1.5714193426726615
0.1332085131842997	1.7507264907449347
0.13945335958329858	1.7478640502556484
0.1459909658488769	1.8965674566336792
0.15283505663237187	2.7593754191137476
0.16000000000000003	1.9213618750725376
0.16750083759629847	1.4975055649219964
0.17535331622163478	1.184809589129636
0.1835739208900776	2.1674211537677768
0.19217990943702903	4.201206536183172
0.20118934874926966	3.6923597837155997
0.21062115269347795	2.3010360029652617
0.22049512182284653	0.6184179257718379
0.23083198494515414	0.5692173595523068
0.24165344263955935	1.1476930128142995
0.25298221281347033	2.9774462767304115
0.2648420783951332	4.086920556500072
0.2772579372620586	3.844203208876307
0.2902558545101049	5.208883673476566
0.3038631171729496	8.9796031562698
0.31810829150682024	16.684222618878998
0.3330212829607492	22.545748942552873
0.34863339895824647	42.62409238351866
0.3649774146221923	34.30443672117456
0.38208764158092967	5.942687807178446
0.4	1.262813245198421
0.41875209399074625	0.4924108279319798
0.438383290554087	0.6406079250268382
0.458934802225194	3.8949198969187218
0.48044977359257246	3.830243609509154
0.5029733718731741	2.4755803608488436
0.526552881733695	1.529938486922706
0.5512378045571164	0.6483822757677239
0.5770799623628854	0.360532924984444
0.6041336065988983	0.39545269683864404
0.6324555320336759	0.25580646328164264
0.6621051959878331	0.059473336068452065
0.6931448431551465	0.007608395394782929
0.7256396362752623	0.004223342481273688
0.7596577929323739	0.007453890470748486
0.7952707287670506	0.014363455197045552
0.8325532074018732	0.008575948307757387
0.8715834973956161	0.01793929074901331
0.9124435365554808	0.09695479948358793
0.955219103952324	0.09410791050892928
1.0	0.04577915154179142
