-1.0	0.032258678403424196
-0.9799308653125577	0.035769146993519345
-0.960264500792218	0.03901457653856074
-0.9409928231902495	0.041858543364494016
-0.9221079114817278	0.044233852466278284
-0.9036020036098449	0.047465139610651706
-0.8854674932955561	0.048935879966660385
-0.8676969269112557	0.0499837995014956
-0.850283000417194	0.05063551986579376
-0.8332185563593787	0.05102121637024602
-0.816496580927726	0.05333527965369948
-0.8001102010732514	0.05417733944356465
-0.7840526816831157	0.055315696286018165
-0.7683174228123669	0.05673960568488796
-0.752897956971237	0.058831627727528625
-0.7377879464668811	0.0635034637734357
-0.7229811807984657	0.06695437000441501
-0.7084715741045352	0.07112768879300876
-0.6942531626616071	0.07568368831846398
-0.6803201024329685	0.08083930165777525
-0.6666666666666666	0.08837772205203887
-0.6532872435417052	0.09365417203357129
-0.6401763338614787	0.09862991242788453
-0.6273285487934996	0.10325431783241
-0.6147386076544852	0.10761941023992544
-0.6024013357398965	0.11513619616317129
-0.5903116621970375	0.11913239941317272
-0.5784646179408371	0.12313604949995735
-0.5668553336114626	0.12708400736205944
-0.555479037572919	0.13124237994971003
-0.5443310539518174	0.13985516200072495
-0.533406800715501	0.14519478186460302
-0.5227017877887438	0.15107285860498113
-0.5122116152082447	0.15725634090149518
-0.5019319713141579	0.1643856666117938
-0.4918586309779207	0.1774477196185169
-0.48198745386564384	0.18647874215381738
-0.47231438273635684	0.19689738829960898
-0.4628354417744047	0.2080348290410889
-0.4535467349553123	0.22225655393726307
-0.4444444444444444	0.24214824382122427
-0.43552482902780343	0.257471151336576
-0.42678422257431914	0.27340376062539723
-0.4182190325289998	0.2898597994964264
-0.4098257384363234	0.30778538284162293
-0.40160089049326436	0.33736939874662764
-0.3935411081313583	0.3558149487864897
-0.38564307862722474	0.3782126962012076
-0.37790355574097506	0.40194884949845666
-0.370319358381946	0.42995603160932394
-0.36288736930121157	0.4719342806963985
-0.35560453381033397	0.5078976575862484
-0.3484678585258292	0.5499548596130335
-0.34147441013882973	0.5865660519446981
-0.33462131420943864	0.6358433468244933
-0.3279057539852805	0.7073285297408225
-0.3213249692437626	0.7639721878554819
-0.3148762551575712	0.8310013935508087
-0.30855696118293646	0.8923377098257893
-0.3023644899702082	0.9846512262473266
-0.2962962962962963	1.0833296772201757
-0.2903498860185356	1.1772591193937074
-0.28452281504954613	1.2799392457731722
-0.2788126883526665	1.3861711703146131
-0.27321715895754894	1.4928621789278955
-0.2677339269955096	1.6614101801853738
-0.2623607387542389	1.790991545340746
-0.2570953857514832	1.9536764390874433
-0.25193570382731667	2.1310791160308393
-0.2468795722546307	2.3392639786123035
-0.2419249128674744	2.6235366885591933
-0.2370696892068893	2.8829022092232948
-0.23231190568388618	3.187092919294361
-0.2276496067592198	3.4615146849110348
-0.22308087613962574	3.7970651833137405
-0.21860383599018698	4.185427421415537
-0.21421664616250838	4.483081915197699
-0.20991750343838084	4.794957550782245
-0.20570464078862427	5.072332915050495
-0.20157632664680544	5.45575162275227
-0.19753086419753085	5.800911252095339
-0.19356659067902376	6.127719283809691
-0.1896818766996974	6.399222525709133
-0.18587512556844432	6.60711583648482
-0.18214477263836595	6.781525460490737
-0.17848928466367306	7.050984959719654
-0.17490715916949257	7.009008839736978
-0.17139692383432215	7.043938213097413
-0.1679571358848778	6.938229639247961
-0.16458638150308713	6.814415905735114
-0.16128327524498293	6.837491596219289
-0.15804645947125953	6.704439201569031
-0.15487460378925744	6.571032234264228
-0.15176640450614653	6.39609187209372
-0.14872058409308384	6.270317196465012
-0.14573589066012466	6.3311904859270784
-0.14281109744167225	6.213687190730671
-0.1399450022922539	6.102977695320725
-0.1371364271924162	5.942936690681316
-0.13438421776453696	5.824122554548672
-0.13168724279835392	5.8814001335047115
-0.12904439378601584	5.8485214589678005
-0.12645458446646496	5.823805004222485
-0.12391675037896288	5.805380247915606
-0.12142984842557732	5.808745666721078
-0.1189928564424487	5.977964072141164
-0.11660477277966172	5.970269440623939
-0.11426461588954809	6.022430021894044
-0.11197142392325185	6.081426683822856
-0.10972425433539142	6.165072515717433
-0.10752218349665528	6.4196557103110905
-0.10536430631417303	6.543280703855546
-0.10324973585950496	6.681767016923818
-0.10117760300409769	6.775587360392083
-0.09914705606205589	6.940171387907752
-0.0971572604400831	7.293944478975022
-0.09520739829444817	7.471635822609738
-0.09329666819483592	7.6677404239980245
-0.09142428479494413	7.796857444324846
-0.08958947850969132	8.002895740088833
-0.0877914951989026	8.344691371028748
-0.08602959585734389	8.61801421456365
-0.08430305631097663	8.906070955011554
-0.08261116691930859	9.20234248326497
-0.0809532322837182	9.529141425895912
-0.07932857096163247	10.092750169830278
-0.07773651518644115	10.352048634057267
-0.07617641059303205	10.752786118350203
-0.07464761594883457	11.201866728191861
-0.07314950289026094	11.676616329107155
-0.07168145566443686	12.412083864818
-0.07024287087611535	12.919732227833288
-0.06883315723966997	13.431479581789953
-0.06745173533606512	13.738167282777214
-0.06609803737470393	14.275873530186429
-0.0647715069600554	15.165196271609702
-0.06347159886296545	15.758630079180747
-0.06219777879655729	16.394828613056045
-0.06094952319662942	16.793676011310872
-0.05972631900646087	17.460798913856667
-0.05852766346593507	18.268963809932533
-0.057353063904895904	19.06425674465676
-0.05620203754065109	19.902561105926896
-0.055074111279539054	20.772235653022538
-0.053968821522478824	21.70795567672119
-0.05288571397442165	23.201051724782335
-0.05182434345762741	23.834859453142407
-0.05078427372868804	24.95421197269637
-0.04976507729922305	26.117718622643793
-0.04876633526017398	27.369388070699806
-0.04778763710962457	29.34403383634442
-0.046828580584076886	30.837665973564782
-0.045888771493113316	32.37693808467092
-0.04496782355737675	33.305171624776015
-0.044065358249802636	34.919154907288835
-0.043181004640036935	37.41695821066166
-0.04231439924197695	39.170910874460624
-0.04146518586437153	41.01591698532108
-0.04063301546441961	42.08023930451813
-0.039817546004307265	43.9315914956915
-0.03901844231062338	46.07863522991653
-0.038235375936597274	48.307049348894445
-0.037468025027100726	50.66221303757582
-0.036716074186359374	53.150574316029356
-0.035979214348319216	55.809055423064294
-0.03525714264961443	59.95253824753878
-0.03454956230508494	61.68951799441281
-0.03385618248579202	64.8539959118709
-0.03317671819948203	68.24903047416205
-0.03251089017344932	71.86006166092291
-0.03185842473974971	77.39777586825903
-0.031219053722717924	81.52362906712585
-0.030592514328742212	85.89921756545992
-0.029978549038251166	88.39978954812254
-0.029376905499868423	92.85061641915831
-0.02878733642669129	99.74631975317185
-0.0282095994946513	104.55655587043394
-0.02764345724291435	109.49610479944654
-0.02708867697627974	111.96738758256483
-0.026545030669538176	117.03174904381453
-0.02601229487374892	122.39998978105821
-0.02549025062439818	128.1087334349954
-0.024978683351400483	134.149111964427
-0.024477382790906246	140.44978881250066
-0.023986142898879476	147.0753248217115
-0.02350476176640962	157.32475047607892
-0.023033041536723295	160.84717498103828
-0.022570788323861352	167.8883524392774
-0.02211781213298802	174.69246654363076
-0.021673926782299548	181.39518404791073
-0.02123894982649981	191.9788579427949
-0.020812702481811947	198.6631934741895
-0.02039500955249481	205.1965127097883
-0.01998569935883411	207.5216784729535
-0.019584603666578947	213.68370237256676
-0.019191557617794192	224.4026046335446
-0.018806399663100867	230.2666243968843
-0.018428971495276232	236.27617592010498
-0.018059117984186496	238.35560098349538
-0.017696687113025453	245.02451826426247
-0.017341529915832612	253.047839520097
-0.016993500416265454	258.86335802904966
-0.01665245556760032	264.42147932435273
-0.016318255193937498	269.47183878018177
-0.01599076193258632	274.37428068021836
-0.015669841177606413	285.0260371719285
-0.015355361024482195	286.1288956575039
-0.015047192215907567	289.7032164252083
-0.01474520808865868	292.24339453657046
-0.014449284521533032	294.5217117496676
-0.014159299884333206	301.90291582492824
-0.013875134987874632	302.1634304356543
-0.013596673034996539	302.17193210875513
-0.013323799572556074	299.79591287462824
-0.013056402444385965	299.34596732756825
-0.01279437174519613	305.44152982779656
-0.012537599775400577	303.9509160694367
-0.012285980996850823	303.1388642916163
-0.012039411989457663	300.42980183775063
-0.011797791408683634	299.00927246687684
-0.011561019943888409	302.7441655168478
-0.011329000277510302	300.12025165845887
-0.011101637045066882	297.1885816804644
-0.010878836795958332	293.1633091693754
-0.010660507955057545	289.61951902022764
-0.010446560785070943	292.31731070426065
-0.010236907349654798	287.46635301429495
-0.010031461477271712	283.14309454171683
-0.009830138725772453	277.80900797145955
-0.009632856347688687	274.0027813827641
-0.009439533256222137	274.7612029885909
-0.009250089991916422	270.86890327547485
-0.009064448689997692	267.1169537064629
-0.008882533048370717	262.815152626704
-0.00870426829625731	258.996495000907
-0.008529581163464086	261.0464482291352
-0.008358399850267052	255.39628572355895
-0.008190653997900548	251.35529735211722
-0.008026274659638441	246.82676409637844
-0.007865194272455757	242.55903271151482
-0.0077073466292589396	243.8132890693026
-0.007552666851673535	239.49301829720474
-0.007401091363377921	235.35100890598122
-0.007252557863972222	230.03360633117742
-0.007107005303371697	226.31379036641178
-0.006964373856713961	227.93835828828526
-0.006824604899769865	224.22190630246922
-0.006687640984847807	220.8249646817461
-0.006553425817181636	216.1168319705294
-0.0064219042317924585	213.60165476831187
-0.006293022170814758	213.65030655892588
-0.006166726661277614	211.25944584680525
-0.006042965793331795	208.66153791543485
-0.005921688698913811	205.72780328389808
-0.005802845530838207	202.78574347117333
-0.005686387442309391	204.2942434680359
-0.005572266566844701	199.15342923351992
-0.005460435998600365	196.1408021497756
-0.005350849773092295	193.12880583966938
-0.005243462848303838	190.23814682849994
-0.005138231086172626	191.60199691134162
-0.005035111234449024	188.61549118014312
-0.004934060908918614	185.73560549313942
-0.004835038575981481	181.624113124779
-0.004738003535581132	179.19558608008526
-0.004642915904475974	180.99989714474677
-0.0045497365998465765	178.80889281770715
-0.004458427323231872	176.8115505381377
-0.004368950544787757	173.5170287940368
-0.004281269487861639	172.21257740626308
-0.004195348113876505	172.46290605853108
-0.0041111511075184095	171.17058443039213
-0.0040286438622211965	169.62984019971802
-0.00394779246594254	167.89026085294648
-0.003868563687225471	166.0257192998979
-0.003790924961539594	167.68849141533147
-0.0037148443778964673	163.83957785412267
-0.003640290665733577	161.99867620543898
-0.00356723318206153	160.15901062697458
-0.003495641898869225	158.3861173528046
-0.0034254873907817508	160.05609959276603
-0.0033567408229660156	158.1662381343466
-0.003289373939279076	156.33194994560378
-0.0032233590506543204	153.20920891736264
-0.0031586690237207543	151.68861205264832
-0.0030952772696506495	153.6456015235747
-0.0030331577332310513	152.28491661856157
-0.002972284882154581	151.03945776632665
-0.0029126336965251713	148.50193110694403
-0.002854179658574426	147.80937153128772
-0.002796898742584337	148.1895135953229
-0.002740767405012273	147.54806870699142
-0.002685762574814131	146.64894832134928
-0.0026318616439616935	145.58433571374727
-0.0025790424581503143	144.39206219931523
-0.0025272833076930624	146.21273123840896
-0.002476562918597645	143.13436308007948
-0.0024268604438223845	141.969202056857
-0.0023781554547076863	140.79977936692916
-0.002330427932579483	139.66636209919542
-0.002283658260521167	141.56777566644925
-0.0022378272153106772	140.38486122687354
-0.0021929159595193825	139.22255198791947
-0.0021489060337695487	136.75342923035322
-0.0021057793491471694	135.84862936318405
-0.0020635181797670995	138.00370253662422
-0.0020221051554873675	137.204220152265
-0.0019815232547697194	136.44739415287816
-0.0019417557976834491	134.35975146105136
-0.0019027864390496173	134.01868638702325
-0.0018645991617228914	134.44009267553673
-0.001827178270008182	134.1337341749136
-0.0017905083832094194	133.57427772607522
-0.001754574429307797	132.85245459791244
-0.0017193616387668762	132.006957973323
-0.0016848555384620417	133.88598060340868
-0.0016510419457317633	131.18872104053546
-0.0016179069625482552	130.37439814891096
-0.0015854369698051255	129.56214933110357
-0.0015536186217196555	128.76687675298172
-0.0015224388403474447	130.7183598412217
-0.001491884810207118	129.85988542019658
-0.0014619439730129216	129.01299179730964
-0.0014326040225130323	126.85008251401862
-0.0014038528994314463	126.2378078150295
-0.0013756787865113998	128.4391322329964
-0.001348070103658245	127.9151239931902
-0.001321015503179813	127.43819381713911
-0.0012945038651222993	125.6219193529702
-0.001268524292699745	125.47942702530301
-0.0012430661078152608	125.95054554920037
-0.0012181188466721213	125.83598815705729
-0.0011936722554729462	125.47515536773597
-0.0011697162862051981	124.96589287508502
-0.0011462410925112507	124.34457790947278
-0.001123237025641361	126.2749675346093
-0.0011006946304878422	123.84792169398293
-0.0010786046416988368	123.27004100051732
-0.0010569579798700836	122.6832950108437
-0.0010357457478131038	122.11016367776539
-0.0010149592268982965	124.1182379016585
-0.000994589873471412	123.47653209814685
-0.0009746293153419477	122.82996076316235
-0.0009550693483420216	120.86318720871425
-0.0009359019329542975	120.42678474472721
-0.0009171191910075999	122.6603282238685
-0.00089871340243883	122.29911828621181
-0.0008806770021198753	121.98152366082272
-0.0008630025767481995	120.32868643060135
-0.0008456828617998299	120.30165246712744
-0.0008287107385435072	120.8087325881717
-0.0008120792311147475	120.80548743986918
-0.0007957815036486309	120.56158516325914
-0.000779810857470132	120.18012216604032
-0.0007641607283408339	119.69327657020848
-0.0007488246837609074	121.6543438084635
-0.0007337964203252282	119.38983664834478
-0.0007190697611325579	118.94898488949704
-0.0007046386532467224	118.49504105303932
-0.0006904971652087358	118.04975019062023
-0.0006766394845988643	120.09274006387271
-0.000663059915647608	119.58188692049204
-0.0006497528768946319	119.06299929258697
-0.0006367128988946811	117.22583467255296
-0.0006239346219695317	116.90334923258322
-0.0006114127940050665	119.16483124364812
-0.0005991422682925533	118.91004619416158
-0.0005871180014132501	118.69063850240495
-0.0005753350511654663	117.13971774218692
-0.0005637885745332199	117.18524717933718
-0.0005524738256956715	117.71592820429359
-0.0005413861540764983	117.77985506414485
-0.0005305210024324205	117.61013708580494
-0.0005198739049800881	117.3036328741847
-0.0005094404855605558	116.89493226015357
-0.000499216455840605	118.87124523553871
-0.0004891976135501521	116.70184485711619
-0.0004793798407550386	116.33944038132853
-0.0004697591021644816	115.96340466054899
-0.0004603314434724905	115.59291278394856
-0.0004510929897325762	117.6559743768405
-0.000442039943765072	117.2228377653914
-0.00043316858459642124	116.78159870406881
-0.00042447526592978736	115.02315304932222
-0.00041595641464635446	114.7700753636464
-0.0004076085293367111	117.04803385217889
-0.0003994281788617022	116.85757583960344
-0.0003914120009421668	116.6973457258816
-0.0003835567007769776	115.20662391662049
-0.0003758590496888133	115.29627954263859
-0.00036831588379711435	115.84001021893515
-0.0003609241027176656	115.94571784058911
-0.0003536806682882804	115.81791237853764
-0.0003465826033200587	115.55329762926716
-0.00033962699037370394	115.1884939434236
-0.00033281097056040327	117.17099305133829
-0.00032613174236676806	115.05640323961902
-0.00031958656050335907	114.73953367361781
-0.0003131727347763211	114.40982315663966
-0.00030688762898166037	114.08468581350769
-0.0003007286598217175	116.16079448448617
-0.0002946932958433813	115.77669357941298
-0.00028877905639761414	115.38534465670837
-0.00028298351061985824	113.67691157629464
-0.000277304276430903	113.46830324287664
-0.00027173901955780737	115.7579878974215
-0.00026628545257446814	115.60843199060105
-0.00026094133396144454	115.48648664122062
-0.00025570446718465174	114.03356169263529
-0.0002505726997925422	114.15226034750475
-0.00024554392253140953	114.70543090974637
-0.00024061606847844373	114.83676992145405
-0.0002357871121921869	114.7354986374853
-0.00023105506888003913	114.4982466824271
-0.00022641799358246928	114.16309764303244
-0.0002218739803736022	116.15215424132178
-0.00021742116157784537	114.07345735445035
-0.00021305770700223936	113.78745464455424
-0.00020878182318421405	113.489155026935
-0.00020459175265444024	113.19483210422881
-0.00020048577321447834	115.28182366574724
-0.0001964621972289209	114.92964728112116
-0.00019251937093174278	114.57058950702213
-0.00018865567374657218	112.89365540757024
-0.00018486951762060197	112.71400246886739
-0.00018115934637187158	115.01325278496894
-0.00017752363504964543	114.89055699264591
-0.00017396088930762967	114.79380551264322
-0.00017046964478976783	113.36495763026394
-0.00016704846652836148	113.50412806668167
-0.00016369594835427304	114.06508212963251
-0.00016041071231896249	114.21306266755631
-0.0001571914081281246	114.1301060179513
-0.00015403671258669275	113.91276021643166
-0.0001509453290549795	113.59828455448319
-0.0001479159869157348	115.59495225693902
-0.00014494744105189692	113.53908387538728
-0.00014203847133482624	113.2738897353109
-0.00013918788212280938	112.99656277653321
-0.00013639450176962682	112.72266518116878
-0.00013365718214298556	114.81913128472263
-0.00013097479815261392	114.48754696107324
-0.0001283462472878285	114.14925557154032
-0.00012577044916438145	112.4917149377335
-0.00012324634508040133	112.33091587766809
-0.00012077289758124772	114.6389393464987
-0.00011834909003309695	114.53407252108136
-0.00011597392620508646	114.45419327049233
-0.0001136464298598452	113.04057445957237
-0.00011136564435224097	113.19460349232394
-0.00010913063223618202	113.76249751832755
-0.00010694047487930832	113.92244580263888
-0.00010479427208541641	113.85346364632917
-0.00010269114172446183	113.6501690779779
-0.00010063021936998635	113.35005816680328
-9.86106579438232e-5	115.3545710180107
-9.663162736793128e-5	113.31217419784122
-9.46923142232175e-5	113.06058542482434
-9.279192141520625e-5	112.79685322806131
-9.092966784641788e-5	112.53615453646239
-8.910478809532371e-5	114.64108813569594
-8.731653210174262e-5	114.32248289004829
-8.556416485855234e-5	113.9974429402648
-8.384696610958763e-5	112.35105339675498
-8.216423005360088e-5	112.20247291001363
-8.051526505416515e-5	114.51894593452089
-7.889939335539797e-5	114.42590530801367
-7.731595080339098e-5	114.35737426853576
-7.576428657323014e-5	112.95293713988251
-7.424376290149399e-5	113.11785674429525
-7.275375482412135e-5	113.69194092411594
-7.129364991953888e-5	113.8608691507672
-6.986284805694428e-5	113.80185466131577
-6.846076114964122e-5	113.6083242914246
-6.708681291332423e-5	113.31793274733758
-6.574043862921546e-5	115.33018948713246
-6.442108491195419e-5	113.2947121121056
-6.3128209482145e-5	113.05180831298193
-6.186128094347084e-5	112.79670262597696
-6.061977856427859e-5	112.54437289848184
-5.9403192063549134e-5	114.65724070227654
-5.821102140116175e-5	114.34660804859816
-5.7042776572368226e-5	114.02978619607114
-5.5897977406391754e-5	112.38901097634503
-5.4776153369067255e-5	112.24826571539238
-5.3676843369443434e-5	114.57305987091723
-5.259959557026531e-5	114.48780679534511
-5.154396720226065e-5	114.42688981607358
-5.050952438215343e-5	113.02743633811114
-4.949584193432932e-5	113.2004389298619
-4.85025032160809e-5	113.7800700527255
-4.752909994635925e-5	113.95578705515017
-4.6575232037962846e-5	113.90390858277361
-4.564050743309414e-5	113.71713701473014
-4.4724541942216154e-5	113.43324171841702
-4.3826959086143644e-5	115.453190352609
-4.294738994130279e-5	113.42017809766872
-4.208547298809667e-5	113.18269579444221
-4.1240853962313886e-5	112.93292217682301
-4.041318570951906e-5	112.68574717572612
-3.960212804236609e-5	114.806273468844
-3.8807347600774495e-5	114.50028189878797
-3.802851771491215e-5	114.18832119262792
-3.726531827092784e-5	112.54939367546625
-3.651743557937817e-5	112.41352807721356
-3.578456224629562e-5	114.74656741206381
-3.506639704684354e-5	114.6663389112571
-3.43626448015071e-5	114.61047634583295
-3.367301625476895e-5	113.21307520427463
-3.299722795621955e-5	113.39218563210561
-3.233500214405393e-5	113.97684766577264
-3.168606663090617e-5	114.15776540388136
-3.1050154691975235e-5	114.11106111003515
-3.0427004955396098e-5	113.92898979731245
-2.981636129481077e-5	113.64940344962314
-2.921797272409576e-5	115.67705582945919
-2.863159329420186e-5	113.64348548963426
-2.8056981992064443e-5	113.40925574917534
-2.749390264154259e-5	113.16261165660326
-2.694212380634604e-5	112.91842476209108
-2.6401418694910726e-5	115.0464433446037
-2.5871565067182997e-5	114.7428349346524
-2.5352345143274767e-5	114.43345715351194
-2.484354551395189e-5	112.79377941836347
-2.434495705291878e-5	112.66076741916498
-2.385637483086375e-5	115.00198375069614
-2.3377598031229026e-5	114.92487128336236
-2.2908429867671398e-5	114.87229874273893
-2.24486775031793e-5	113.47490658730942
-2.199815197081303e-5	113.65875197967407
-2.1556668096035954e-5	114.24805687446425
-2.1124044420604114e-5	114.43306366978338
-2.0700103127983487e-5	114.39019805186435
-2.0284669970264065e-5	114.21143559657841
-1.9877574196540514e-5	113.93468800784977
-1.947864848273051e-5	115.97008947200783
-1.908772886280124e-5	113.93390330499709
-1.8704654661376297e-5	113.70147521530774
-1.832926842769506e-5	113.456474842104
-1.796141587089736e-5	113.21380065668663
-1.760094579660715e-5	115.349195224469
-1.7247710044788664e-5	115.04642087024664
-1.6901563428849843e-5	114.73806003521828
-1.6562363675967926e-5	113.09582913152643
-1.622997136861252e-5	112.96427199872258
-1.59042498872425e-5	115.31360295812489
-1.5585065354152683e-5	115.23828642072012
-1.52722865784476e-5	115.18778908500147
-1.4965785002119535e-5	113.7889895637223
-1.4665434647208688e-5	113.97662973604567
-1.437111206402397e-5	114.57030110174799
-1.4082696280402741e-5	114.75864030167767
-1.3800068751988992e-5	114.71871616705093
-1.3523113313509377e-5	114.54233160077864
-1.325171613102701e-5	114.2674407366699
-1.2985765655153672e-5	116.31064933038006
-1.2725152575200827e-5	114.27044352485828
-1.2469769774250864e-5	114.03884167176795
-1.221951228513004e-5	113.79447682269812
-1.1974277247264906e-5	113.5496101037894
-1.1733963864404767e-5	115.68970456945227
-1.1498473363192443e-5	115.3746921734864
-1.1267708952566563e-5	115.03713914918369
-1.1041575783978618e-5	113.32492552371478
-1.0819980912408346e-5	113.05724047934287
-1.0602833258161666e-5	115.15911689986125
-1.0390043569435124e-5	114.65248994727315
-1.0181524385631732e-5	113.92897316495113
-9.977190001413023e-6	111.56735744415062
-9.776956431472459e-6	108.43630472607246
-9.58074137601598e-6	107.04251340383226
-9.388464186935162e-6	102.8403051045181
-9.200045834659329e-6	98.3696071415929
-9.015408875672917e-6	94.00328325158452
-8.834477420684672e-6	90.01483921975148
-8.657177103435782e-6	88.9743338962472
-8.483435050133884e-6	86.13347085631108
-8.313179849500576e-6	83.86424444956421
-8.146341523420028e-6	82.06727116033605
-7.982851498176604e-6	80.65558065932836
-7.822642576269845e-6	81.91164699935865
-7.665648908794962e-6	80.89137256731296
-7.511805968377709e-6	79.96351900255065
-7.361050522652412e-6	79.05124010287426
-7.213320608272231e-6	78.07274091292035
-7.0685555054411104e-6	79.4270254333665
-6.926695712956749e-6	78.10626527078085
-6.787682923754488e-6	76.52674530123264
-6.651460000942015e-6	74.6201857043616
-6.517970954314973e-6	72.3453509310967
-6.387160917343987e-6	72.15175658639056
-6.258976124623441e-6	69.29835013682192
-6.133363889772886e-6	66.0847802827627
-6.010272583781945e-6	62.640932407076576
-5.889651613789781e-6	59.07041946361481
-5.771451402290521e-6	57.889351468958054
-5.655623366755923e-6	54.37487629006259
-5.5421198996670504e-6	51.02054485329477
-5.430894348946685e-6	47.87167561049575
-5.321900998784403e-6	44.98414797576397
-5.2150950508465636e-6	44.76900464656692
-5.1104326058633085e-6	42.35742265645101
-5.007870645585139e-6	40.19299457455264
-4.907367015101608e-6	38.246479868862245
-4.8088804055148205e-6	36.47370035601963
-4.71237033696074e-6	37.31524988522315
-4.617797141971165e-6	35.77670002929681
-4.525121949169659e-6	34.30765857220369
-4.434306667294677e-6	32.852620856898554
-4.345313969543315e-6	31.364427634409665
-4.258107278229324e-6	32.270094153870524
4.258107278229324e-6	30.49029548595982
4.345313969543315e-6	31.51253521066494
4.434306667294677e-6	34.97398168144798
4.525121949169659e-6	38.31558470405212
4.617797141971165e-6	41.49072862321938
4.71237033696074e-6	44.48443745263438
4.8088804055148205e-6	44.7029651846361
4.907367015101608e-6	47.20515442250303
5.007870645585139e-6	49.42644336628036
5.1104326058633085e-6	51.379977326624655
5.2150950508465636e-6	53.0615181088627
5.321900998784403e-6	52.02929629808126
5.430894348946685e-6	53.332001759983505
5.5421198996670504e-6	54.531323701685125
5.655623366755923e-6	55.678272332610476
5.771451402290521e-6	56.84558231987061
5.889651613789781e-6	55.61157320453312
6.010272583781945e-6	57.02777209574277
6.133363889772886e-6	58.6731851876775
6.258976124623441e-6	60.60577019375547
6.387160917343987e-6	62.85377944417414
6.517970954314973e-6	63.08591972712401
6.651460000942015e-6	66.21951212828489
6.787682923754488e-6	69.72247763397154
6.926695712956749e-6	73.52008291413935
7.0685555054411104e-6	77.52072936901229
7.213320608272231e-6	79.02330500188631
7.361050522652412e-6	82.91957964783269
7.511805968377709e-6	86.50433022068529
7.665648908794962e-6	89.65764549760596
7.822642576269845e-6	92.27966550518815
7.982851498176604e-6	91.89040160812542
8.146341523420028e-6	93.51114448079485
8.313179849500576e-6	94.73601276272574
8.483435050133884e-6	95.64929390255347
8.657177103435782e-6	96.3510117844975
8.834477420684672e-6	94.44176494082667
9.015408875672917e-6	94.9479366475033
9.200045834659329e-6	95.44436481055291
9.388464186935162e-6	95.97798670151094
9.58074137601598e-6	96.58535510441622
9.776956431472459e-6	94.98827232560797
9.977190001413023e-6	96.1730606273393
1.0181524385631732e-5	97.75800476633684
1.0390043569435124e-5	99.63169750412045
1.0602833258161666e-5	101.93522798935595
1.0819980912408346e-5	102.0538841313398
1.1041575783978618e-5	104.86970479380167
1.1267708952566563e-5	107.74201292952294
1.1498473363192443e-5	110.25732750815541
1.1733963864404767e-5	112.3575980524621
1.1974277247264906e-5	111.52446774260721
1.221951228513004e-5	112.74128695581676
1.2469769774250864e-5	113.61612312353992
1.2725152575200827e-5	113.97263599000388
1.2985765655153672e-5	114.34525383627424
1.325171613102701e-5	112.12083439699416
1.3523113313509377e-5	112.33034395556963
1.3800068751988992e-5	113.03469277291187
1.4082696280402741e-5	113.26877942171544
1.437111206402397e-5	113.45169154528372
1.4665434647208688e-5	111.29426746857884
1.4965785002119535e-5	111.50926477710301
1.52722865784476e-5	111.82568210728128
1.5585065354152683e-5	112.01527207649707
1.59042498872425e-5	112.91197136206821
1.622997136861252e-5	110.78968548219841
1.6562363675967926e-5	111.23201234399014
1.6901563428849843e-5	111.83910775050772
1.7247710044788664e-5	112.38488767693956
1.760094579660715e-5	112.9243614313336
1.796141587089736e-5	111.67468523929072
1.832926842769506e-5	112.22386374626129
1.8704654661376297e-5	113.0915102250791
1.908772886280124e-5	113.44344327241936
1.947864848273051e-5	113.81119272296208
1.9877574196540514e-5	111.59360094453453
2.0284669970264065e-5	111.79880743384717
2.0700103127983487e-5	112.49600547566091
2.1124044420604114e-5	112.72579000863476
2.1556668096035954e-5	112.9049278405594
2.199815197081303e-5	110.75548192427102
2.24486775031793e-5	110.96782891848073
2.2908429867671398e-5	111.28185751329228
2.3377598031229026e-5	111.46990304607777
2.385637483086375e-5	112.36073325202172
2.434495705291878e-5	110.24845047556047
2.484354551395189e-5	110.68786462612144
2.5352345143274767e-5	111.2910451451181
2.5871565067182997e-5	111.83217316949683
2.6401418694910726e-5	112.36614894565572
2.694212380634604e-5	111.118830815176
2.749390264154259e-5	111.66208301082571
2.8056981992064443e-5	112.52103603160081
2.863159329420186e-5	112.86715604398466
2.921797272409576e-5	113.22878780648172
2.981636129481077e-5	111.01783500031614
3.0427004955396098e-5	111.2175577167162
3.1050154691975235e-5	111.90610421169977
3.168606663090617e-5	112.13042882781613
3.233500214405393e-5	112.30474205946376
3.299722795621955e-5	110.16341645226251
3.367301625476895e-5	110.37219708638193
3.43626448015071e-5	110.68295411117319
3.506639704684354e-5	110.86858808333558
3.578456224629562e-5	111.75207616423599
3.651743557937817e-5	109.65001352111001
3.726531827092784e-5	110.08519435291846
3.802851771491215e-5	110.68297224054687
3.8807347600774495e-5	111.21774648831686
3.960212804236609e-5	111.74445726667284
4.041318570951906e-5	110.49853037457238
4.1240853962313886e-5	111.03394852618115
4.208547298809667e-5	111.8820001411237
4.294738994130279e-5	112.22050673357528
4.3826959086143644e-5	112.57420736798449
4.4724541942216154e-5	110.36966524357109
4.564050743309414e-5	110.56219748070382
4.6575232037962846e-5	111.23990775332862
4.752909994635925e-5	111.45709695585802
4.85025032160809e-5	111.62505625504133
4.949584193432932e-5	109.49208437825828
5.050952438215343e-5	109.69593457684549
5.154396720226065e-5	110.00209073084149
5.259959557026531e-5	110.18399645191286
5.3676843369443434e-5	111.05793451439949
5.4776153369067255e-5	108.96638435626488
5.5897977406391754e-5	109.39535712039525
5.7042776572368226e-5	109.98552035352304
5.821102140116175e-5	110.51143211819034
5.9403192063549134e-5	111.02828040605567
6.061977856427859e-5	109.78235121356848
6.186128094347084e-5	110.30715351349161
6.3128209482145e-5	111.14108603226717
6.442108491195419e-5	111.46937070639345
6.574043862921546e-5	111.8125291412603
6.708681291332423e-5	109.61414273715138
6.846076114964122e-5	109.79703719544885
6.986284805694428e-5	110.46075612367815
7.129364991953888e-5	110.6684093148593
7.275375482412135e-5	110.8278012751899
7.424376290149399e-5	108.70356099639062
7.576428657323014e-5	108.90046015856394
7.731595080339098e-5	109.20002246716989
7.889939335539797e-5	109.37620886442333
8.051526505416515e-5	110.2372996921857
8.216423005360088e-5	108.15664525153358
8.384696610958763e-5	108.57646766459915
8.556416485855234e-5	109.15574796873089
8.731653210174262e-5	109.66916021777925
8.910478809532371e-5	110.17235118884258
9.092966784641788e-5	108.92444140624261
9.279192141520625e-5	109.43461929198105
9.46923142232175e-5	110.2497944834622
9.663162736793128e-5	110.56412337028056
9.86106579438232e-5	110.89303067813248
0.00010063021936998635	108.70057287986108
0.00010269114172446183	108.8703696822784
0.00010479427208541641	109.51560108787963
0.00010694047487930832	109.71034038424926
0.00010913063223618202	109.85799531224419
0.00011136564435224097	107.74310150771466
0.0001136464298598452	107.93008662710956
0.00011597392620508646	108.22008704763182
0.00011834909003309695	108.3875578663559
0.00012077289758124772	109.23089548679555
0.00012324634508040133	107.16161333698413
0.00012577044916438145	107.56791910589463
0.0001283462472878285	108.13155641213339
0.00013097479815261392	108.62742094705935
0.00013365718214298556	109.11146371620225
0.00013639450176962682	107.85883649408557
0.00013918788212280938	108.34872060033578
0.00014203847133482624	109.13856107934733
0.00014494744105189692	109.43368878356702
0.0001479159869157348	109.74318759854012
0.0001509453290549795	107.55660407290084
0.00015403671258669275	107.70851608029082
0.0001571914081281246	108.32897952892539
0.00016041071231896249	108.50612694917277
0.00016369594835427304	108.63754319273723
0.00016704846652836148	106.53295990475773
0.00017046964478976783	106.70571293234644
0.00017396088930762967	106.98171722125268
0.00017752363504964543	107.13593144454074
0.00018115934637187158	107.95420527385106
0.00018486951762060197	105.89677943853148
0.00018865567374657218	106.28313011938856
0.00019251937093174278	106.82443824967774
0.0001964621972289209	107.29581957397134
0.00020048577321447834	107.75294452806419
0.00020459175265444024	106.49193195956514
0.00020878182318421405	106.95367078872142
0.00021305770700223936	107.7090080991658
0.00021742116157784537	107.97769381040678
0.0002218739803736022	108.260737613081
0.00022641799358246928	106.08036580606132
0.00023105506888003913	106.20785285058075
0.0002357871121921869	106.79487266343287
0.00024061606847844373	106.94752666762146
0.00024554392253140953	107.05629419802813
0.0002505726997925422	104.96337389631412
0.00025570446718465174	105.1156473334084
0.00026094133396144454	105.37102205442724
0.00026628545257446814	105.50509741426103
0.00027173901955780737	106.28753829196475
0.000277304276430903	104.24232556051959
0.00028298351061985824	104.5995970289623
0.00028877905639761414	105.10947949704256
0.0002946932958433813	105.54510660585645
0.0003007286598217175	105.96501168542216
0.00030688762898166037	104.69103765168452
0.0003131727347763211	105.11405823517617
0.00031958656050335907	105.8223713116358
0.00032613174236676806	106.05479402271041
0.00033281097056040327	106.30186270686778
0.00033962699037370394	104.12875574654427
0.0003465826033200587	104.22290662239949
0.0003536806682882804	104.76425379075863
0.0003609241027176656	104.88326418190539
0.00036831588379711435	104.96026988039756
0.0003758590496888133	102.88055251637745
0.0003835567007769776	103.00277310724698
0.0003914120009421668	103.22693345627097
0.0003994281788617022	103.32971528755819
0.0004076085293367111	104.05988175528475
0.00041595641464635446	102.02664173771763
0.00042447526592978736	102.34204834335746
0.00043316858459642124	102.80658386272644
0.000442039943765072	103.19305322060262
0.0004510929897325762	103.56459394698412
0.0004603314434724905	102.2715730220954
0.0004697591021644816	102.64083578277335
0.0004793798407550386	103.28396217762545
0.0004891976135501521	103.465592437471
0.000499216455840605	103.66240375707312
0.0005094404855605558	101.4975280040089
0.0005198739049800881	101.54433758091852
0.0005305210024324205	102.02193261554224
0.0005413861540764983	102.09285250195495
0.0005524738256956715	102.1230795718327
0.0005637885745332199	100.05686012981522
0.0005753350511654663	100.13242952668365
0.0005871180014132501	100.3089196181216
0.0005991422682925533	100.3648439821554
0.0006114127940050665	101.02144504581351
0.0006239346219695317	99.00450349211133
0.0006367128988946811	99.26293526785528
0.0006497528768946319	99.6670716313727
0.000663059915647608	99.98927250927241
0.0006766394845988643	100.29292313207196
0.0006904971652087358	98.97384096301963
0.0007046386532467224	99.26971973197371
0.0007190697611325579	99.82380343800835
0.0007337964203252282	99.93578153977347
0.0007488246837609074	100.06359838098564
0.0007641607283408339	97.90938949716718
0.000779810857470132	97.8905099374493
0.0007957815036486309	98.27854858136834
0.0008120792311147475	98.28037999841372
0.0008287107385435072	98.24367894036034
0.0008456828617998299	96.19444238419192
0.0008630025767481995	96.20677669043569
0.0008806770021198753	96.32110455487816
0.00089871340243883	96.31749498598231
0.0009171191910075999	96.87973456926517
0.0009359019329542975	94.89084627931301
0.0009550693483420216	95.07864862381402
0.0009746293153419477	95.40646906295936
0.000994589873471412	95.64219650508477
0.0010149592268982965	95.8547259355058
0.0010357457478131038	94.5031598612054
0.0010569579798700836	94.7009159212616
0.0010786046416988368	95.13631462696331
0.0011006946304878422	95.15554699224387
0.001123237025641361	95.1924986318202
0.0011462410925112507	93.05465025181292
0.0011697162862051981	92.95184569568508
0.0011936722554729462	93.22735317458623
0.0012181188466721213	93.1464263918899
0.0012430661078152608	93.03196419008137
0.001268524292699745	91.01895492260452
0.0012945038651222993	90.96023808030847
0.001321015503179813	91.0053739234783
0.001348070103658245	90.93532033601812
0.0013756787865113998	91.38372972742029
0.0014038528994314463	89.44025980220518
0.0014326040225130323	89.54150555717992
0.0014619439730129216	89.77573075917141
0.001491884810207118	89.90563435070557
0.0015224388403474447	90.00720361520733
0.0015536186217196555	88.62567567598617
0.0015854369698051255	88.70968037209087
0.0016179069625482552	89.0050854777137
0.0016510419457317633	88.92230892867119
0.0016848555384620417	88.86099642548385
0.0017193616387668762	86.76542224492331
0.001754574429307797	86.57649298453092
0.0017905083832094194	86.73313771906423
0.001827178270008182	86.56641802896321
0.0018645991617228914	86.3711755789715
0.0019027864390496173	84.41581008325785
0.0019417557976834491	84.27769326912738
0.0019815232547697194	84.24514789250063
0.0020221051554873675	84.09989474298874
0.0020635181797670995	84.4187578923819
0.0021057793491471694	82.53831531705139
0.0021489060337695487	82.54315352555011
0.0021929159595193825	82.67252929700572
0.0022378272153106772	82.68635804178706
0.002283658260521167	82.66240464669053
0.002330427932579483	81.25816884101138
0.0023781554547076863	81.21309213098125
0.0024268604438223845	81.34981517947963
0.002476562918597645	81.14956900007948
0.0025272833076930624	80.97537010532164
0.0025790424581503143	78.93944680691159
0.0026318616439616935	78.65071018499061
0.002685762574814131	78.66554099907086
0.002740767405012273	78.4005979328668
0.002796898742584337	78.11337681989279
0.002854179658574426	76.23843346822841
0.0029126336965251713	76.01327920060226
0.002972284882154581	75.89288715622058
0.0030331577332310513	75.66493352625184
0.0030952772696506495	75.8369159243712
0.0031586690237207543	74.05049660813576
0.0032233590506543204	73.95633019848415
0.003289373939279076	73.98123265704844
0.0033567408229660156	73.88755800324547
0.0034254873907817508	73.75818009359327
0.003495641898869225	72.38717077865007
0.00356723318206153	72.24604649135682
0.003640290665733577	72.26087975026684
0.0037148443778964673	71.99316715952408
0.003790924961539594	71.7522897871306
0.003868563687225471	69.85889652864377
0.00394779246594254	69.50955154484416
0.0040286438622211965	69.40685331736017
0.0041111511075184095	69.06200584564883
0.004195348113876505	68.69392917225618
0.004281269487861639	66.92012367461741
0.004368950544787757	66.57766354303844
0.004458427323231872	66.33194258266886
0.0045497365998465765	65.98337245857732
0.004642915904475974	65.97047985618156
0.004738003535581132	64.28384168694103
0.004835038575981481	64.08025971902083
0.004934060908918614	63.97555678500385
0.005035111234449024	63.74573951611751
0.005138231086172626	63.46631926291554
0.005243462848303838	62.09394504212578
0.005350849773092295	61.78235404408478
0.005460435998600365	61.570741205048954
0.005572266566844701	61.13289932477652
0.005686387442309391	60.74405742438429
0.005802845530838207	58.95405918119892
0.005921688698913811	58.47676821561098
0.006042965793331795	58.19669746574965
0.006166726661277614	57.732369450058236
0.006293022170814758	57.24834432087189
0.0064219042317924585	55.61754774759368
0.006553425817181636	55.15609763360394
0.006687640984847807	54.803847370623686
0.006824604899769865	54.344545146752864
0.006964373856713961	54.16194112862046
0.007107005303371697	52.61536262086211
0.007252557863972222	52.28419299016698
0.007401091363377921	52.06406704253847
0.007552666851673535	51.72093313329269
0.0077073466292589396	51.34722332716848
0.007865194272455757	50.108705370313935
0.008026274659638441	49.74220441060503
0.008190653997900548	49.46118437288147
0.008358399850267052	48.992775529217916
0.008529581163464086	48.56775282022751
0.00870426829625731	47.0002590397464
0.008882533048370717	46.479240479308366
0.009064448689997692	46.109427060591145
0.009250089991916422	45.5884419683769
0.009439533256222137	45.05130453792499
0.009632856347688687	43.61490405782065
0.009830138725772453	43.119161100287386
0.010031461477271712	42.72423172126847
0.010236907349654798	42.25527556625452
0.010446560785070943	41.9567358071267
0.010660507955057545	40.624422457445434
0.010878836795958332	40.26925336198535
0.011101637045066882	40.06021677871602
0.011329000277510302	39.75794716224475
0.011561019943888409	39.42514352660747
0.011797791408683634	38.389699521243166
0.012039411989457663	37.98470988543413
0.012285980996850823	37.60379204500167
0.012537599775400577	37.07548496240582
0.01279437174519613	36.601453874520445
0.013056402444385965	35.234563908808404
0.013323799572556074	34.72212598497466
0.013596673034996539	34.381267790982825
0.013875134987874632	33.9547801061404
0.014159299884333206	33.524859627518694
0.014449284521533032	32.43744787853216
0.01474520808865868	32.0151608238585
0.015047192215907567	31.718380146145787
0.015355361024482195	31.31775831341591
0.015669841177606413	31.101617576066737
0.01599076193258632	30.078234116144575
0.016318255193937498	29.794530889337288
0.01665245556760032	29.621394481099035
0.016993500416265454	29.31827434468292
0.017341529915832612	28.97048948447984
0.017696687113025453	28.08894575191633
0.018059117984186496	27.724877677948403
0.018428971495276232	27.405261269151016
0.018806399663100867	26.955536678993962
0.019191557617794192	26.555191637870482
0.019584603666578947	25.525124537845297
0.01998569935883411	25.138136712145098
0.02039500955249481	24.908729245331692
0.020812702481811947	24.587514537766552
0.02123894982649981	24.263265815396483
0.021673926782299548	23.443806059092445
0.02211781213298802	23.10167841999534
0.022570788323861352	22.804717537641814
0.023033041536723295	22.446871493532296
0.02350476176640962	22.2725271230074
0.023986142898879476	21.425184070306
0.024477382790906246	21.11344824113702
0.024978683351400483	20.81259530210795
0.02549025062439818	20.487079821560783
0.02601229487374892	20.151085150646974
0.026545030669538176	19.52693590907697
0.02708867697627974	19.19141842343374
0.02764345724291435	18.95669568080112
0.0282095994946513	18.58004870248749
0.02878733642669129	18.220572469493103
0.029376905499868423	17.43814002528956
0.029978549038251166	17.07728309430087
0.030592514328742212	16.850464216686785
0.031219053722717924	16.512323448379963
0.03185842473974971	16.18445060605785
0.03251089017344932	15.529227939814726
0.03317671819948203	15.243199330963549
0.03385618248579202	14.967694293826309
0.03454956230508494	14.678384136298474
0.03525714264961443	14.514502452219427
0.035979214348319216	13.906407939409538
0.036716074186359374	13.60849739304725
0.037468025027100726	13.302074607302545
0.038235375936597274	12.978029145275155
0.03901844231062338	12.642410532733427
0.039817546004307265	12.174190641709874
0.04063301546441961	11.897050239389245
0.04146518586437153	11.714013748386254
0.04231439924197695	11.450110248301117
0.043181004640036935	11.204592677422173
0.044065358249802636	10.707057561037404
0.04496782355737675	10.434149980890417
0.045888771493113316	10.286238510970355
0.046828580584076886	10.027706381954783
0.04778763710962457	9.766799420213445
0.04876633526017398	9.305516490291373
0.04976507729922305	9.049966808151149
0.05078427372868804	8.79575787270009
0.05182434345762741	8.538788010726265
0.05288571397442165	8.410946051458481
0.053968821522478824	8.01928217516796
0.055074111279539054	7.859108178956903
0.05620203754065109	7.713274098088572
0.057353063904895904	7.521869594132019
0.05852766346593507	7.322738568526067
0.05972631900646087	7.08305005694882
0.06094952319662942	6.891236978801249
0.06219777879655729	6.771493475882563
0.06347159886296545	6.559665308759576
0.0647715069600554	6.353057820608855
0.06609803737470393	6.012236996458177
0.06745173533606512	5.842316148607393
0.06883315723966997	5.725313972921156
0.07024287087611535	5.556891343764758
0.07168145566443686	5.363226499422133
0.07314950289026094	5.096579290339989
0.07464761594883457	4.944769861666444
0.07617641059303205	4.796837630259789
0.07773651518644115	4.645993734156903
0.07932857096163247	4.549832863567357
0.0809532322837182	4.313826142029733
0.08261116691930859	4.1768113651914485
0.08430305631097663	4.052749073904581
0.08602959585734389	3.924247619996466
0.0877914951989026	3.7926983681251567
0.08958947850969132	3.623022613260332
0.09142428479494413	3.498170956129672
0.09329666819483592	3.3980508768316313
0.09520739829444817	3.2736885452020363
0.0971572604400831	3.151276533479086
0.09914705606205589	2.9607534712897254
0.10117760300409769	2.8422277064944774
0.10324973585950496	2.750155823448188
0.10536430631417303	2.6450225367644746
0.10752218349665528	2.548329232466133
0.10972425433539142	2.4068945235693193
0.11197142392325185	2.3272534497557213
0.11426461588954809	2.253446766415368
0.11660477277966172	2.171806915528928
0.1189928564424487	2.122764828458859
0.12142984842557732	2.00300118742631
0.12391675037896288	1.9338494179178447
0.12645458446646496	1.8683427825505154
0.12904439378601584	1.8028976432646826
0.13168724279835392	1.7399223307224874
0.13438421776453696	1.667664393435939
0.1371364271924162	1.608817687225875
0.1399450022922539	1.5702717170008211
0.14281109744167225	1.5118594035748987
0.14573589066012466	1.4540204404170012
0.14872058409308384	1.3656064668395067
0.15176640450614653	1.3131942787290338
0.15487460378925744	1.280473400619342
0.15804645947125953	1.233154601129812
0.16128327524498293	1.1876492417494333
0.16458638150308713	1.1183050819525258
0.1679571358848778	1.075876089378393
0.17139692383432215	1.0349798773272607
0.17490715916949257	0.993708755575445
0.17848928466367306	0.9687073748773667
0.18214477263836595	0.905736298728843
0.18587512556844432	0.864426663702529
0.1896818766996974	0.8227396185812054
0.19356659067902376	0.7840277972759004
0.19753086419753085	0.7482065277910585
0.20157632664680544	0.7138990991670151
0.20570464078862427	0.6868048321965817
0.20991750343838084	0.6755888205310144
0.21421664616250838	0.6487769461847277
0.21860383599018698	0.6231297504829411
0.22308087613962574	0.583058690680317
0.2276496067592198	0.5590366066542333
0.23231190568388618	0.5492859004289207
0.2370696892068893	0.5267303751713633
0.2419249128674744	0.5049435106053559
0.2468795722546307	0.4713196962323938
0.25193570382731667	0.45084836346534773
0.2570953857514832	0.43141321791731546
0.2623607387542389	0.41273557726329313
0.2677339269955096	0.4050665988837989
0.27321715895754894	0.3785505933954596
0.2788126883526665	0.36382731864592877
0.28452281504954613	0.3509754305781692
0.2903498860185356	0.33880471814195934
0.2962962962962963	0.3272300312592177
0.3023644899702082	0.3148315802188237
0.30855696118293646	0.3029250072458307
0.3148762551575712	0.29893666473670616
0.3213249692437626	0.29006847653520224
0.3279057539852805	0.28111892330426075
0.33462131420943864	0.26459860850655265
0.34147441013882973	0.25534819806662384
0.3484678585258292	0.24852817387715664
0.35560453381033397	0.2391572357781711
0.36288736930121157	0.23054773441671497
0.370319358381946	0.2167105999777981
0.37790355574097506	0.20909752748779958
0.38564307862722474	0.20176345193064402
0.3935411081313583	0.1945027195515841
0.40160089049326436	0.18808160651239977
0.4098257384363234	0.17623050888049901
0.4182190325289998	0.1694419327375537
0.42678422257431914	0.16284535917697296
0.43552482902780343	0.15628936136434166
0.4444444444444444	0.1498113844469352
0.4535467349553123	0.1405789934142218
0.4628354417744047	0.13492125324493098
0.47231438273635684	0.13033961118626416
0.48198745386564384	0.1259535660382286
0.4918586309779207	0.1220236139144777
0.5019319713141579	0.11529572230080015
0.5122116152082447	0.11213724724731136
0.5227017877887438	0.10938365685467691
0.533406800715501	0.10667481451442479
0.5443310539518174	0.10418010578564188
0.555479037572919	0.09927088855072365
0.5668553336114626	0.09734319995222367
0.5784646179408371	0.09537544699237392
0.5903116621970375	0.09327303600367222
0.6024013357398965	0.09104269862303295
0.6147386076544852	0.08619204607598116
0.6273285487934996	0.0834111186650732
0.6401763338614787	0.08027702522965745
0.6532872435417052	0.07676103111944078
0.6666666666666666	0.07289852506113452
0.6803201024329685	0.06727157581996693
0.6942531626616071	0.06341347370129231
0.7084715741045352	0.05998079434971516
0.7229811807984657	0.05681168536693172
0.7377879464668811	0.05419694694278667
0.752897956971237	0.05060118684601507
0.7683174228123669	0.04911216002133087
0.7840526816831157	0.04818506307233771
0.8001102010732514	0.04750148138720616
0.816496580927726	0.047069151871177925
0.8332185563593787	0.04539401697019262
0.850283000417194	0.04534271797801418
0.8676969269112557	0.04502462559641775
0.8854674932955561	0.04433520341948675
0.9036020036098449	0.04324180389518507
0.9221079114817278	0.040580770872580094
0.9409928231902495	0.03856922216115519
0.960264500792218	0.036077555691926125
0.9799308653125577	0.03316986369339473
1.0	0.029963342201060787
