-1.0	0.034684901159649624
-0.9799308653125577	0.03839660990273308
-0.960264500792218	0.04184816734465997
-0.9409928231902495	0.044897801210355005
-0.9221079114817278	0.04743103362250814
-0.9036020036098449	0.05093449210889641
-0.8854674932955561	0.0525655696203175
-0.8676969269112557	0.05371699338412664
-0.850283000417194	0.05447898653895182
-0.8332185563593787	0.0549134153341553
-0.816496580927726	0.05750728445042308
-0.8001102010732514	0.05855402209025506
-0.7840526816831157	0.059937435003485806
-0.7683174228123669	0.061809918786811406
-0.752897956971237	0.06429041901737569
-0.7377879464668811	0.06961688794801545
-0.7229811807984657	0.07372622290258668
-0.7084715741045352	0.07843566135197336
-0.6942531626616071	0.08403070397327937
-0.6803201024329685	0.0900612443401186
-0.6666666666666666	0.09880346764572963
-0.6532872435417052	0.10511150147524716
-0.6401763338614787	0.11116046738268075
-0.6273285487934996	0.11692445339666159
-0.6147386076544852	0.12233162688419714
-0.6024013357398965	0.13134936704521122
-0.5903116621970375	0.136692034701503
-0.5784646179408371	0.1419744202338669
-0.5668553336114626	0.14743146892070352
-0.555479037572919	0.15306137000110498
-0.5443310539518174	0.16404120816069945
-0.533406800715501	0.17042394924230347
-0.5227017877887438	0.17721221532496967
-0.5122116152082447	0.18465666562800845
-0.5019319713141579	0.19263314373200466
-0.4918586309779207	0.20863971033614798
-0.48198745386564384	0.21910873830669042
-0.47231438273635684	0.2304416141642312
-0.4628354417744047	0.24347357151513016
-0.4535467349553123	0.25770317111046404
-0.4444444444444444	0.2831893089647195
-0.43552482902780343	0.30112764385422985
-0.42678422257431914	0.3203603362736205
-0.4182190325289998	0.3414691114762224
-0.4098257384363234	0.36209304561023925
-0.40160089049326436	0.4008223885810418
-0.3935411081313583	0.42985550475057904
-0.38564307862722474	0.4621238242077216
-0.37790355574097506	0.49911753308767404
-0.370319358381946	0.5393539434117487
-0.36288736930121157	0.5998726154139663
-0.35560453381033397	0.6391343517896533
-0.3484678585258292	0.6836067829790529
-0.34147441013882973	0.7340504067923642
-0.33462131420943864	0.7854978353652851
-0.3279057539852805	0.8802716248859052
-0.3213249692437626	0.9509798036621481
-0.3148762551575712	1.0229639392866907
-0.30855696118293646	1.1105875696123932
-0.3023644899702082	1.2023669463723916
-0.2962962962962963	1.3569421643591393
-0.2903498860185356	1.475429076752984
-0.28452281504954613	1.6072726541994187
-0.2788126883526665	1.7551389006652807
-0.27321715895754894	1.8950846358499207
-0.2677339269955096	2.1570847842112513
-0.2623607387542389	2.377330103518442
-0.2570953857514832	2.617295359790455
-0.25193570382731667	2.906013101088974
-0.2468795722546307	3.217405797885783
-0.2419249128674744	3.6307969310183434
-0.2370696892068893	3.9412462292239834
-0.23231190568388618	4.285368446123693
-0.2276496067592198	4.656823318415168
-0.22308087613962574	5.028016173734359
-0.21860383599018698	5.645792224226263
-0.21421664616250838	6.070503464939742
-0.20991750343838084	6.447240421974014
-0.20570464078862427	6.880729270377436
-0.20157632664680544	7.243356785962879
-0.19753086419753085	7.932699206000574
-0.19356659067902376	8.33778875647238
-0.1896818766996974	8.699405589101323
-0.18587512556844432	8.98929043368815
-0.18214477263836595	9.081326071068174
-0.17848928466367306	9.593609187856375
-0.17490715916949257	9.679854904044651
-0.17139692383432215	9.641628137266352
-0.1679571358848778	9.546283243338864
-0.16458638150308713	9.320639444384339
-0.16128327524498293	9.294653463591493
-0.15804645947125953	9.090908932793877
-0.15487460378925744	8.861663528507574
-0.15176640450614653	8.61491569658583
-0.14872058409308384	8.359088029150586
-0.14573589066012466	8.326537268756066
-0.14281109744167225	8.088646195581235
-0.1399450022922539	7.796333429076774
-0.1371364271924162	7.5547279448176665
-0.13438421776453696	7.272799896184188
-0.13168724279835392	7.261685416976907
-0.12904439378601584	7.114611374745107
-0.12645458446646496	6.9733953541278515
-0.12391675037896288	6.839178695202301
-0.12142984842557732	6.681772032563243
-0.1189928564424487	6.739529711774553
-0.11660477277966172	6.644944552322158
-0.11426461588954809	6.562296392046962
-0.11197142392325185	6.509134877541294
-0.10972425433539142	6.46605550292465
-0.10752218349665528	6.595518802754549
-0.10536430631417303	6.607659599441492
-0.10324973585950496	6.63418726045433
-0.10117760300409769	6.675844886238214
-0.09914705606205589	6.718284847629915
-0.0971572604400831	6.972255354280226
-0.09520739829444817	7.042563351212949
-0.09329666819483592	7.063376017422075
-0.09142428479494413	7.1382068678098385
-0.08958947850969132	7.168243015661826
-0.0877914951989026	7.454624353476577
-0.08602959585734389	7.606632595278609
-0.08430305631097663	7.7679561820573335
-0.08261116691930859	7.942167052446102
-0.0809532322837182	8.063117364413653
-0.07932857096163247	8.45554144475148
-0.07773651518644115	8.677558215197683
-0.07617641059303205	8.903978808872047
-0.07464761594883457	9.160469929012633
-0.07314950289026094	9.413174379266094
-0.07168145566443686	9.828204852566712
-0.07024287087611535	10.140437943871827
-0.06883315723966997	10.458543160693534
-0.06745173533606512	10.78741383687081
-0.06609803737470393	11.10529673689706
-0.0647715069600554	11.707420753860143
-0.06347159886296545	12.071702556899954
-0.06219777879655729	12.318823655838612
-0.06094952319662942	12.698632806661417
-0.05972631900646087	12.939545938979336
-0.05852766346593507	13.592775022767121
-0.057353063904895904	14.022944867962941
-0.05620203754065109	14.468013752365257
-0.055074111279539054	14.936045817481789
-0.053968821522478824	15.248167500935958
-0.05288571397442165	16.10181479527961
-0.05182434345762741	16.65295902920158
-0.05078427372868804	17.212571274042226
-0.04976507729922305	17.819620912249825
-0.04876633526017398	18.426302464386172
-0.04778763710962457	19.254499778871843
-0.046828580584076886	19.974466834685945
-0.045888771493113316	20.70471843606699
-0.04496782355737675	21.455712474798748
-0.044065358249802636	22.19677103925344
-0.043181004640036935	23.56396254185849
-0.04231439924197695	24.461249690093155
-0.04146518586437153	24.921959180234296
-0.04063301546441961	25.78486976354036
-0.039817546004307265	26.150014854187297
-0.03901844231062338	27.43093357936535
-0.038235375936597274	28.351306096410298
-0.037468025027100726	29.317231275328766
-0.036716074186359374	30.33782137968623
-0.035979214348319216	30.83283060591484
-0.03525714264961443	32.62998012010072
-0.03454956230508494	33.807613777826646
-0.03385618248579202	35.019828857274014
-0.03317671819948203	36.31814926510022
-0.03251089017344932	37.65557269325302
-0.03185842473974971	39.15838782863726
-0.031219053722717924	40.69837816815702
-0.030592514328742212	42.25438537938473
-0.029978549038251166	43.865383283871445
-0.029376905499868423	45.46765056295364
-0.02878733642669129	48.15361422506611
-0.0282095994946513	49.86768759124873
-0.02764345724291435	50.5386607507297
-0.02708867697627974	52.30219120182139
-0.026545030669538176	52.95265749575072
-0.02601229487374892	55.93593291690325
-0.02549025062439818	57.93301684004667
-0.024978683351400483	60.01333748552681
-0.024477382790906246	62.197652506016006
-0.023986142898879476	63.103217966310915
-0.02350476176640962	66.90174383939667
-0.023033041536723295	69.4149847001648
-0.022570788323861352	72.0184365391488
-0.02211781213298802	74.75475481887364
-0.021673926782299548	77.58123077241224
-0.02123894982649981	80.56339805738655
-0.020812702481811947	83.67480277081744
-0.02039500955249481	86.79313388956218
-0.01998569935883411	89.94255369950618
-0.019584603666578947	93.03475531754123
-0.019191557617794192	98.35526363485425
-0.018806399663100867	101.62527754353498
-0.018428971495276232	102.57124507169273
-0.018059117984186496	105.82162138050799
-0.017696687113025453	106.85957313091775
-0.017341529915832612	112.77310476554125
-0.016993500416265454	116.48169711511017
-0.01665245556760032	120.33362674352051
-0.016318255193937498	124.3672085722155
-0.01599076193258632	125.9261856792085
-0.015669841177606413	133.04299933941974
-0.015355361024482195	137.34459747591072
-0.015047192215907567	141.6418515888785
-0.01474520808865868	146.0865581075371
-0.014449284521533032	150.4277511747377
-0.014159299884333206	155.3935705535883
-0.013875134987874632	159.7800654720042
-0.013596673034996539	164.18255568678222
-0.013323799572556074	168.5050748857617
-0.013056402444385965	172.6663908932284
-0.01279437174519613	180.80304882087694
-0.012537599775400577	185.12848648915036
-0.012285980996850823	186.033795681888
-0.012039411989457663	190.26673380401195
-0.011797791408683634	191.67534970580977
-0.011561019943888409	200.6952639977299
-0.011329000277510302	205.2201245804447
-0.011101637045066882	209.76259017575208
-0.010878836795958332	214.45293415105502
-0.010660507955057545	215.94004756382103
-0.010446560785070943	225.27437704645953
-0.010236907349654798	229.45947303320602
-0.010031461477271712	233.288902559756
-0.009830138725772453	237.05368936279476
-0.009632856347688687	240.36526845345037
-0.009439533256222137	246.2945675766372
-0.009250089991916422	249.15281467178835
-0.009064448689997692	251.99144184016882
-0.008882533048370717	254.71878969675592
-0.00870426829625731	257.08494020037637
-0.008529581163464086	265.5937333471521
-0.008358399850267052	268.31834128644454
-0.008190653997900548	268.123092160131
-0.008026274659638441	270.70433839727605
-0.007865194272455757	271.1383240629597
-0.0077073466292589396	279.7723951395117
-0.007552666851673535	281.89853026661507
-0.007401091363377921	283.8403913026148
-0.007252557863972222	285.5532203912034
-0.007107005303371697	284.95985206605684
-0.006964373856713961	292.459750795474
-0.006824604899769865	293.05161137191527
-0.006687640984847807	293.025110583205
-0.006553425817181636	293.0533036052854
-0.0064219042317924585	292.33517475362135
-0.006293022170814758	297.24302094066326
-0.006166726661277614	296.42308886708224
-0.006042965793331795	295.8727445106548
-0.005921688698913811	295.3847661549903
-0.005802845530838207	294.3826602558079
-0.005686387442309391	301.09400452973733
-0.005572266566844701	300.9741477789425
-0.005460435998600365	299.2724109006999
-0.005350849773092295	298.9351663795868
-0.005243462848303838	297.47135061007924
-0.005138231086172626	303.0612730193739
-0.005035111234449024	301.8939844897913
-0.004934060908918614	300.52696155504526
-0.004835038575981481	298.88690491426627
-0.004738003535581132	296.0994040223098
-0.004642915904475974	300.77808735870303
-0.0045497365998465765	298.4283713830766
-0.004458427323231872	295.46363366829746
-0.004368950544787757	293.1273995637449
-0.004281269487861639	289.9440007614457
-0.004195348113876505	294.1983021949884
-0.0041111511075184095	291.88575678393823
-0.0040286438622211965	289.9701565927317
-0.00394779246594254	288.26226955134626
-0.003868563687225471	285.59842381083826
-0.003790924961539594	290.9845205380974
-0.0037148443778964673	289.4781589497723
-0.003640290665733577	287.0940801947794
-0.00356723318206153	285.2325392839203
-0.003495641898869225	282.75644174714165
-0.0034254873907817508	285.9921660542251
-0.0033567408229660156	283.4027843721645
-0.003289373939279076	280.68736161410084
-0.0032233590506543204	277.7861768358749
-0.0031586690237207543	274.41188868812185
-0.0030952772696506495	277.74711094471996
-0.0030331577332310513	274.7598920664121
-0.002972284882154581	271.14725201498635
-0.0029126336965251713	268.5774427864655
-0.002854179658574426	264.98027265010296
-0.002796898742584337	269.36864234237294
-0.002740767405012273	267.4455001368896
-0.002685762574814131	265.7932201918377
-0.0026318616439616935	264.24589730183214
-0.0025790424581503143	261.18710294892236
-0.0025272833076930624	265.89758643211064
-0.002476562918597645	264.2586690233706
-0.0024268604438223845	261.96627010916535
-0.0023781554547076863	259.86657352509843
-0.002330427932579483	257.39088435964095
-0.002283658260521167	259.61103550829876
-0.0022378272153106772	257.05211233897
-0.0021929159595193825	254.47600796247883
-0.0021489060337695487	251.8405042857127
-0.0021057793491471694	249.03143575736843
-0.0020635181797670995	252.2461301937671
-0.0020221051554873675	249.8051696644702
-0.0019815232547697194	246.58613013302653
-0.0019417557976834491	244.61839092707328
-0.0019027864390496173	241.34678368897283
-0.0018645991617228914	245.94967889634648
-0.001827178270008182	244.60185296254537
-0.0017905083832094194	243.2908960449686
-0.001754574429307797	241.94783765727283
-0.0017193616387668762	238.8479076467895
-0.0016848555384620417	243.04114286027527
-0.0016510419457317633	241.49436873971112
-0.0016179069625482552	239.5811195832145
-0.0015854369698051255	237.77354048534897
-0.0015536186217196555	235.76251618283422
-0.0015224388403474447	237.7177898170927
-0.001491884810207118	235.68361475919278
-0.0014619439730129216	233.65347884178854
-0.0014326040225130323	231.5821837617342
-0.0014038528994314463	229.43255158741022
-0.0013756787865113998	232.71315870486285
-0.001348070103658245	230.85509860457535
-0.001321015503179813	228.11101040482436
-0.0012945038651222993	226.70490763815937
-0.001268524292699745	223.82872214181296
-0.0012430661078152608	228.3712598270986
-0.0012181188466721213	227.57286559732782
-0.0011936722554729462	226.75955425592576
-0.0011697162862051981	225.8904795896552
-0.0011462410925112507	223.14842382368585
-0.001123237025641361	227.31656942464508
-0.0011006946304878422	226.18664665777365
-0.0010786046416988368	224.72686443163798
-0.0010569579798700836	223.28678140147406
-0.0010357457478131038	221.66558530346614
-0.0010149592268982965	223.51092341805452
-0.000994589873471412	221.8677692792797
-0.0009746293153419477	220.23344102683575
-0.0009550693483420216	218.5763203076933
-0.0009359019329542975	216.88211221956567
-0.0009171191910075999	220.24324979894286
-0.00089871340243883	218.81359257606573
-0.0008806770021198753	216.4217904553433
-0.0008630025767481995	215.41187889888315
-0.0008456828617998299	212.84242236586184
-0.0008287107385435072	217.38826892240843
-0.0008120792311147475	216.97831447232463
-0.0007957815036486309	216.48719243689132
-0.000779810857470132	215.91393301196723
-0.0007641607283408339	213.39475723025893
-0.0007488246837609074	217.5272992818892
-0.0007337964203252282	216.6766971379955
-0.0007190697611325579	215.53272618442202
-0.0007046386532467224	214.37533019270725
-0.0006904971652087358	213.05741377461715
-0.0006766394845988643	214.88293587555438
-0.000663059915647608	213.5441550501795
-0.0006497528768946319	212.2053474940837
-0.0006367128988946811	210.84659918698702
-0.0006239346219695317	209.46065558918377
-0.0006114127940050665	212.88133235932136
-0.0005991422682925533	211.73231716721602
-0.0005871180014132501	209.55735015382464
-0.0005753350511654663	208.79939574253768
-0.0005637885745332199	206.4106062140143
-0.0005524738256956715	210.965386833918
-0.0005413861540764983	210.77529402580157
-0.0005305210024324205	210.45523079004636
-0.0005198739049800881	210.02187135800344
-0.0005094404855605558	207.59476232950428
-0.000499216455840605	211.66620769540606
-0.0004891976135501521	210.95093303492055
-0.0004793798407550386	209.97077462713827
-0.0004697591021644816	208.9673295045983
-0.0004603314434724905	207.8205320305791
-0.0004510929897325762	209.61989576098648
-0.000442039943765072	208.45328761798953
-0.00043316858459642124	207.2860491518829
-0.00042447526592978736	206.09455276880476
-0.00041595641464635446	204.88380326871697
-0.0004076085293367111	208.3255449578214
-0.0003994281788617022	207.33435927380827
-0.0003914120009421668	205.27489815364373
-0.0003835567007769776	204.6597598406858
-0.0003758590496888133	202.36745673598054
-0.00036831588379711435	206.9109444762381
-0.0003609241027176656	206.83895092616223
-0.0003536806682882804	206.61567361262615
-0.0003465826033200587	206.2626285647239
-0.00033962699037370394	203.88896583936312
-0.00033281097056040327	207.9207423222801
-0.00032613174236676806	207.29282591367325
-0.00031958656050335907	206.41987109644012
-0.0003131727347763211	205.51434858967124
-0.00030688762898166037	204.47609030773668
-0.0003007286598217175	206.26146905326283
-0.0002946932958433813	205.20936629943935
-0.00028877905639761414	204.15223393717403
-0.00028298351061985824	203.06731371364577
-0.000277304276430903	201.96623404176196
-0.00027173901955780737	205.42564516063482
-0.00026628545257446814	204.53557642050765
-0.00026094133396144454	202.54999420822924
-0.00025570446718465174	202.028721097356
-0.0002505726997925422	199.79996880956375
-0.00024554392253140953	204.34482475387196
-0.00024061606847844373	204.35363757630734
-0.0002357871121921869	204.20104102637936
-0.00023105506888003913	203.90719279568256
-0.00022641799358246928	201.57252167194676
-0.0002218739803736022	205.5905383521338
-0.00021742116157784537	205.02451198688897
-0.00021305770700223936	204.22348620697414
-0.00020878182318421405	203.387423154297
-0.00020459175265444024	202.4235359918091
-0.00020048577321447834	204.20340781390723
-0.0001964621972289209	203.23001008598513
-0.00019251937093174278	202.24790773433557
-0.00018865567374657218	201.23587196061635
-0.00018486951762060197	200.20890441152932
-0.00018115934637187158	203.68559187843394
-0.00017752363504964543	202.86585742896892
-0.00017396088930762967	200.93199956766196
-0.00017046964478976783	200.47785711481652
-0.00016704846652836148	198.29491468563222
-0.00016369594835427304	202.84899667559827
-0.00016041071231896249	202.91396110338115
-0.0001571914081281246	202.81219066850127
-0.00015403671258669275	202.56431746647218
-0.0001509453290549795	200.2569273638497
-0.0001479159869157348	204.27434171866452
-0.00014494744105189692	203.7522098723399
-0.00014203847133482624	202.9999679783112
-0.00013918788212280938	202.2111488588372
-0.00013639450176962682	201.29677291164126
-0.00013365718214298556	203.07609222948736
-0.00013097479815261392	202.15459227182583
-0.0001283462472878285	201.2220208716528
-0.00012577044916438145	200.25904547867776
-0.00012324634508040133	199.2811768345764
-0.00012077289758124772	202.77511838933205
-0.00011834909003309695	202.00296164962688
-0.00011597392620508646	200.1030735090997
-0.0001136464298598452	199.694987036421
-0.00011136564435224097	197.54190404751168
-0.00010913063223618202	202.10941676647644
-0.00010694047487930832	202.21319221523547
-0.00010479427208541641	202.14663333656492
-0.00010269114172446183	201.93095206414728
-0.00010063021936998635	199.64028183550812
-9.86106579438232e-5	203.66389920221548
-9.663162736793128e-5	203.17160621080666
-9.46923142232175e-5	202.45160681465245
-9.279192141520625e-5	201.69391682865052
-9.092966784641788e-5	200.8117354598714
-8.910478809532371e-5	202.59354243197123
-8.731653210174262e-5	201.705711754582
-8.556416485855234e-5	200.80538839644905
-8.384696610958763e-5	199.87471309070767
-8.216423005360088e-5	198.92896032587518
-8.051526505416515e-5	202.43997300018216
-7.889939335539797e-5	201.69945096511893
-7.731595080339098e-5	199.8205580013195
-7.576428657323014e-5	199.4435200118928
-7.424376290149399e-5	197.3082889646651
-7.275375482412135e-5	201.891602557855
-7.129364991953888e-5	202.02211677881456
-6.986284805694428e-5	201.9796023825467
-6.846076114964122e-5	201.78575153132945
-6.708681291332423e-5	199.50373478476303
-6.574043862921546e-5	203.53760754091297
-6.442108491195419e-5	203.06515759079358
-6.3128209482145e-5	202.3661071686898
-6.186128094347084e-5	201.62854416419665
-6.061977856427859e-5	200.76694244285056
-5.9403192063549134e-5	202.55321610056166
-5.821102140116175e-5	201.68693095836284
-5.7042776572368226e-5	200.80729093528862
-5.5897977406391754e-5	199.8974630408558
-5.4776153369067255e-5	198.97236425089545
-5.3676843369443434e-5	202.5002662481062
-5.259959557026531e-5	201.78043151365952
-5.154396720226065e-5	199.91340666093592
-5.050952438215343e-5	199.55708790576304
-4.949584193432932e-5	197.43117217401186
-4.85025032160809e-5	202.03180920819744
-4.752909994635925e-5	202.18073105724582
-4.6575232037962846e-5	202.15456123488005
-4.564050743309414e-5	201.97535131456476
-4.4724541942216154e-5	199.6961841025008
-4.3826959086143644e-5	203.74297255421084
-4.294738994130279e-5	203.28349289226216
-4.208547298809667e-5	202.59776787226386
-4.1240853962313886e-5	201.8729056650934
-4.041318570951906e-5	201.02410116175923
-3.960212804236609e-5	202.81612455028122
-3.8807347600774495e-5	201.96328194325497
-3.802851771491215e-5	201.09654056420914
-3.726531827092784e-5	200.19975171450238
-3.651743557937817e-5	199.28752308665352
-3.578456224629562e-5	202.83216560703147
-3.506639704684354e-5	202.12551955761515
-3.43626448015071e-5	200.26400423719403
-3.367301625476895e-5	199.92134819900053
-3.299722795621955e-5	197.79877464733525
-3.233500214405393e-5	202.41778228871203
-3.168606663090617e-5	202.57942363006774
-3.1050154691975235e-5	202.56434427868115
-3.0427004955396098e-5	202.39486778732046
-2.981636129481077e-5	200.11444814479418
-2.921797272409576e-5	204.17596380254295
-2.863159329420186e-5	203.7247627056574
-2.8056981992064443e-5	203.04720801488705
-2.749390264154259e-5	202.3300282869834
-2.694212380634604e-5	201.48877992221395
-2.6401418694910726e-5	203.2873801097449
-2.5871565067182997e-5	202.44253003237344
-2.5352345143274767e-5	201.58342027582862
-2.484354551395189e-5	200.69434535619624
-2.434495705291878e-5	199.7896852532112
-2.385637483086375e-5	203.35096465389515
-2.3377598031229026e-5	202.65237815937098
-2.2908429867671398e-5	200.79196280630458
-2.24486775031793e-5	200.4581599926736
-2.199815197081303e-5	198.33477576928377
-2.1556668096035954e-5	202.9729005661596
-2.1124044420604114e-5	203.1433947931035
-2.0700103127983487e-5	203.13583092351843
-2.0284669970264065e-5	202.97274908857165
-1.9877574196540514e-5	200.68819692183513
-1.947864848273051e-5	204.76569292230894
-1.908772886280124e-5	204.31956972806682
-1.8704654661376297e-5	203.64668840224323
-1.832926842769506e-5	202.9337876560883
-1.796141587089736e-5	202.09654777958067
-1.760094579660715e-5	203.90226064943454
-1.7247710044788664e-5	203.0617184669399
-1.6901563428849843e-5	202.206663502416
-1.6562363675967926e-5	201.32166774875353
-1.622997136861252e-5	200.4209599775872
-1.59042498872425e-5	203.99881694885778
-1.5585065354152683e-5	203.30478364382503
-1.52722865784476e-5	201.44241538727698
-1.4965785002119535e-5	201.1141884514717
-1.4665434647208688e-5	198.98711155338725
-1.437111206402397e-5	203.64489850847548
-1.4082696280402741e-5	203.82161749937492
-1.3800068751988992e-5	203.81913737892015
-1.3523113313509377e-5	203.66017767078336
-1.325171613102701e-5	201.36947474256755
-1.2985765655153672e-5	205.46382838740118
-1.2725152575200827e-5	205.02059764994866
-1.2469769774250864e-5	204.35001054384568
-1.221951228513004e-5	203.6390721004917
-1.1974277247264906e-5	202.80342896159334
-1.1733963864404767e-5	204.59915062484248
-1.1498473363192443e-5	203.74332611002615
-1.1267708952566563e-5	202.86399993604272
-1.1041575783978618e-5	201.9307832606133
-1.0819980912408346e-5	200.97972921361793
-1.0602833258161666e-5	204.3847340238272
-1.0390043569435124e-5	203.33268272264493
-1.0181524385631732e-5	200.83977618400448
-9.977190001413023e-6	199.51446518296513
-9.776956431472459e-6	195.91197089973866
-9.58074137601598e-6	195.49128609083533
-9.388464186935162e-6	189.4128357518534
-9.200045834659329e-6	182.2816218974065
-9.015408875672917e-6	174.55802694985567
-8.834477420684672e-6	166.75580656572555
-8.657177103435782e-6	163.76617002775367
-8.483435050133884e-6	157.16595569302552
-8.313179849500576e-6	151.56021033259205
-8.146341523420028e-6	146.9545742996055
-7.982851498176604e-6	143.2728063219303
-7.822642576269845e-6	144.70405031245747
-7.665648908794962e-6	142.18574044267007
-7.511805968377709e-6	140.11675171081023
-7.361050522652412e-6	138.2713680208708
-7.213320608272231e-6	136.5338262100241
-7.0685555054411104e-6	139.1852882067963
-6.926695712956749e-6	137.24484489723247
-6.787682923754488e-6	135.03821021996828
-6.651460000942015e-6	132.39452621288723
-6.517970954314973e-6	129.25591702385265
-6.387160917343987e-6	129.94275695683814
-6.258976124623441e-6	125.57599361992584
-6.133363889772886e-6	120.58099873267554
-6.010272583781945e-6	115.06388428668436
-5.889651613789781e-6	109.1221756602026
-5.771451402290521e-6	107.30406024619916
-5.655623366755923e-6	100.93769522092806
-5.5421198996670504e-6	94.60780705578745
-5.430894348946685e-6	88.43641531009092
-5.321900998784403e-6	82.5609981023957
-5.2150950508465636e-6	81.4368362911208
-5.1104326058633085e-6	76.20304194342557
-5.007870645585139e-6	71.47385174055789
-4.907367015101608e-6	67.17523556524306
-4.8088804055148205e-6	63.30382774278941
-4.71237033696074e-6	64.24329858851421
-4.617797141971165e-6	61.04580120648684
-4.525121949169659e-6	58.1133860024998
-4.434306667294677e-6	55.32384235098341
-4.345313969543315e-6	52.65214067426221
-4.258107278229324e-6	54.443168921994236
4.258107278229324e-6	49.300660859902386
4.345313969543315e-6	51.111093812054975
4.434306667294677e-6	57.370310208563204
4.525121949169659e-6	63.64003372420479
4.617797141971165e-6	69.8231792362745
4.71237033696074e-6	75.84456780592475
4.8088804055148205e-6	77.15836351605914
4.907367015101608e-6	82.56803467585075
5.007870645585139e-6	87.58256922942081
5.1104326058633085e-6	92.15096321289812
5.2150950508465636e-6	96.31916733672726
5.321900998784403e-6	95.4519016395688
5.430894348946685e-6	98.49437749926474
5.5421198996670504e-6	101.16556809256838
5.655623366755923e-6	103.49148759314212
5.771451402290521e-6	105.63241835778206
5.889651613789781e-6	103.34468163499209
6.010272583781945e-6	105.42868073266332
6.133363889772886e-6	107.68742527704072
6.258976124623441e-6	110.2524749761416
6.387160917343987e-6	113.21480297074896
6.517970954314973e-6	112.40140768286838
6.651460000942015e-6	116.60030844011521
6.787682923754488e-6	121.53714301077576
6.926695712956749e-6	127.20615427085293
7.0685555054411104e-6	133.54999970171764
7.213320608272231e-6	135.97492828628822
7.361050522652412e-6	143.08105136122407
7.511805968377709e-6	150.16930836068082
7.665648908794962e-6	156.92346701288236
7.822642576269845e-6	163.1343681008023
7.982851498176604e-6	163.98915771910347
8.146341523420028e-6	168.2682981820906
8.313179849500576e-6	171.6773881033283
8.483435050133884e-6	174.27256241423575
8.657177103435782e-6	176.27497721045478
8.834477420684672e-6	173.52107410915585
9.015408875672917e-6	174.7969610795293
9.200045834659329e-6	175.9200357518586
9.388464186935162e-6	176.98311976626675
9.58074137601598e-6	178.02534881815856
9.776956431472459e-6	174.85746163614795
9.977190001413023e-6	176.22833288945824
1.0181524385631732e-5	177.924261392935
1.0390043569435124e-5	180.13321403503073
1.0602833258161666e-5	182.928730695411
1.0819980912408346e-5	182.01492157325524
1.1041575783978618e-5	186.14251324116432
1.1267708952566563e-5	190.74855815555617
1.1498473363192443e-5	195.5213817734109
1.1733963864404767e-5	200.1669882847994
1.1974277247264906e-5	199.80140008829903
1.221951228513004e-5	203.02007616251464
1.2469769774250864e-5	203.4767303920719
1.2725152575200827e-5	206.1690019841244
1.2985765655153672e-5	206.78661797660683
1.325171613102701e-5	203.05981286692023
1.3523113313509377e-5	203.56528849168944
1.3800068751988992e-5	204.01503899625672
1.4082696280402741e-5	204.4137678718334
1.437111206402397e-5	204.7800885333678
1.4665434647208688e-5	203.46902482778012
1.4965785002119535e-5	203.89054939088086
1.52722865784476e-5	204.1770013534361
1.5585065354152683e-5	204.34145072054065
1.59042498872425e-5	204.29008985480783
1.622997136861252e-5	199.7251912542805
1.6562363675967926e-5	202.45069761835083
1.6901563428849843e-5	202.42339958401828
1.7247710044788664e-5	202.4605585527465
1.760094579660715e-5	202.69240461085894
1.796141587089736e-5	198.64130875571865
1.832926842769506e-5	201.83501600128275
1.8704654661376297e-5	202.2841548112994
1.908772886280124e-5	204.9539467434301
1.947864848273051e-5	205.56250106608593
1.9877574196540514e-5	201.85145901286896
2.0284669970264065e-5	202.34843079331534
2.0700103127983487e-5	202.7897055507814
2.1124044420604114e-5	203.1803328877468
2.1556668096035954e-5	203.53855203624232
2.199815197081303e-5	202.2268099403085
2.24486775031793e-5	202.6396273928078
2.2908429867671398e-5	202.91795411840982
2.3377598031229026e-5	203.07517753711878
2.385637483086375e-5	203.01770470764455
2.434495705291878e-5	198.47433052077656
2.484354551395189e-5	201.17426500264122
2.5352345143274767e-5	201.1411172589538
2.5871565067182997e-5	201.17228814879394
2.6401418694910726e-5	201.3967626995665
2.694212380634604e-5	197.36485212369502
2.749390264154259e-5	200.52856413919034
2.8056981992064443e-5	200.96766768164883
2.863159329420186e-5	203.61002894123612
2.921797272409576e-5	204.2066594499182
2.981636129481077e-5	200.5108730473862
3.0427004955396098e-5	200.99658040859302
3.1050154691975235e-5	201.42652668749116
3.168606663090617e-5	201.8062540958921
3.233500214405393e-5	202.15352558150437
3.299722795621955e-5	200.83789645423235
3.367301625476895e-5	201.23896865470914
3.43626448015071e-5	201.50611967659844
3.506639704684354e-5	201.65324914330566
3.578456224629562e-5	201.58687391855702
3.651743557937817e-5	197.06553574509763
3.726531827092784e-5	199.73373996852118
3.802851771491215e-5	199.6921410188614
3.8807347600774495e-5	199.71473851472126
3.960212804236609e-5	199.92893659809002
4.041318570951906e-5	195.91652759384442
4.1240853962313886e-5	199.0428947680421
4.208547298809667e-5	199.468323631669
4.294738994130279e-5	202.07604232205392
4.3826959086143644e-5	202.6566271712595
4.4724541942216154e-5	198.97546091767177
4.564050743309414e-5	199.4459447623964
4.6575232037962846e-5	199.86046685460096
4.752909994635925e-5	200.22525901811701
4.85025032160809e-5	200.55748995789673
4.949584193432932e-5	199.23335218972557
5.050952438215343e-5	199.61828899177883
5.154396720226065e-5	199.8698547792606
5.259959557026531e-5	200.0027492265671
5.3676843369443434e-5	199.92344674736177
5.4776153369067255e-5	195.4249791147642
5.5897977406391754e-5	198.0524816677085
5.7042776572368226e-5	197.99870061777804
5.821102140116175e-5	198.00899358007365
5.9403192063549134e-5	198.20873537791763
6.061977856427859e-5	194.21638108658405
6.186128094347084e-5	197.29475374261685
6.3128209482145e-5	197.70131493920496
6.442108491195419e-5	200.26399742096132
6.574043862921546e-5	200.8226838940044
6.708681291332423e-5	197.15541241928693
6.846076114964122e-5	197.6050877558539
6.986284805694428e-5	197.9984022395132
7.129364991953888e-5	198.3425208785221
7.275375482412135e-5	198.65391277322615
7.424376290149399e-5	197.3147100498949
7.576428657323014e-5	197.67725921427078
7.731595080339098e-5	197.90695484992864
7.889939335539797e-5	198.0197232762123
8.051526505416515e-5	197.9217734342659
8.216423005360088e-5	193.44754939904297
8.384696610958763e-5	196.02143053949646
8.556416485855234e-5	195.95021413649116
8.731653210174262e-5	195.9428920433099
8.910478809532371e-5	196.12225138617325
9.092966784641788e-5	192.15092756284395
9.279192141520625e-5	195.16609395304263
9.46923142232175e-5	195.54653324420465
9.663162736793128e-5	198.04945267221996
9.86106579438232e-5	198.57812654372788
0.00010063021936998635	194.92411422281347
0.00010269114172446183	195.34531644624175
0.00010479427208541641	195.7094830140168
0.00010694047487930832	196.02495480943574
0.00010913063223618202	196.30748351680592
0.00011136564435224097	194.94414610832644
0.0001136464298598452	195.27561392531445
0.00011597392620508646	195.47468486113604
0.00011834909003309695	195.5591454711386
0.00012077289758124772	195.43461914813048
0.00012324634508040133	190.98695212808084
0.00012577044916438145	193.488949201324
0.0001283462472878285	193.39314938238326
0.00013097479815261392	193.36086139343837
0.00013365718214298556	193.51163935227146
0.00013639450176962682	189.5631517111116
0.00013918788212280938	192.49389324876705
0.00014203847133482624	192.83844990929052
0.00014494744105189692	195.26130760241932
0.0001479159869157348	195.74916569633797
0.0001509453290549795	192.1083738254322
0.00015403671258669275	192.4910455117522
0.0001571914081281246	192.81565625702913
0.00016041071231896249	193.0917954753771
0.00016369594835427304	193.33472116052175
0.00016704846652836148	191.9351612542453
0.00017046964478976783	192.2238936021474
0.00017396088930762967	192.38056207592214
0.00017752363504964543	192.4257280900071
0.00018115934637187158	192.26404895079162
0.00018486951762060197	187.84694179499223
0.00018865567374657218	190.25198312234997
0.00019251937093174278	190.12242966290756
0.0001964621972289209	190.05552288742473
0.00020048577321447834	190.16697936628566
0.00020459175265444024	186.2449242840408
0.00020878182318421405	189.0627635775555
0.00021305770700223936	189.35912171330807
0.00021742116157784537	191.67512963364555
0.0002218739803736022	192.10870995871042
0.00022641799358246928	188.48286282447
0.00023105506888003913	188.81468396653685
0.0002357871121921869	189.08711770750674
0.00024061606847844373	189.31038448168653
0.00024554392253140953	189.49993616934933
0.0002505726997925422	188.04889086356079
0.00025570446718465174	188.2801539626865
0.00026094133396144454	188.37944911931731
0.00026628545257446814	188.37128468695926
0.00027173901955780737	188.15923551869636
0.000277304276430903	183.77983203849158
0.00028298351061985824	186.05513002291514
0.00028877905639761414	185.88104098003873
0.0002946932958433813	185.7680599150797
0.0003007286598217175	185.82799049341142
0.00030688762898166037	181.9399942223158
0.0003131727347763211	184.6088316058734
0.00031958656050335907	184.84287916338926
0.00032613174236676806	187.01866410635463
0.00033281097056040327	187.38256023365
0.00033962699037370394	183.7772793815146
0.0003465826033200587	184.04417860451733
0.0003536806682882804	184.25039232140037
0.0003609241027176656	184.40478065227356
0.00036831588379711435	184.52372083126784
0.0003758590496888133	183.00321007609574
0.0003835567007769776	183.159406949342
0.0003914120009421668	183.1833839371358
0.0003994281788617022	183.10495291151813
0.0004076085293367111	182.82747596318296
0.00041595641464635446	178.49864318842077
0.00042447526592978736	180.60440859336467
0.00043316858459642124	180.37441460144822
0.000442039943765072	180.2044518998252
0.0004510929897325762	180.20114078127196
0.0004603314434724905	176.3628101684846
0.0004697591021644816	178.83961745884238
0.0004793798407550386	178.99690180431423
0.0004891976135501521	180.99280235441626
0.000499216455840605	181.27008033086588
0.0005094404855605558	177.69611126349028
0.0005198739049800881	177.88063980450363
0.0005305210024324205	178.0028903448415
0.0005413861540764983	178.06741759906575
0.0005524738256956715	178.09023187149356
0.0005637885745332199	176.476583848307
0.0005753350511654663	176.53366302600966
0.0005871180014132501	176.457858675404
0.0005991422682925533	176.28858544973906
0.0006114127940050665	175.92859150305085
0.0006239346219695317	171.66830519459353
0.0006367128988946811	173.55927377564416
0.0006497528768946319	173.26345104631062
0.000663059915647608	173.02774323263793
0.0006766394845988643	172.95035790151877
0.0006904971652087358	169.19060191406598
0.0007046386532467224	171.42705132462183
0.0007190697611325579	171.49237026421446
0.0007337964203252282	173.2617924270254
0.0007488246837609074	173.43164482655968
0.0007641607283408339	169.90057621624896
0.000779810857470132	169.9777855839763
0.0007957815036486309	169.99043120444063
0.0008120792311147475	169.9403615599381
0.0008287107385435072	169.82991857302684
0.0008456828617998299	168.08547954591356
0.0008630025767481995	168.00835687484079
0.0008806770021198753	167.7958199905263
0.00089871340243883	167.49882987514786
0.0009171191910075999	167.02598938646958
0.0009359019329542975	162.84934295473312
0.0009550693483420216	164.4577536963172
0.0009746293153419477	164.06775916392704
0.000994589873471412	163.73721981439672
0.0010149592268982965	163.54249432376514
0.0010357457478131038	159.86469213703379
0.0010569579798700836	161.75847976614583
0.0010786046416988368	161.66455384304902
0.0011006946304878422	163.08935600777514
0.001123237025641361	163.0630728844729
0.0011462410925112507	159.5344796460046
0.0011697162862051981	159.41207571825748
0.0011936722554729462	159.21618817567523
0.0012181188466721213	158.9651025857375
0.0012430661078152608	158.6447066145088
0.001268524292699745	156.70489499738122
0.0012945038651222993	156.42821868198405
0.001321015503179813	156.02805080668833
0.001348070103658245	155.57598220570685
0.0013756787865113998	154.96825952328854
0.0014038528994314463	150.93669824836138
0.0014326040225130323	152.20349678224468
0.0014619439730129216	151.7102204175944
0.001491884810207118	151.25667254062824
0.0015224388403474447	150.89512189113225
0.0015536186217196555	147.23453218771323
0.0015854369698051255	148.68334036973923
0.0016179069625482552	148.401808673762
0.0016510419457317633	149.43300559102448
0.0016848555384620417	149.22819451221878
0.0017193616387668762	145.8083277184296
0.001754574429307797	145.52996121364657
0.0017905083832094194	145.1686368101597
0.001827178270008182	144.70267255696032
0.0018645991617228914	144.16849493438912
0.0019027864390496173	142.09646507550775
0.0019417557976834491	141.59553687959246
0.0019815232547697194	140.96903718183697
0.0020221051554873675	140.31092380911875
0.0020635181797670995	139.51283975746603
0.0021057793491471694	135.6495241595984
0.0021489060337695487	136.46842601949433
0.0021929159595193825	135.7639375819114
0.0022378272153106772	135.06848373325116
0.002283658260521167	134.4195970008686
0.002330427932579483	130.80254366905157
0.0023781554547076863	131.64583767642677
0.0024268604438223845	131.03422784936834
0.002476562918597645	131.52636805434736
0.0025272833076930624	131.02504188885504
0.0025790424581503143	127.70941132962645
0.0026318616439616935	127.19012431701131
0.002685762574814131	126.60000569564514
0.002740767405012273	125.8370532738323
0.002796898742584337	125.02538310831933
0.002854179658574426	122.87757196295905
0.0029126336965251713	122.15151373991011
0.002972284882154581	121.33299924464396
0.0030331577332310513	120.52553430811834
0.0030952772696506495	119.57131721883125
0.0031586690237207543	115.97631042698002
0.0032233590506543204	116.43642871338973
0.003289373939279076	115.64238937030112
0.0033567408229660156	114.89954017771832
0.0034254873907817508	114.23748958307156
0.003495641898869225	111.16494157157227
0.00356723318206153	111.79097870048642
0.003640290665733577	111.12768776169705
0.0037148443778964673	111.38071067912571
0.003790924961539594	110.70674964203988
0.003868563687225471	107.59538633201642
0.00394779246594254	106.85561106723131
0.0040286438622211965	106.03135705427846
0.0041111511075184095	105.17186698689869
0.004195348113876505	104.27128024855956
0.004281269487861639	102.18687972240616
0.004368950544787757	101.39900403399757
0.004458427323231872	100.51858433641172
0.0045497365998465765	99.71596159857471
0.004642915904475974	98.80375734317451
0.004738003535581132	95.71475839316832
0.004835038575981481	95.96391339484816
0.004934060908918614	95.21856616525093
0.005035111234449024	94.47537955623217
0.005138231086172626	93.78381471173151
0.005243462848303838	91.1064462649564
0.005350849773092295	91.4436296125016
0.005460435998600365	90.78380844550162
0.005572266566844701	90.84912506716152
0.005686387442309391	90.21169292514513
0.005802845530838207	87.57950563870548
0.005921688698913811	86.93937501182737
0.006042965793331795	86.14829321622912
0.006166726661277614	85.27607830971343
0.006293022170814758	84.31217858875483
0.0064219042317924585	82.29118727513506
0.006553425817181636	81.42016893402581
0.006687640984847807	80.49223562494227
0.006824604899769865	79.76920812631434
0.006964373856713961	79.11192000960419
0.007107005303371697	76.72026155693955
0.007252557863972222	76.93234053018136
0.007401091363377921	76.44201547031558
0.007552666851673535	75.61665009503801
0.0077073466292589396	74.72870943220907
0.007865194272455757	72.15784021953583
0.008026274659638441	72.0045258915261
0.008190653997900548	71.04997347569604
0.008358399850267052	70.77003164877547
0.008529581163464086	70.08062291221022
0.00870426829625731	67.86578546386988
0.008882533048370717	67.37849867929876
0.009064448689997692	66.80069134913626
0.009250089991916422	66.03109836247522
0.009439533256222137	65.26930943103044
0.009632856347688687	63.7937166342237
0.009830138725772453	63.1832646021388
0.010031461477271712	62.44597522384317
0.010236907349654798	61.75934912267755
0.010446560785070943	61.034302339583114
0.010660507955057545	58.90301690627
0.010878836795958332	58.99545216275308
0.011101637045066882	58.48608715076367
0.011329000277510302	57.93226332231152
0.011561019943888409	57.394906191323685
0.011797791408683634	55.57700783876621
0.012039411989457663	55.679277918732886
0.012285980996850823	55.10292696075219
0.012537599775400577	54.997882756063944
0.01279437174519613	54.36984028821197
0.013056402444385965	52.42718997261898
0.013323799572556074	51.78857189121539
0.013596673034996539	51.046633863730854
0.013875134987874632	50.28581848278279
0.014159299884333206	49.52952880528794
0.014449284521533032	48.19789253992412
0.01474520808865868	47.67747702005556
0.015047192215907567	47.129325971188536
0.015355361024482195	46.696629659284724
0.015669841177606413	46.14416171999342
0.01599076193258632	44.50290426240821
0.016318255193937498	44.556027680577984
0.01665245556760032	44.0559498478249
0.016993500416265454	43.546194252358916
0.017341529915832612	43.03516517130357
0.017696687113025453	41.58745976450956
0.018059117984186496	41.57370128997088
0.018428971495276232	41.01167604504427
0.018806399663100867	40.86405838100788
0.019191557617794192	40.28105483415444
0.019584603666578947	38.73426516566723
0.01998569935883411	38.1958829090549
0.02039500955249481	37.56882147736881
0.020812702481811947	36.933970991004955
0.02123894982649981	36.30452764985388
0.021673926782299548	35.301197101164064
0.02211781213298802	34.836203935796114
0.022570788323861352	34.3108220937708
0.023033041536723295	33.87401709790338
0.02350476176640962	33.3324992459644
0.023986142898879476	32.041196919416294
0.024477382790906246	31.97057880849928
0.024978683351400483	31.4519654591846
0.02549025062439818	30.91084877486957
0.02601229487374892	30.342347718685417
0.026545030669538176	29.17840756962368
0.02708867697627974	29.04637481173045
0.02764345724291435	28.496715825742587
0.0282095994946513	28.302614310969645
0.02878733642669129	27.76048668803746
0.029376905499868423	26.604364662888564
0.029978549038251166	26.128701293961324
0.030592514328742212	25.582090384615388
0.031219053722717924	25.005837376834386
0.03185842473974971	24.387066497332434
0.03251089017344932	23.56052479845923
0.03317671819948203	22.966787024138867
0.03385618248579202	22.31265981041239
0.03454956230508494	21.807052126543663
0.03525714264961443	21.30086000348373
0.035979214348319216	20.38028122132357
0.036716074186359374	20.207982328829466
0.037468025027100726	19.72627480501791
0.038235375936597274	19.234114019933422
0.03901844231062338	18.7314367075043
0.039817546004307265	17.908773232821126
0.04063301546441961	17.703578055456003
0.04146518586437153	17.211967034071034
0.04231439924197695	16.95663689432078
0.043181004640036935	16.455459448942147
0.044065358249802636	15.626547447437018
0.04496782355737675	15.196258241900798
0.045888771493113316	14.741568829439723
0.046828580584076886	14.300175311411964
0.04778763710962457	13.912573227109
0.04876633526017398	13.440514785974095
0.04976507729922305	13.10525431092813
0.05078427372868804	12.74057289163958
0.05182434345762741	12.398572262073833
0.05288571397442165	12.024599003213435
0.053968821522478824	11.42783051446151
0.055074111279539054	11.213793117113049
0.05620203754065109	10.846005713313957
0.057353063904895904	10.464950022249374
0.05852766346593507	10.077837439381483
0.05972631900646087	9.52814857371476
0.06094952319662942	9.293622057267761
0.06219777879655729	8.974833899479101
0.06347159886296545	8.744509655430772
0.0647715069600554	8.449135627618421
0.06609803737470393	7.972691778711804
0.06745173533606512	7.702867940174004
0.06883315723966997	7.423592073188839
0.07024287087611535	7.152821789502255
0.07168145566443686	6.889738690945289
0.07314950289026094	6.572879633321342
0.07464761594883457	6.347380095662354
0.07617641059303205	6.115013772666694
0.07773651518644115	5.898489397031931
0.07932857096163247	5.67837746738674
0.0809532322837182	5.346576232679929
0.08261116691930859	5.2100114128076624
0.08430305631097663	5.017349959975276
0.08602959585734389	4.831036494433716
0.0877914951989026	4.649235585810522
0.08958947850969132	4.388116471427179
0.09142428479494413	4.2755322422078255
0.09329666819483592	4.103413551980901
0.09520739829444817	3.987385843157308
0.0971572604400831	3.82833417305596
0.09914705606205589	3.601774169187535
0.10117760300409769	3.4531036835886257
0.10324973585950496	3.299547238712961
0.10536430631417303	3.148410889796316
0.10752218349665528	3.0033352315020903
0.10972425433539142	2.845433751461947
0.11197142392325185	2.7282460225750302
0.11426461588954809	2.619066957142666
0.11660477277966172	2.5259177127672925
0.1189928564424487	2.423714502228137
0.12142984842557732	2.271182014678885
0.12391675037896288	2.22582482916809
0.12645458446646496	2.1343883655357363
0.12904439378601584	2.045531381609597
0.13168724279835392	1.9608726226375102
0.13438421776453696	1.8405772266726876
0.1371364271924162	1.8027455692662735
0.1399450022922539	1.7261680209781136
0.14281109744167225	1.6901898161013416
0.14573589066012466	1.6193003960286323
0.14872058409308384	1.5156282565544814
0.15176640450614653	1.4533225844632074
0.15487460378925744	1.3917579477672337
0.15804645947125953	1.3330358552959858
0.16128327524498293	1.276579870830265
0.16458638150308713	1.2222783126396282
0.1679571358848778	1.1694626782882014
0.17139692383432215	1.1173390151327125
0.17490715916949257	1.0683708930369356
0.17848928466367306	1.0203368111417277
0.18214477263836595	0.9513875170508442
0.18587512556844432	0.9305962456834047
0.1896818766996974	0.8875505660424693
0.19356659067902376	0.8465557658431427
0.19753086419753085	0.8076946695741283
0.20157632664680544	0.7540643137126168
0.20570464078862427	0.7374736295977625
0.20991750343838084	0.7056646168191332
0.21421664616250838	0.6910181399606765
0.21860383599018698	0.6611513716383909
0.22308087613962574	0.6173201920861802
0.2276496067592198	0.5904611021631522
0.23231190568388618	0.5640690286913981
0.2370696892068893	0.5387503421443286
0.2419249128674744	0.5145428138081937
0.2468795722546307	0.4892909982801741
0.25193570382731667	0.46649841520296564
0.2570953857514832	0.4445065911776603
0.2623607387542389	0.4242822813884133
0.2677339269955096	0.40594453244454576
0.27321715895754894	0.3787308859420237
0.2788126883526665	0.37121229348312
0.28452281504954613	0.3571696307655541
0.2903498860185356	0.3443908919676847
0.2962962962962963	0.33237169787108173
0.3023644899702082	0.3123917887005009
0.30855696118293646	0.30696805670068267
0.3148762551575712	0.2987957461374686
0.3213249692437626	0.29298670402824767
0.3279057539852805	0.2837884985822155
0.33462131420943864	0.2673803011070479
0.34147441013882973	0.25820599347169443
0.3484678585258292	0.24891348808847474
0.35560453381033397	0.23993420631027662
0.36288736930121157	0.23114704177797923
0.370319358381946	0.2179568427612791
0.37790355574097506	0.20978935017418046
0.38564307862722474	0.20173268180867873
0.3935411081313583	0.19391719085401865
0.40160089049326436	0.18609114642730445
0.4098257384363234	0.17372118314890414
0.4182190325289998	0.1668497669952514
0.42678422257431914	0.15944751862477274
0.43552482902780343	0.15220213608514138
0.4444444444444444	0.14508916821142598
0.4535467349553123	0.1350885972401229
0.4628354417744047	0.12973139542088102
0.47231438273635684	0.12475259697916126
0.48198745386564384	0.12046945311942212
0.4918586309779207	0.11648248961204423
0.5019319713141579	0.10983169215831082
0.5122116152082447	0.10680060613048614
0.5227017877887438	0.10401006800862633
0.533406800715501	0.1014452831665307
0.5443310539518174	0.09908587234091351
0.555479037572919	0.09438874110317796
0.5668553336114626	0.09255788407279954
0.5784646179408371	0.0906430958706524
0.5903116621970375	0.08864065581964811
0.6024013357398965	0.08643756407170716
0.6147386076544852	0.0817587927534864
0.6273285487934996	0.07916492170232786
0.6401763338614787	0.0761825876408136
0.6532872435417052	0.07286062853408345
0.6666666666666666	0.06922062228489757
0.6803201024329685	0.06385323343953755
0.6942531626616071	0.06028936659755159
0.7084715741045352	0.056944344369886456
0.7229811807984657	0.05417840248688224
0.7377879464668811	0.05176969883282649
0.752897956971237	0.0483953603274486
0.7683174228123669	0.04707429232125352
0.7840526816831157	0.04616892140054408
0.8001102010732514	0.0455980912214467
0.816496580927726	0.04525162018843222
0.8332185563593787	0.043695982507852435
0.850283000417194	0.04367326533908312
0.8676969269112557	0.04334912764733374
0.8854674932955561	0.04267651869560123
0.9036020036098449	0.041562761126939074
0.9221079114817278	0.03897399216706512
0.9409928231902495	0.037032049086311594
0.960264500792218	0.03460209150660761
0.9799308653125577	0.03178244081309164
1.0	0.028683952488133952
