-1.0	9.254332781132763e-5
-0.9465508226401592	0.0002549016389624319
-0.8959584598407621	0.00063042617472888
-0.8480702172136836	0.0014159003875494622
-0.8027415617602307	0.002917112133579652
-0.7598356856515925	0.00556314073136677
-0.7192230933248643	0.009900282907283899
-0.6807812106484503	0.01656089054049955
-0.6443940149772543	0.026208906825566546
-0.6099516849811152	0.03947036222653993
-0.5773502691896257	0.003698397709493605
-0.5464913722529576	0.006527091896215362
-0.5172818579717865	0.01074460214736378
-0.4896335682000246	0.0167339304797941
-0.4634630567719698	0.024969930377609723
-0.4386913376508308	0.03606545249384449
-0.41524364653850576	0.050792612485275807
-0.3930492152271221	0.07005570421009283
-0.3720410580113015	0.09480986741397138
-0.3521557695165126	0.12593977048477079
-0.3333333333333333	0.04124670782257947
-0.31551694088005316	0.04280717661322188
-0.2986528199469207	0.046866316085294
-0.28269007240456123	0.05623684421821483
-0.26758052058674353	0.07384528826035136
-0.25327856188386416	0.10242162562312851
-0.23974103110828818	0.14422494794462978
-0.2269270702161501	0.20082769520041133
-0.2147980049924181	0.27298020351958585
-0.20331722832703833	0.36056728479936856
-0.19245008972987526	0.09934474544752489
-0.18216379075098593	0.1678140269555488
-0.1724272859905955	0.2637368812640239
-0.1632111894000082	0.38948451671669887
-0.15448768559065656	0.5455614110984046
-0.14623044588361028	0.7307934035104702
-0.1384145488461686	0.9426392431734093
-0.13101640507570736	1.177464313057349
-0.12401368600376717	1.4307269124421005
-0.11738525650550419	1.6971196788881917
-0.1111111111111111	1.3154261104896312
-0.10517231362668437	1.6303454703787543
-0.09955093998230691	1.99536612302382
-0.09423002413485373	2.3862599502084154
-0.08919350686224783	2.77090811103941
-0.0844261872946214	3.1178277131154606
-0.07991367703609606	3.403251390601893
-0.0756423567387167	3.6149109700622866
-0.0715993349974727	3.7523251160948425
-0.06777240944234611	3.8245111731276014
-0.06415002990995841	8.560844771531887
-0.06072126358366197	8.857621424496521
-0.05747576199686517	8.70162538921422
-0.054403729800002736	8.214343707928581
-0.05149589519688552	7.542372331531026
-0.04874348196120343	6.819157643666045
-0.04613818294872287	6.143457325184149
-0.04367213502523579	5.573571460256559
-0.04133789533458906	5.13215370463713
-0.03912841883516806	4.8159296731981245
-0.037037037037037035	4.153944477316573
-0.03505743787556146	3.7452861989453865
-0.033183646660768985	3.2405887429688494
-0.031410008044951226	2.7170235833468834
-0.02973116895408261	2.233951557510738
-0.028142062431540465	1.8306660125267165
-0.02663789234536535	1.5294027668505061
-0.025214118912905578	1.3399150283345196
-0.023866444999157556	1.2635573911688422
-0.022590803147448702	1.2961726805501812
-0.021383343303319473	0.8046525693031343
-0.020240421194553992	0.7671703701915081
-0.0191585873322884	0.8865017264753311
-0.018134576600000903	1.135492674519257
-0.01716529839896184	1.4885513689039864
-0.016247827320401143	1.9189693469266325
-0.015379394316240958	2.3984446882343917
-0.01455737834174527	2.8982668657774227
-0.013779298444863012	3.391278172584575
-0.013042806278389354	3.853823631856855
-0.012345679012345678	4.137730368512532
-0.011685812625187154	3.289360318919875
-0.011061215553589661	2.5273321007667104
-0.01047000268165041	1.9152535634079728
-0.00991038965136087	1.4790951242912864
-0.009380687477180155	1.2229340267838518
-0.008879297448455118	1.1409358649615793
-0.00840470630430186	1.223934490823827
-0.007955481666385851	1.4616656860161457
-0.007530267715816235	1.8425425860788636
-0.007127781101106491	1.004474339510179
-0.0067468070648513305	1.234103687565385
-0.006386195777429466	1.6446091351534302
-0.0060448588666669675	2.210522081277572
-0.00572176613298728	2.89687233945647
-0.005415942440133714	3.6618950561150436
-0.005126464772080319	4.461439035498072
-0.004852459447248423	5.253504442554532
-0.004593099481621004	6.001815672348475
-0.004347602092796451	6.677964774734704
-0.00411522633744856	5.754587906329181
-0.0038952708750623843	4.267955880410564
-0.003687071851196554	3.0980364514780683
-0.00349000089388347	2.281794127776592
-0.00330346321712029	1.8105542814276439
-0.003126895825726718	1.6592536689599915
-0.0029597658161517057	1.8014638817692048
-0.00280156876810062	2.213439058789821
-0.0026518272221286174	2.872266531601426
-0.0025100892386054115	3.7523555991067084
-0.002375927033702164	2.3433499414329884
-0.002248935688283777	2.760507032318062
-0.002128731925809822	3.4816549777799772
-0.002014952955555656	4.439278575175758
-0.0019072553776624268	5.550568615950256
-0.001805314146711238	6.730804221511042
-0.0017088215906934398	7.904598449589513
-0.0016174864824161411	9.012785310751049
-0.0015310331605403347	10.014626394233469
-0.0014492006975988171	10.886409476481933
-0.0013717421124828531	6.923463857859297
-0.0012984236250207948	4.841111760416603
-0.0012290239503988513	3.4394288681709186
-0.00116333363129449	2.6774486601167586
-0.0011011544057067633	2.4911412796061883
-0.0010422986085755728	2.8226530275943906
-0.000986588605383902	3.6250104825522667
-0.00093385625603354	4.85492965129252
-0.0008839424073762058	6.463487701431926
-0.0008366964128684705	8.390049664246138
-0.0007919756779007212	6.451313756255633
-0.0007496452294279256	7.171860997811753
-0.000709577308603274	8.377197514021425
-0.0006716509851852187	9.904428700571534
-0.0006357517925541423	11.564329642293943
-0.0006017713822370793	13.186252657019983
-0.0005696071968978132	14.646005373733418
-0.0005391621608053804	15.874857308386604
-0.0005103443868467783	16.853788562798446
-0.0004830668991996057	17.599579188737355
-0.0004572473708276177	7.403119296693634
-0.0004328078750069312	5.258777227517719
-0.0004096746501329504	4.240668230563434
-0.0003877778770981633	4.220620030390458
-0.0003670514685689215	5.100634682424955
-0.00034743286952519095	6.804447980931439
-0.00032886286846130035	9.253198208698253
-0.0003112854186778467	12.344619161409822
-0.0002946474691254019	15.944237957151895
-0.00027889880428949045	19.889139397332723
-0.00026399189263357376	19.522242836307584
-0.00024988174314264164	21.333569207722693
-0.00023652576953442467	23.48135499831552
-0.00022388366172840623	25.64460720618814
-0.00021191726418471428	27.49715526036669
-0.0002005904607456931	28.80536417895592
-0.00018986906563260423	29.47013216536336
-0.00017972072026846013	29.51971998168462
-0.00017011479561559274	29.073233588414315
-0.00016102229973320205	28.295165244039488
-0.00015241579027587258	9.205782195777259
-0.00014426929166897707	7.8090236116150535
-0.00013655821671098347	8.052947283391589
-0.00012925929236605444	9.81896567474588
-0.00012235048952297383	12.997978275596443
-0.00011581095650839697	17.434051043976385
-0.00010962095615376677	22.894628443933218
-0.00010376180622594889	29.07263109120884
-9.821582304180064e-5	35.61312772976539
-9.296626809649682e-5	42.152038477330535
-8.799729754452457e-5	53.86127932746085
-8.329391438088055e-5	57.775050402694504
-7.884192317814156e-5	59.82356194805935
-7.462788724280207e-5	59.881395167416855
-7.063908806157143e-5	58.072985763335545
-6.686348691523104e-5	54.73930667860238
-6.328968854420141e-5	50.35299225603214
-5.990690675615338e-5	45.42130507698917
-5.670493187186425e-5	40.40694113183788
-5.367409991106735e-5	35.67972728024349
-5.080526342529086e-5	8.608562521029102
-4.808976388965902e-5	9.37563875974352
-4.5519405570327826e-5	12.295651647017799
-4.3086430788684815e-5	17.181915087229772
-4.0783496507657944e-5	23.77383853231929
-3.860365216946566e-5	31.68544915885225
-3.654031871792226e-5	40.415012740633536
-3.4587268741982965e-5	49.39751655156398
-3.2738607680600214e-5	58.07473438250846
-3.0988756032165605e-5	65.96007306596411
-2.9332432514841528e-5	98.17211344816242
-2.776463812696018e-5	98.03134728443725
-2.628064105938052e-5	92.97055335543274
-2.4875962414267358e-5	84.39452346531114
-2.3546362687190476e-5	73.84967254635451
-2.228782897174368e-5	62.70634497515598
-2.1096562848067137e-5	51.99745815018014
-1.9968968918717793e-5	42.38778409555073
-1.890164395728808e-5	34.2232014542805
-1.789136663702245e-5	27.61250941235866
-1.6935087808430286e-5	6.386871567788893
-1.6029921296553006e-5	10.002096338227638
-1.5173135190109274e-5	15.559172144343282
-1.436214359622827e-5	22.948542460979084
-1.3594498835885981e-5	31.868711400360667
-1.2867884056488553e-5	41.819734198220594
-1.218010623930742e-5	52.16653119971747
-1.1529089580660988e-5	62.2363945042753
-1.0912869226866738e-5	71.41623131850737
-1.03295853440552e-5	79.22527474043349
-9.777477504947175e-6	115.30242736250659
-9.254879375653394e-6	110.32270243175374
-8.760213686460173e-6	100.04275765971748
-8.291987471422452e-6	86.74537240992017
-7.848787562396825e-6	72.49470963889594
-7.429276323914559e-6	58.82846963975795
-7.032187616022379e-6	46.69874066941385
-6.6563229729059306e-6	36.56227179166388
-6.300547985762694e-6	28.52627520744031
-5.963788879007484e-6	22.488764704496926
-5.645029269476762e-6	6.64249367055606
-5.343307098851002e-6	11.239765850904876
-5.057711730036425e-6	17.73306294813595
-4.787381198742757e-6	26.03148961757475
-4.531499611961994e-6	35.78901065121844
-4.289294685496184e-6	46.43598368889209
-4.060035413102473e-6	57.27206473407544
-3.843029860220329e-6	67.5825768852247
-3.6376230756222457e-6	76.7434725440712
-3.443195114685067e-6	84.29251631584552
-3.2591591683157254e-6	119.45884788814097
-3.0849597918844647e-6	110.30141445243014
-2.9200712288200575e-6	96.61996424833661
-2.763995823807484e-6	81.013136344826
-2.6162625207989416e-6	65.54918082221087
-2.476425441304853e-6	51.57683475290418
-2.3440625386741264e-6	39.78514734104482
-2.218774324301977e-6	30.377219927827174
-2.100182661920898e-6	23.25826245068111
-1.987929626335828e-6	18.186838827593185
-1.8816764231589208e-6	6.945759532947468
-1.7811023662836674e-6	11.829015789690153
-1.6859039100121416e-6	18.62195102684817
-1.5957937329142524e-6	27.223527088559475
-1.5104998706539979e-6	37.260922066858896
-1.4297648951653947e-6	48.13378105469365
-1.3533451377008244e-6	59.11653728991811
-1.2810099534067765e-6	69.48030135985526
-1.2125410252074154e-6	78.59940841116386
-1.1477317048950223e-6	86.02105208180483
-1.086386389438575e-6	119.67920428596234
-1.0283199306281548e-6	109.07389034843565
-9.733570762733526e-7	94.36248378467502
-9.213319412691613e-7	78.18692247574016
-8.720875069329806e-7	62.55469387542609
-8.254751471016177e-7	48.70549149957635
-7.813541795580421e-7	37.21487725195007
-7.395914414339923e-7	28.192566829314497
-7.00060887306966e-7	21.478616874753772
-6.626432087786093e-7	16.792731733466308
-6.272254743863069e-7	7.069237243321221
-5.937007887612225e-7	12.044009668487053
-5.619679700040472e-7	18.936279811050408
-5.319312443047508e-7	27.639424425472807
-5.03499956884666e-7	37.77028318771538
-4.765882983884649e-7	48.71747502056124
-4.511150459002748e-7	59.74673567747024
-4.270033178022588e-7	70.12452736970118
-4.041803417358051e-7	79.22498300038244
-3.8257723496500743e-7	86.59889369210427
-3.62128796479525e-7	119.5926655301887
-3.4277331020938494e-7	108.51234385688258
-3.244523587577842e-7	93.48212022712339
-3.0711064708972045e-7	77.14913569157179
-2.9069583564432685e-7	61.49299333366578
-2.751583823672059e-7	47.712340733859364
-2.6045139318601405e-7	36.34299649539773
-2.4653048047799744e-7	27.46358157786887
-2.3335362910232202e-7	20.893501626463713
-2.2088106959286977e-7	16.340911569987774
-2.0907515812876897e-7	7.112709926628376
-1.9790026292040748e-7	12.117643796766238
-1.8732265666801572e-7	19.043011605763247
-1.7731041476825026e-7	27.780085296300935
-1.6783331896155533e-7	37.94210769509341
-1.588627661294883e-7	48.91394146859329
-1.5037168196675827e-7	59.95839785805946
-1.423344392674196e-7	70.34040605265959
-1.347267805786017e-7	79.4340746821111
-1.2752574498833583e-7	86.79144898372398
-1.2070959882650833e-7	119.54494307690891
-1.1425777006979497e-7	108.3077655838609
-1.0815078625259473e-7	93.1745229015229
-1.0237021569657349e-7	76.79299251582903
-9.689861188144229e-8	61.13263232858319
-9.171946078906863e-8	47.377923944769215
-8.681713106200468e-8	36.05127596507525
-8.217682682599915e-8	27.22099318526165
-7.778454303410733e-8	20.699748299667874
-7.362702319762325e-8	16.192021458521516
-6.969171937625632e-8	7.127444054640968
-6.59667543068025e-8	12.142392347221612
-6.244088555600512e-8	19.078786601545048
-5.910347158941687e-8	27.827170526199232
-5.5944439653851776e-8	37.9995719272353
-5.2954255376496104e-8	48.97959326685981
-5.012389398891942e-8	60.02906909332747
-4.744481308913977e-8	70.41242035150354
-4.490892685953399e-8	79.50375317233016
-4.250858166277861e-8	86.85553751984253
-4.0236532942169446e-8	119.52678490053809
-3.808592335659833e-8	108.23752216266124
-3.605026208419817e-8	93.07033569424368
-3.4123405232191226e-8	76.67308824948819
-3.2299537293814096e-8	61.01175993676845
-3.057315359635621e-8	47.26605718543875
-2.8939043687334893e-8	35.953902125719864
-2.7392275608666328e-8	27.14016792392161
-2.592818101136916e-8	20.635301077186845
-2.454234106587442e-8	16.142577214248824
-2.3230573125418773e-8	7.1323762111346625
-2.19889181022675e-8	12.150654211294945
-2.0813628518668374e-8	19.090717539738538
-1.970115719647229e-8	27.84286430866589
-1.8648146551283925e-8	38.01871587004745
-1.7651418458832035e-8	49.0014542433096
-1.670796466297314e-8	60.05258883397978
-1.5814937696379925e-8	70.43637210346053
-1.496964228651133e-8	79.526910502038
-1.4169527220926202e-8	86.87681669215894
-1.3412177647389816e-8	119.5203788835359
-1.2695307785532776e-8	108.21378721102776
-1.2016754028066058e-8	93.03534382048558
-1.1374468410730409e-8	76.63292345447933
-1.0766512431271366e-8	60.97133462858045
-1.0191051198785404e-8	47.22868520590684
-9.646347895778298e-9	35.92139963946057
-9.13075853622211e-9	27.113208022607573
-8.64272700378972e-9	20.61381701086619
-8.180780355291472e-9	16.12610327492172
-7.743524375139592e-9	7.134016915794156
-7.3296393674225e-9	12.153399918511557
-6.937876172889458e-9	19.094680073253176
-6.567052398824097e-9	27.8480733982522
-6.216048850427975e-9	38.025065908172515
-5.883806152944011e-9	49.00869992175298
-5.56932155432438e-9	60.060377095010864
-5.2716458987933085e-9	70.44429441387675
-4.989880762170443e-9	79.53455905827343
-4.723175740308734e-9	86.88383173538645
-4.470725882463272e-9	119.5181090613553
-4.231769261844259e-9	108.20575377534628
-4.005584676022019e-9	93.02357660934376
-3.79148947024347e-9	76.61945236460876
-3.588837477090455e-9	60.95779609327847
-3.397017066261801e-9	47.21618110919517
-3.215449298592766e-9	35.91053199035417
-3.0435861787407033e-9	27.10419784881484
-2.8809090012632403e-9	20.606639128452585
-2.7269267850971576e-9	16.120600036440116
-2.581174791713197e-9	7.134557910842111
-2.4432131224741664e-9	12.154304811346034
-2.3126253909631526e-9	19.095984503290506
-2.1890174662746987e-9	27.84978570039087
-2.0720162834759916e-9	38.027149622744346
-1.9612687176480036e-9	49.011072550405
-1.8564405181081268e-9	60.06292086586248
-1.7572152995977694e-9	70.44687371000967
-1.6632935873901478e-9	79.53703906054925
-1.5743919134362448e-9	86.88609403959035
-1.4902419608210906e-9	119.51724461095422
-1.4105897539480862e-9	108.20297833010021
-1.3351948920073398e-9	93.01957043636038
-1.2638298234144899e-9	76.61489325487811
-1.1962791590301517e-9	60.953228831037706
-1.132339022087267e-9	47.211971192802594
-1.0718164328642553e-9	35.90687782081361
-1.014528726246901e-9	27.101170789684495
-9.6030300042108e-10	20.60422866625388
-9.089755950323858e-10	16.11875179292353
-8.603915972377324e-10	7.134732089399979
-8.144043741580555e-10	12.154595929326979
-7.708751303210509e-10	19.09640277811498
-7.29672488758233e-10	27.850332339382195
-6.906720944919972e-10	38.027811236422046
-6.537562392160012e-10	49.01182093710062
-6.188135060360422e-10	60.06371670652974
-5.857384331992565e-10	70.4476723759558
-5.544311957967159e-10	79.53779673276027
-5.247973044787482e-10	86.88677275970086
-4.967473202736969e-10	119.51685233769507
-4.70196584649362e-10	108.2019589174301
-4.450649640024466e-10	93.01815402833218
-4.2127660780482996e-10	76.6133068515364
-3.9875971967671726e-10	60.9516533768503
-3.774463406957557e-10	47.21052684027974
-3.572721442880851e-10	35.90562857350272
-3.3817624208230034e-10	27.100138251974887
-3.2010100014036006e-10	20.60340731887903
-3.0299186501079527e-10	16.1181217566237
-2.8679719907924413e-10	7.134783980833179
-2.7146812471935185e-10	12.154682457621993
-2.5695837677368364e-10	19.096525687035733
-2.4322416291941097e-10	27.850490463949264
-2.302240314973324e-10	38.02799888195394
-2.1791874640533375e-10	49.01202800514632
-2.0627116867868073e-10	60.06393003177198
-1.9524614439975216e-10	70.44787765974708
-1.848103985989053e-10	79.5379804878376
-1.7493243482624942e-10	86.88692383938235
-1.6558244009123228e-10	119.51661812223661
-1.567321948831207e-10	108.20152545108304
-1.4835498800081552e-10	93.01760137652899
-1.4042553593494334e-10	76.61271173831435
-1.3291990655890575e-10	60.951075473177205
-1.2581544689858523e-10	47.210004533622026
-1.1909071476269502e-10	35.90518108864222
-1.1272541402743346e-10	27.099770626239387
-1.0670033338012002e-10	20.603115713785513
-1.0099728833693176e-10	16.117897804749997
-9.559906635974805e-11	7.1347951123683595
-9.048937490645061e-11	12.15470079650377
-8.565279225789454e-11	19.09655015363421
-8.1074720973137e-11	27.850519103946027
-7.674134383244414e-11	38.02802856693051
-7.263958213511125e-11	49.01205467198794
-6.875705622622692e-11	60.06394923341138
-6.508204813325072e-11	70.4478852072377
-6.16034661996351e-11	79.53797300358241
-5.831081160874981e-11	86.88689911253918
-5.519414669707743e-11	119.51643675053968
-5.2244064961040226e-11	108.20128744288829
-4.945166266693851e-11	93.01733676420764
-4.6808511978314444e-11	76.61244715170452
-4.430663551963525e-11	60.95083015999683
-4.193848229952841e-11	47.20978962953495
-3.9696904920898346e-11	35.90500089610111
-3.757513800914448e-11	27.09962466403209
-3.5566777793373334e-11	20.603000706965823
-3.366576277897725e-11	16.11780922577213
-3.186635545324935e-11	7.134792658927172
-3.016312496881687e-11	12.154696408689595
-2.8550930752631514e-11	19.096541811188505
-2.7024906991045666e-11	27.85050458994131
-2.5580447944148045e-11	38.02800560878528
-2.4213194045037084e-11	49.012021218620134
-2.291901874207564e-11	60.063903743885355
-2.1694016044416907e-11	70.44782686234397
-2.05344887332117e-11	79.5379017952645
-1.9436937202916602e-11	86.88681580808421
-1.839804889902581e-11	119.51627303896598
-1.7414688320346743e-11	108.20111462858188
-1.648388755564617e-11	93.0171682001935
-1.5602837326104815e-11	76.6122927692314
-1.4768878506545083e-11	60.95069573268027
-1.3979494099842804e-11	47.20967720990431
-1.3232301640299448e-11	35.90490981348837
-1.2525046003048161e-11	27.099552598691545
-1.1855592597791113e-11	20.602944572658917
-1.1221920926325752e-11	16.11776577561624
-1.062211848441645e-11	7.134785677809175
-1.0054374989605623e-11	12.154684446433874
-9.516976917543838e-12	19.096522534175154
-9.008302330348556e-12	27.85047569387836
-8.526815981382682e-12	38.02796510650664
-8.071064681679027e-12	49.01196772979995
-7.639672914025213e-12	60.06383669630726
-7.231338681472302e-12	70.44774655998273
-6.844829577737234e-12	79.53780935312243
-6.478979067638867e-12	86.88671298599343
-6.132682966341937e-12	119.51611522854381
-5.804896106782248e-12	108.20096355862212
-5.49462918521539e-12	93.01703166345655
-5.200945775368271e-12	76.6121751306207
-4.9229595021816945e-12	60.950598274539985
-4.659831366614268e-12	47.20959895729105
-4.410767213433149e-12	35.90484843832359
-4.175015334349387e-12	27.09950516868046
-3.951864199263704e-12	20.60290806472859
-3.74064030877525e-12	16.11773736998948
-3.5407061614721497e-12	7.134777187696874
-3.3514583298685413e-12	12.154669959756182
-3.1723256391812793e-12	19.096499612921793
-3.0027674434495182e-12	27.850442004694898
-2.8422719937942274e-12	38.02791875741163
-2.6903548938930093e-12	49.01190756407913
-2.546557638008404e-12	60.063762464653095
-2.410446227157434e-12	70.44765894074318
-2.2816098592457446e-12	79.5377098356108
-2.1596596892129557e-12	86.8866036608338
-2.0442276554473122e-12	119.51595938998797
-1.934965368927416e-12	108.20081974112861
-1.8315430617384634e-12	93.01690580620861
-1.7336485917894238e-12	76.61206974302553
-1.6409865007272314e-12	60.9505131418826
-1.553277122204756e-12	47.20953209554842
-1.4702557378110498e-12	35.90479696704358
-1.3916717781164624e-12	27.099465951482077
-1.3172880664212348e-12	20.602878099680545
-1.2468801029250834e-12	16.117713979755088
-1.1802353871573832e-12	7.134768194668249
-1.1171527766228471e-12	12.154654631742348
-1.0574418797270931e-12	19.09647547713803
-1.0009224811498394e-12	27.85040671812011
-9.47423997931409e-13	38.02787045980905
-8.967849646310031e-13	49.01184517328092
-8.488525460028014e-13	60.06368583898884
-8.034820757191447e-13	70.44756888334445
-7.605366197485815e-13	79.53760796054671
-7.198865630709853e-13	86.88649216897268
-6.814092184824374e-13	119.51580421039267
-6.449884563091386e-13	108.20067834263448
-6.105143539128211e-13	93.01678351008616
-5.778828639298079e-13	76.6119684401668
-5.469955002424105e-13	60.95043211856381
-5.177590407349187e-13	47.20946903141327
-4.900852459370166e-13	35.904748797548805
-4.638905927054875e-13	27.09942947225143
-4.390960221404116e-13	20.60285031586006
-4.156267009750278e-13	16.117692261513334
-3.9341179571912774e-13	7.13475903403612
-3.7238425887428235e-13	12.154639023342318
-3.524806265756977e-13	19.096450936603105
-3.3364082704994647e-13	27.85037089921545
-3.158079993104697e-13	38.027821512885794
-2.989283215436677e-13	49.01178204102361
-2.8295084866760046e-13	60.06360841560594
-2.678273585730482e-13	70.44747801355857
-2.535122065828605e-13	79.53750530000575
-2.399621876903284e-13	86.88637995528461
-2.2713640616081247e-13	119.515649251109
-2.1499615210304622e-13	108.2005377510733
-2.0350478463760703e-13	93.01666240152441
-1.9262762130993598e-13	76.61186849931663
-1.8233183341413684e-13	60.95035246536785
-1.7258634691163956e-13	47.20940723341379
-1.6336174864567219e-13	35.90470172885129
-1.546301975684958e-13	27.099393905827537
-1.4636534071347053e-13	20.60282325922677
-1.385422336583426e-13	16.117671100684333
-1.3113726523970925e-13	7.134749817553668
-1.2412808629142746e-13	12.15462332150959
-1.1749354219189923e-13	19.096426261196907
-1.1121360901664883e-13	27.850334902933767
-1.052693331034899e-13	38.02777234961228
-9.964277384788924e-14	49.01171866172846
-9.431694955586682e-14	60.06353072645727
-8.927578619101608e-14	70.44738687314079
-8.45040688609535e-14	79.53740237782323
-7.998739589677613e-14	86.88626750118773
-7.571213538693749e-14	119.51549436556418
-7.166538403434873e-14	108.20039742875804
-6.783492821253567e-14	93.01654168904292
-6.4209207103312e-14	76.61176901265293
-6.077727780471228e-14	60.950273269023256
-5.752878230387985e-14	47.2093458575691
-5.445391621522407e-14	35.9046550271682
-5.154339918949861e-14	27.099358643733297
-4.8788446904490176e-14	20.60279644503423
-4.618074455278087e-14	16.117650125693654
-4.371242174656975e-14	7.134740582461325
-4.137602876380915e-14	12.154607588544868
-3.916451406396641e-14	19.096401540853634
-3.707120300554961e-14	27.85029884755678
-3.50897777011633e-14	38.02772311426489
-3.321425794929641e-14	49.01165520014451
-3.143898318528894e-14	60.063452948792055
-2.9758595397005356e-14	70.44729564259923
-2.8168022953651166e-14	79.53729936852734
-2.6662465298925377e-14	86.88615496706689
-2.5237378462312495e-14	119.5153395047743
-2.3888461344782913e-14	108.20025719635127
-2.2611642737511894e-14	93.01642110872652
-2.140306903443733e-14	76.61166967749922
-2.0259092601570757e-14	60.95019422505403
-1.9176260767959952e-14	47.2092846225139
-1.8151305405074687e-14	35.90460844787745
-1.71811330631662e-14	27.099323483123136
-1.6262815634830058e-14	20.60276971168612
-1.5393581517593624e-14	16.117629212672757
-1.4570807248856583e-14	7.134731341174289
-1.3792009587936384e-14	12.15459184521745
-1.3054838021322137e-14	19.096376805554506
-1.2357067668516536e-14	27.85026277251543
-1.1696592567054433e-14	38.02767385493983
-1.1071419316432137e-14	49.011591711191805
-1.047966106176298e-14	60.06337514169648
-9.919531799001786e-15	70.44720438210511
-9.389340984550388e-15	79.53719633029449
-8.887488432975126e-15	86.88604240638217
-8.412459487437498e-15	119.51518465239525
-7.96282044826097e-15	108.20011699406116
-7.537214245837298e-15	93.01630057259413
-7.134356344812443e-15	76.61157039295713
-6.7530308671902524e-15	60.95011523196425
-6.392086922653317e-15	47.209223434457485
-6.050435135024896e-15	35.904561909437454
-5.727044354388734e-15	27.09928835638171
-5.420938544943353e-15	20.60274300531742
-5.131193839197874e-15	16.11760832033299
-4.8569357496188614e-15	7.134722097832347
-4.597336529312128e-15	12.154576098452607
-4.3516126737740455e-15	19.09635206529616
-4.119022556172179e-15	27.850226690956823
-3.898864189018145e-15	38.02762458767282
-3.690473105477379e-15	49.01152821318087
-3.4932203539209936e-15	60.0632973248692
-3.306510599667262e-15	70.4471131117179
-3.129780328183463e-15	79.5370932825178
-2.962496144325042e-15	86.88592983695308
-2.8041531624791664e-15	119.51502980297639
2.8041531624791664e-15	119.6848221691222
2.962496144325042e-15	75.83379171200652
3.129780328183463e-15	67.01414026344334
3.306510599667262e-15	57.18469302904667
3.4932203539209936e-15	46.874449242217565
3.690473105477379e-15	36.69313226422598
3.898864189018145e-15	27.250663095400256
4.119022556172179e-15	19.06414802497852
4.3516126737740455e-15	12.477139670099115
4.597336529312128e-15	7.620466387218956
4.8569357496188614e-15	4.440028490182583
5.131193839197874e-15	23.015349024163626
5.420938544943353e-15	30.410958482295136
5.727044354388734e-15	39.69320859032564
6.050435135024896e-15	50.97568458605904
6.392086922653317e-15	64.12054599899386
6.7530308671902524e-15	78.58700121529687
7.134356344812443e-15	93.28747407477611
7.537214245837298e-15	106.52217005962373
7.96282044826097e-15	116.09224936688526
8.412459487437498e-15	119.68497723369585
8.887488432975126e-15	75.8338899584267
9.389340984550388e-15	67.01422708270331
9.919531799001786e-15	57.184767113119044
1.047966106176298e-14	46.874509968459364
1.1071419316432137e-14	36.693179799931066
1.1696592567054433e-14	27.25069839802215
1.2357067668516536e-14	19.064172721856824
1.3054838021322137e-14	12.477155833602806
1.3792009587936384e-14	7.620476259173039
1.4570807248856583e-14	4.440034242352364
1.5393581517593624e-14	23.015378848753286
1.6262815634830058e-14	30.410997889707097
1.71811330631662e-14	39.69326002481017
1.8151305405074687e-14	50.97575063883715
1.9176260767959952e-14	64.12062908243874
2.0259092601570757e-14	78.58710304082133
2.140306903443733e-14	93.28759494443241
2.2611642737511894e-14	106.52230807303665
2.3888461344782913e-14	116.09239977495513
2.5237378462312495e-14	119.68513229142508
2.6662465298925377e-14	75.83398819344178
2.8168022953651166e-14	67.01431389059942
2.9758595397005356e-14	57.18484118633654
3.143898318528894e-14	46.87457068480281
3.321425794929641e-14	36.69322732706551
3.50897777011633e-14	27.25073369364715
3.707120300554961e-14	19.06419741340796
3.916451406396641e-14	12.477171993409845
4.137602876380915e-14	7.620486128958438
4.371242174656975e-14	4.4400399938604505
4.618074455278087e-14	23.015408681299075
4.8788446904490176e-14	30.411037306233514
5.154339918949861e-14	39.69331146926305
5.445391621522407e-14	50.975816701801016
5.752878230387985e-14	64.12071217521948
6.077727780471228e-14	78.58720487328675
6.4209207103312e-14	93.28771581668298
6.783492821253567e-14	106.522446082602
7.166538403434873e-14	116.09255017099106
7.571213538693749e-14	119.6852873282081
7.998739589677613e-14	75.834086394002
8.45040688609535e-14	67.01440066419616
8.927578619101608e-14	57.18491522681571
9.431694955586682e-14	46.874631371311814
9.964277384788924e-14	36.693274828381405
1.052693331034899e-13	27.250768968204614
1.1121360901664883e-13	19.064222088925135
1.1749354219189923e-13	12.477188142093546
1.2412808629142746e-13	7.6204959922178945
1.3113726523970925e-13	4.440045743371876
1.385422336583426e-13	23.015438537613818
1.4636534071347053e-13	30.41107674997659
1.546301975684958e-13	39.693362943461956
1.6336174864567219e-13	50.97588279512692
1.7258634691163956e-13	64.12079529577431
1.8233183341413684e-13	78.58730672630385
1.9262762130993598e-13	93.2878366964137
2.0350478463760703e-13	106.52258408030237
2.1499615210304622e-13	116.09270053060038
2.2713640616081247e-13	119.68544230184669
2.399621876903284e-13	75.83418449097339
2.535122065828605e-13	67.01448733469604
2.678273585730482e-13	57.18498916890978
2.8295084866760046e-13	46.87469196817759
2.989283215436677e-13	36.6933222521318
3.158079993104697e-13	27.250804179477132
3.3364082704994647e-13	19.064246716282707
3.524806265756977e-13	12.4772042573692
3.7238425887428235e-13	7.620505835876148
3.9341179571912774e-13	4.440051486879358
4.156267009750278e-13	23.01546846521789
4.390960221404116e-13	30.411116275343627
4.638905927054875e-13	39.69341450686142
4.900852459370166e-13	50.97594897948536
5.177590407349187e-13	64.12087849957672
5.469955002424105e-13	78.5874086408755
5.778828639298079e-13	93.2879575984544
6.105143539128211e-13	106.52272204224471
6.449884563091386e-13	116.09285078073653
6.814092184824374e-13	119.68559708583545
7.198865630709853e-13	75.83428227705795
7.605366197485815e-13	67.01457369580604
8.034820757191447e-13	57.185062815770124
8.488525460028014e-13	46.87475229605499
8.967849646310031e-13	36.6933694431442
9.47423997931409e-13	27.25083920086799
1.0009224811498394e-12	19.064271199145285
1.0574418797270931e-12	12.477220272412183
1.1171527766228471e-12	7.6205156207270495
1.1802353871573832e-12	4.440057212374446
1.2468801029250834e-12	23.01549860671963
1.3172880664212348e-12	30.411156045618867
1.3916717781164624e-12	39.69346633790569
1.4702557378110498e-12	50.976015436991254
1.553277122204756e-12	64.12096195317764
1.6409865007272314e-12	78.5875107401697
1.7336485917894238e-12	93.28807856748287
1.8315430617384634e-12	106.52285989696493
1.934965368927416e-12	116.09300070249324
2.0442276554473122e-12	119.68575130089806
2.1596596892129557e-12	75.83437913042896
2.2816098592457446e-12	67.01465912869249
2.410446227157434e-12	57.18513557687715
2.546557638008404e-12	46.87481181691897
2.6903548938930093e-12	36.69341593590054
2.8422719937942274e-12	27.25087365257885
3.0027674434495182e-12	19.064295248496055
3.1723256391812793e-12	12.477235986738192
3.3514583298685413e-12	7.620525229144276
3.5407061614721497e-12	4.440062883827628
3.74064030877525e-12	23.01552939008526
3.951864199263704e-12	30.41119655084537
4.175015334349387e-12	39.69351897218142
4.410767213433149e-12	50.97608271432264
4.659831366614268e-12	64.1210461566578
4.9229595021816945e-12	78.5876133942272
5.200945775368271e-12	93.28819973818511
5.49462918521539e-12	106.5229974308339
5.804896106782248e-12	116.09314964000471
6.132682966341937e-12	119.68590381010814
6.478979067638867e-12	75.83447318609717
6.844829577737234e-12	67.01474177729331
7.231338681472302e-12	57.185205681050675
7.639672914025213e-12	46.87486891700881
8.071064681679027e-12	36.69346033409559
8.526815981382682e-12	27.250906395402748
9.008302330348556e-12	19.06431799741792
9.516976917543838e-12	12.477250798983391
1.0054374989605623e-11	7.620534308305388
1.062211848441645e-11	4.440068393187239
1.1221920926325752e-11	23.015562099741107
1.1855592597791113e-11	30.41123926184997
1.2525046003048161e-11	39.69357401735993
1.3232301640299448e-11	50.97615245268482
1.3979494099842804e-11	64.12113261173425
1.4768878506545083e-11	78.58771771497945
1.5602837326104815e-11	93.28832151676923
1.648388755564617e-11	106.52313400542258
1.7414688320346743e-11	116.09329562835605
1.839804889902581e-11	119.68605120545566
1.9436937202916602e-11	75.8345588505802
2.05344887332117e-11	67.01481607474034
2.1694016044416907e-11	57.18526781588049
2.291901874207564e-11	46.87491875597333
2.4213194045037084e-11	36.69349844954637
2.5580447944148045e-11	27.250934012265894
2.7024906991045666e-11	19.06433684554574
2.8550930752631514e-11	12.47726290531286
3.016312496881687e-11	7.6205417999066105
3.186635545324935e-11	4.44007341640865
3.366576277897725e-11	23.015600590546534
3.5566777793373334e-11	30.411288593199128
3.757513800914448e-11	39.6936362991744
3.9696904920898346e-11	50.976229579182096
4.193848229952841e-11	64.12122582794085
4.430663551963525e-11	78.5878270435859
4.6808511978314444e-11	93.28844512822015
4.945166266693851e-11	106.52326771269793
5.2244064961040226e-11	116.09343278069893
5.519414669707743e-11	119.68618327104184
5.831081160874981e-11	75.8346193477048
6.16034661996351e-11	67.01486532420179
6.508204813325072e-11	57.18530604735173
6.875705622622692e-11	46.87494681539243
7.263958213511125e-11	36.69351771976429
7.674134383244414e-11	27.25094625347716
8.1074720973137e-11	19.06434399285719
8.565279225789454e-11	12.477266894932452
9.048937490645061e-11	7.620544529491423
9.559906635974805e-11	4.44007698167256
1.0099728833693176e-10	23.015656431811042
1.0670033338012002e-10	30.411357794834604
1.1272541402743346e-10	39.693720302960614
1.1909071476269502e-10	50.976328885561074
1.2581544689858523e-10	64.12133934698633
1.3291990655890575e-10	78.58795141956979
1.4042553593494334e-10	93.28857426651851
1.4835498800081552e-10	106.52339285026585
1.567321948831207e-10	116.09354346012633
1.6558244009123228e-10	119.68626938352756
1.7493243482624942e-10	75.83460436191137
1.848103985989053e-10	67.01483944666359
1.9524614439975216e-10	57.18527258324547
2.0627116867868073e-10	46.874909548087814
2.1791874640533375e-10	36.69348046363744
2.302240314973324e-10	27.25091237471126
2.4322416291941097e-10	19.06431604264334
2.5695837677368364e-10	12.47724653771461
2.7146812471935185e-10	7.62053297517628
2.8679719907924413e-10	4.440076174613623
3.0299186501079527e-10	23.0157643454263
3.2010100014036006e-10	30.41148663501449
3.3817624208230034e-10	39.69386950877028
3.572721442880851e-10	50.97649477793499
3.774463406957557e-10	64.12151383284123
3.9875971967671726e-10	78.58812100914784
4.2127660780482996e-10	93.28872007024877
4.450649640024466e-10	106.52349237576539
4.70196584649362e-10	116.09357482677858
4.967473202736969e-10	119.6862177462469
5.247973044787482e-10	75.83436298612064
5.544311957967159e-10	67.01458824037671
5.857384331992565e-10	57.185024077316335
6.188135060360422e-10	46.87467633773678
6.537562392160012e-10	36.69327365783727
6.906720944919972e-10	27.250740158120298
7.29672488758233e-10	19.064182815664026
7.708751303210509e-10	12.4771531508234
8.144043741580555e-10	7.62047857663673
8.603915972377324e-10	4.440062256593668
9.089755950323858e-10	23.016028537841212
9.6030300042108e-10	30.411794472225186
1.014528726246901e-9	39.69421442672294
1.0718164328642553e-9	50.976860564420825
1.132339022087267e-9	64.12187139041642
1.1962791590301517e-9	78.5884264497856
1.2638298234144899e-9	93.28891612065497
1.3351948920073398e-9	106.52351535232518
1.4105897539480862e-9	116.0933685702815
1.4902419608210906e-9	119.68575318749802
1.5743919134362448e-9	75.83344262283505
1.6632935873901478e-9	67.01366121227043
1.7572152995977694e-9	57.184130589325214
1.8564405181081268e-9	46.873855418762375
1.9612687176480036e-9	36.692558300166475
2.0720162834759916e-9	27.250153002952505
2.1890174662746987e-9	19.06373381379403
2.3126253909631526e-9	12.476840715183604
2.4432131224741664e-9	7.62029567654351
2.581174791713197e-9	4.4400090356174235
2.7269267850971576e-9	23.01676173926666
2.8809090012632403e-9	30.412639527101714
3.0435861787407033e-9	39.69514677560618
3.215449298592766e-9	50.977826411000095
3.397017066261801e-9	64.12277863942076
3.588837477090455e-9	78.58914003107671
3.79148947024347e-9	93.28926361624886
4.005584676022019e-9	106.52330950060075
4.231769261844259e-9	116.09245035654556
4.470725882463272e-9	119.68405083221998
4.723175740308734e-9	75.8304858948073
4.989880762170443e-9	67.0107072758994
5.2716458987933085e-9	57.18130265900899
5.56932155432438e-9	46.871271814045954
5.883806152944011e-9	36.69031765700398
6.216048850427975e-9	27.24832133176203
6.567052398824097e-9	19.062337723678315
6.937876172889458e-9	12.475871322876237
7.3296393674225e-9	7.619727442748015
7.743524375139592e-9	4.439838102305675
8.180780355291472e-9	23.018902368255635
8.64272700378972e-9	30.41509675133712
9.13075853622211e-9	39.69784208111095
9.646347895778298e-9	50.98059328753642
1.0191051198785404e-8	64.12533604303798
1.0766512431271366e-8	78.59107939429965
1.1374468410730409e-8	93.29006713457724
1.2016754028066058e-8	106.5224192137696
1.2695307785532776e-8	116.08939868990383
1.3412177647389816e-8	119.67863783195028
1.4169527220926202e-8	75.82142230884662
1.496964228651133e-8	67.00167485337984
1.5814937696379925e-8	57.17267356907033
1.670796466297314e-8	46.8634021739426
1.7651418458832035e-8	36.683502971236955
1.8648146551283925e-8	27.24275768337541
1.970115719647229e-8	19.058101707680795
2.0813628518668374e-8	12.472932246765682
2.19889181022675e-8	7.618004418466294
2.3230573125418773e-8	4.439315582286046
2.454234106587442e-8	23.025265419888516
2.592818101136916e-8	30.422390554731642
2.7392275608666328e-8	39.70582626080042
2.8939043687334893e-8	50.988763237682726
3.057315359635621e-8	64.1328439989216
3.2299537293814096e-8	78.59669654125007
3.4123405232191226e-8	93.29223990406213
3.605026208419817e-8	106.5194780906688
3.808592335659833e-8	116.07995103015944
4.0236532942169446e-8	119.66209966695362
4.250858166277861e-8	75.79404883278603
4.490892685953399e-8	66.97441877917169
4.744481308913977e-8	57.146653391931444
5.012389398891942e-8	46.83968679493674
5.2954255376496104e-8	36.66297792110241
5.5944439653851776e-8	27.22600885430606
5.910347158941687e-8	19.0453555924728
6.244088555600512e-8	12.464093234754824
6.59667543068025e-8	7.612826938876774
6.969171937625632e-8	4.437751608833677
7.362702319762325e-8	23.0442865972129
7.778454303410733e-8	30.444181000063338
8.217682682599915e-8	39.72965918635639
8.681713106200468e-8	51.013119270199105
9.171946078906863e-8	64.15517550642471
9.689861188144229e-8	78.61331558329464
1.0237021569657349e-7	93.29848908190347
1.0815078625259473e-7	106.51035875969875
1.1425777006979497e-7	116.05130248265264
1.2070959882650833e-7	119.61219314675405
1.2752574498833583e-7	75.71181356393188
1.347267805786017e-7	66.89257300098318
1.423344392674196e-7	57.068550113105495
1.5037168196675827e-7	46.76852796999888
1.588627661294883e-7	36.60141390854813
1.6783331896155533e-7	27.175791036287148
1.7731041476825026e-7	19.00715916646037
1.8732265666801572e-7	12.437631838483087
1.9790026292040748e-7	7.597372564045963
2.0907515812876897e-7	4.433181364895187
2.2088106959286977e-7	23.101168794325467
2.3335362910232202e-7	30.509302570988357
2.4653048047799744e-7	39.80082418405857
2.6045139318601405e-7	51.08575708794031
2.751583823672059e-7	64.22163915608283
2.9069583564432685e-7	78.66255259683453
3.0711064708972045e-7	93.31656145236157
3.244523587577842e-7	106.48233219157098
3.4277331020938494e-7	115.9647811272137
3.62128796479525e-7	119.46208691690634
3.8257723496500743e-7	75.46552091533832
4.041803417358051e-7	66.64761517954705
4.270033178022588e-7	56.83494473130554
4.511150459002748e-7	46.555829272761066
4.765882983884649e-7	36.417519780506225
5.03499956884666e-7	27.025913684578743
5.319312443047508e-7	18.893310374442166
5.619679700040472e-7	12.358988083932886
5.937007887612225e-7	7.551861764735911
6.272254743863069e-7	4.420656987480281
6.626432087786093e-7	23.27052481493607
7.00060887306966e-7	30.702873757784392
7.395914414339923e-7	40.011912384358254
7.813541795580421e-7	51.300570201493045
8.254751471016177e-7	64.4172296440961
8.720875069329806e-7	78.80588705042463
9.213319412691613e-7	93.36613781564745
9.733570762733526e-7	106.3938786878252
1.0283199306281548e-6	115.70182666426447
1.086386389438575e-6	119.01012864374782
1.1477317048950223e-6	74.7316063724282
1.2125410252074154e-6	65.919031010484
1.2810099534067765e-6	56.14135867706137
1.3533451377008244e-6	45.925439834037455
1.4297648951653947e-6	35.87355656125112
1.5104998706539979e-6	26.583664840089277
1.5957937329142524e-6	18.558728254496813
1.6859039100121416e-6	12.12997093456789
1.7811023662836674e-6	7.423246422463572
1.8816764231589208e-6	4.3940207457440295
1.987929626335828e-6	23.767107968928254
2.100182661920898e-6	31.26770189888883
2.218774324301977e-6	40.62395978093391
2.3440625386741264e-6	51.91781218009799
2.476425441304853e-6	64.97084221349824
2.6162625207989416e-6	79.19794878069163
2.763995823807484e-6	93.47496875686086
2.9200712288200575e-6	106.09138169721815
3.0849597918844647e-6	114.88486439299724
3.2591591683157254e-6	117.64181422859474
3.443195114685067e-6	72.57620379362737
3.6376230756222457e-6	63.79066649563987
3.843029860220329e-6	54.12566319927331
4.060035413102473e-6	44.10303901673365
4.289294685496184e-6	34.31029088687903
4.531499611961994e-6	25.32270076593494
4.787381198742757e-6	17.61768863492899
5.057711730036425e-6	11.506359582719474
5.343307098851002e-6	7.111250705287739
5.645029269476762e-6	4.415740471931877
5.963788879007484e-6	25.15505479263318
6.300547985762694e-6	32.82337164110613
6.6563229729059306e-6	42.277243159894496
7.032187616022379e-6	53.53841279163758
7.429276323914559e-6	66.35411081546405
7.848787562396825e-6	80.06198422602255
8.291987471422452e-6	93.48033972396821
8.760213686460173e-6	104.89454619393234
9.254879375653394e-6	112.2286747466033
9.777477504947175e-6	113.46855545749148
1.03295853440552e-5	66.54492215931718
1.0912869226866738e-5	57.92080521801173
1.1529089580660988e-5	48.64650780278697
1.218010623930742e-5	39.225763315039046
1.2867884056488553e-5	30.20474888262924
1.3594498835885981e-5	22.10193069139189
1.436214359622827e-5	15.33871217518567
1.5173135190109274e-5	10.195614153477688
1.6029921296553006e-5	6.82092640930517
1.6935087808430286e-5	5.313081334879563
1.789136663702245e-5	34.903957435184005
1.890164395728808e-5	42.2983798351216
1.9968968918717793e-5	50.79049980087877
2.1096562848067137e-5	60.05630446663043
2.228782897174368e-5	69.52867130639524
2.3546362687190476e-5	78.36842744809825
2.4875962414267358e-5	85.492450630551
2.628064105938052e-5	89.69192068517353
2.776463812696018e-5	89.8584046125473
2.9332432514841528e-5	85.29564939634116
3.0988756032165605e-5	52.21694693857765
3.2738607680600214e-5	44.43662475938906
3.4587268741982965e-5	36.49332250559324
3.654031871792226e-5	28.826230375095626
3.860365216946566e-5	21.878071899462636
4.0783496507657944e-5	16.04675302554479
4.3086430788684815e-5	11.649683788299075
4.5519405570327826e-5	8.918041612527807
4.808976388965902e-5	8.033594910764691
5.080526342529086e-5	9.207191839092673
5.367409991106735e-5	34.69477131842707
5.670493187186425e-5	38.48380455597535
5.990690675615338e-5	42.245361907161914
6.328968854420141e-5	45.67678393510369
6.686348691523104e-5	48.44847836687564
7.063908806157143e-5	50.24648417537197
7.462788724280207e-5	50.8218772699083
7.884192317814156e-5	50.03201241764153
8.329391438088055e-5	47.85619285212871
8.799729754452457e-5	44.37737563618872
9.296626809649682e-5	29.908403458589145
9.821582304180064e-5	24.44011782512318
0.00010376180622594889	19.283579030285754
0.00010962095615376677	14.693623509806754
0.00011581095650839697	10.8923458095625
0.00012235048952297383	8.053454068930888
0.00012925929236605444	6.3032390667243
0.00013655821671098347	5.742392698130964
0.00014426929166897707	6.484061680191043
0.00015241579027587258	8.688925336095348
0.00016102229973320205	20.576954171601802
0.00017011479561559274	20.62941044769861
0.00017972072026846013	20.514494177033516
0.00018986906563260423	20.188373816913366
0.0002005904607456931	19.65826780339622
0.00021191726418471428	18.997986434230885
0.00022388366172840623	18.3450611529041
0.00023652576953442467	17.86891285294115
0.00024988174314264164	17.707370161779217
0.00026399189263357376	17.885555344580535
0.00027889880428949045	12.332792806102763
0.0002946474691254019	9.604704592576091
0.0003112854186778467	7.256262363262884
0.00032886286846130035	5.380416531807031
0.00034743286952519095	4.051202774660956
0.0003670514685689215	3.329287353659553
0.0003877778770981633	3.2741960117234417
0.0004096746501329504	3.9579408773734697
0.0004328078750069312	5.468414353354799
0.0004572473708276177	7.885017953629683
0.0004830668991996057	10.584829157785785
0.0005103443868467783	9.671175104064435
0.0005391621608053804	8.7618251252656
0.0005696071968978132	7.879136940939163
0.0006017713822370793	7.067397883874482
0.0006357517925541423	6.397606446206638
0.0006716509851852187	5.965456104646537
0.000709577308603274	5.878831674245163
0.0007496452294279256	6.23315416479256
0.0007919756779007212	7.077123824788171
0.0008366964128684705	4.986273891082144
0.0008839424073762058	3.976478353670139
0.00093385625603354	3.2485840952020912
0.000986588605383902	2.8365107813052584
0.0010422986085755728	2.7681575529005373
0.0011011544057067633	3.0687920010340264
0.00116333363129449	3.7633293133127173
0.0012290239503988513	4.872921972497247
0.0012984236250207948	6.39981780723475
0.0013717421124828531	8.295574085497506
0.0014492006975988171	6.408814466227811
0.0015310331605403347	5.49416590186697
0.0016174864824161411	4.634600737649089
0.0017088215906934398	3.858753110621885
0.001805314146711238	3.1996331110392355
0.0019072553776624268	2.696776231280191
0.002014952955555656	2.3980509095549674
0.002128731925809822	2.3600147735612538
0.002248935688283777	2.6453799950337267
0.002375927033702164	3.3157418184012126
0.0025100892386054115	2.7378979316785808
0.0026518272221286174	2.5250997908374733
0.00280156876810062	2.5146674581081765
0.0029597658161517057	2.7209479145143343
0.003126895825726718	3.1521326427932177
0.00330346321712029	3.808540067198883
0.00349000089388347	4.67867122784208
0.003687071851196554	5.731646252142434
0.0038952708750623843	6.905380099710313
0.00411522633744856	8.092266764628912
0.004347602092796451	4.487751002364037
0.004593099481621004	3.7362235167070352
0.004852459447248423	3.046611007963054
0.005126464772080319	2.449708500763442
0.005415942440133714	1.9776612098148703
0.00572176613298728	1.6659326876465759
0.0060448588666669675	1.5568285173311738
0.006386195777429466	1.7038294225889172
0.0067468070648513305	2.174502859494671
0.007127781101106491	3.047470499382279
0.007530267715816235	2.794944263795832
0.007955481666385851	3.076935913540934
0.00840470630430186	3.522106236119492
0.008879297448455118	4.1244110221481485
0.009380687477180155	4.863194016393167
0.00991038965136087	5.699480793689523
0.01047000268165041	6.573065157821275
0.011061215553589661	7.40170535792892
0.011685812625187154	8.084110363021752
0.012345679012345678	8.508499990923994
0.013042806278389354	4.225957774500357
0.013779298444863012	4.0009915947945185
0.01455737834174527	4.003914532164825
0.015379394316240958	4.312382283361617
0.016247827320401143	5.004622307621541
0.01716529839896184	6.14655441243624
0.018134576600000903	7.769599907480501
0.0191585873322884	9.837871288295982
0.020240421194553992	12.208702259554713
0.021383343303319473	14.60034560258767
0.022590803147448702	7.585756184609583
0.023866444999157556	8.146490146950837
0.025214118912905578	8.628905071239766
0.02663789234536535	8.969488228611365
0.028142062431540465	9.109438104103141
0.02973116895408261	9.008287437434682
0.031410008044951226	8.65843710871277
0.033183646660768985	8.09598836929541
0.03505743787556146	7.402150140626967
0.037037037037037035	6.690635756436323
0.03912841883516806	6.599160258207794
0.04133789533458906	6.34726680533873
0.04367213502523579	6.035844259725187
0.04613818294872287	5.642046827930203
0.04874348196120343	5.148459968193862
0.05149589519688552	4.550236158952598
0.054403729800002736	3.861272911149298
0.05747576199686517	3.1166814031432852
0.06072126358366197	2.369128852712655
0.06415002990995841	1.6784622637357778
0.06777240944234611	2.3590656200282853
0.0715993349974727	2.0042199823384013
0.0756423567387167	1.6577220683603637
0.07991367703609606	1.3351842775734166
0.0844261872946214	1.0516490840305204
0.08919350686224783	0.8190918320415734
0.09423002413485373	0.643934603168486
0.09955093998230691	0.5252495259714478
0.10517231362668437	0.4543363083841184
0.1111111111111111	0.4161268306013356
0.11738525650550419	0.7010411241360099
0.12401368600376717	0.5737916594203675
0.13101640507570736	0.4617732442283938
0.1384145488461686	0.36391626787201625
0.14623044588361028	0.27923825811862846
0.15448768559065656	0.20707465038715264
0.1632111894000082	0.14709660100514585
0.1724272859905955	0.09910086441826552
0.18216379075098593	0.0626628182310292
0.19245008972987526	0.0368248720899647
0.20331722832703833	0.19040089949001118
0.2147980049924181	0.13836688741951841
0.2269270702161501	0.0983114211060561
0.23974103110828818	0.06935941996971921
0.25327856188386416	0.05013208664035967
0.26758052058674353	0.03888504321920758
0.28269007240456123	0.03366322592690319
0.2986528199469207	0.03244721845139428
0.31551694088005316	0.03328156343112188
0.3333333333333333	0.03439950629087137
0.3521557695165126	0.08171070179215942
0.3720410580113015	0.06199776945072377
0.3930492152271221	0.04652945432293463
0.41524364653850576	0.034497587057332586
0.4386913376508308	0.025163707685326626
0.4634630567719698	0.01792657647156706
0.4896335682000246	0.012345030017108063
0.5172818579717865	0.008116241828212897
0.5464913722529576	0.005024825750496846
0.5773502691896257	0.002887748210062928
0.6099516849811152	0.028355979356912413
0.6443940149772543	0.01861911213694567
0.6807812106484503	0.01162201628833535
0.7192230933248643	0.006855407660667719
0.7598356856515925	0.0037960950575946814
0.8027415617602307	0.0019587659325040613
0.8480702172136836	0.0009340874156845554
0.8959584598407621	0.0004079006493457343
0.9465508226401592	0.00016144363986226616
1.0	5.7253869639707565e-5
