-1.0	0.0006836184776944186
-0.9465508226401592	0.001493191246842158
-0.8959584598407621	0.003000926477093968
-0.8480702172136836	0.005597842748705278
-0.8027415617602307	0.009767980738088137
-0.7598356856515925	0.01605640988512363
-0.7192230933248643	0.025019385503730836
-0.6807812106484503	0.0012009434891313072
-0.6443940149772543	0.002373046912480532
-0.6099516849811152	0.004334478812058994
-0.5773502691896257	0.0074196603267506845
-0.5464913722529576	0.01204803619107017
-0.5172818579717865	0.018743005798027585
-0.4896335682000246	0.02814262069175498
-0.4634630567719698	0.040987071110070966
-0.4386913376508308	0.058073329147502455
-0.41524364653850576	0.08017845799738152
-0.3930492152271221	0.028323799841422685
-0.3720410580113015	0.031550965474508384
-0.3521557695165126	0.0348925548146485
-0.3333333333333333	0.03989235933916903
-0.31551694088005316	0.048619460595072626
-0.2986528199469207	0.06342340138039193
-0.28269007240456123	0.08665935683240317
-0.26758052058674353	0.12042251337790061
-0.25327856188386416	0.1663232568826466
-0.23974103110828818	0.2253269844818637
-0.2269270702161501	0.04230765198306418
-0.2147980049924181	0.07556311147188202
-0.20331722832703833	0.12560713247947877
-0.19245008972987526	0.1954965009274905
-0.18216379075098593	0.2874452855822653
-0.1724272859905955	0.40271330589475607
-0.1632111894000082	0.5416135652833407
-0.15448768559065656	0.7035310858851131
-0.14623044588361028	0.8869027807827976
-0.1384145488461686	1.0891799558070758
-0.13101640507570736	0.695278980596079
-0.12401368600376717	0.8692629236534138
-0.11738525650550419	1.097188391391707
-0.1111111111111111	1.377540300017608
-0.10517231362668437	1.6970818160100642
-0.09955093998230691	2.034426904360548
-0.09423002413485373	2.3656019862205073
-0.08919350686224783	2.6694104225779314
-0.0844261872946214	2.9310808993394897
-0.07991367703609606	3.1436688189721758
-0.0756423567387167	5.57552398120033
-0.0715993349974727	6.57659614644041
-0.06777240944234611	7.276959713562973
-0.06415002990995841	7.639112087694466
-0.06072126358366197	7.691390858597816
-0.05747576199686517	7.5055151727377885
-0.054403729800002736	7.1695601982263275
-0.05149589519688552	6.7658795504522375
-0.04874348196120343	6.358098297027964
-0.04613818294872287	5.986868587558892
-0.04367213502523579	4.669423350283932
-0.04133789533458906	4.398072159896884
-0.03912841883516806	3.9765183244071745
-0.037037037037037035	3.469689690338658
-0.03505743787556146	2.944509355511531
-0.033183646660768985	2.456022747032745
-0.031410008044951226	2.0428805498791345
-0.02973116895408261	1.7282892620482748
-0.028142062431540465	1.5231640352372064
-0.02663789234536535	1.4294952792144102
-0.025214118912905578	1.1356681461723293
-0.023866444999157556	0.8919216259496301
-0.022590803147448702	0.8503627859413101
-0.021383343303319473	0.9707933953454992
-0.020240421194553992	1.2197210689679652
-0.0191585873322884	1.5668042025231168
-0.018134576600000903	1.9824954150935534
-0.01716529839896184	2.4375488804241368
-0.016247827320401143	2.903929785822082
-0.015379394316240958	3.356338508609051
-0.01455737834174527	4.339228959857433
-0.013779298444863012	3.566687966876509
-0.013042806278389354	2.8099619479628593
-0.012345679012345678	2.1557518489717165
-0.011685812625187154	1.6489783838354237
-0.011061215553589661	1.305943974594223
-0.01047000268165041	1.1273547749962136
-0.00991038965136087	1.107200044777798
-0.009380687477180155	1.2370880238356523
-0.008879297448455118	1.5073471315444684
-0.00840470630430186	0.8807788767519515
-0.007955481666385851	0.9955261625060572
-0.007530267715816235	1.288361046411151
-0.007127781101106491	1.7406885267933494
-0.0067468070648513305	2.3253769330247933
-0.006386195777429466	3.007265552161279
-0.0060448588666669675	3.746240548522178
-0.00572176613298728	4.501412981045556
-0.005415942440133714	5.235076182619205
-0.005126464772080319	5.915625880099364
-0.004852459447248423	6.29298766895603
-0.004593099481621004	4.799308157248452
-0.004347602092796451	3.535217179928301
-0.00411522633744856	2.5795552200144396
-0.0038952708750623843	1.9479707752700952
-0.003687071851196554	1.6259425188336558
-0.00349000089388347	1.5901485998739902
-0.00330346321712029	1.817839221521763
-0.003126895825726718	2.288086986113962
-0.0029597658161517057	2.979311446234821
-0.00280156876810062	2.0005084147629124
-0.0026518272221286174	2.233905895918339
-0.0025100892386054115	2.771740995666274
-0.002375927033702164	3.5652852723091133
-0.002248935688283777	4.546355166367747
-0.002128731925809822	5.638009981445215
-0.002014952955555656	6.765546348645561
-0.0019072553776624268	7.864934471855736
-0.001805314146711238	8.887357472836305
-0.0017088215906934398	9.800041857733058
-0.0016174864824161411	8.02136659615916
-0.0015310331605403347	5.708321068323822
-0.0014492006975988171	4.006499469702534
-0.0013717421124828531	2.922470932376792
-0.0012984236250207948	2.4079232925059872
-0.0012290239503988513	2.405453236665135
-0.00116333363129449	2.8660627130967202
-0.0011011544057067633	3.7486999394124374
-0.0010422986085755728	5.012537508552029
-0.000986588605383902	6.609353186906932
-0.00093385625603354	5.484424564365345
-0.0008839424073762058	5.880108490616451
-0.0008366964128684705	6.786949409533354
-0.0007919756779007212	8.087435762284334
-0.0007496452294279256	9.617420247536863
-0.000709577308603274	11.209126952652433
-0.0006716509851852187	12.723711433920348
-0.0006357517925541423	14.067989509416039
-0.0006017713822370793	15.196225959111255
-0.0005696071968978132	16.101657845293307
-0.0005391621608053804	8.806943785415664
-0.0005103443868467783	6.0605450378093035
-0.0004830668991996057	4.4364085379730716
-0.0004572473708276177	3.814601005040813
-0.0004328078750069312	4.084426965424522
-0.0004096746501329504	5.162542155647223
-0.0003877778770981633	6.979054907704275
-0.0003670514685689215	9.45565865814164
-0.00034743286952519095	12.489936155094718
-0.00032886286846130035	15.950958180500791
-0.0003112854186778467	16.338671928347576
-0.0002946474691254019	17.63284175969636
-0.00027889880428949045	19.448522462226038
-0.00026399189263357376	21.539290855767284
-0.00024988174314264164	23.583164624024718
-0.00023652576953442467	25.29428260682441
-0.00022388366172840623	26.491830745268796
-0.00021191726418471428	27.11917914860839
-0.0002005904607456931	27.225411800446505
-0.00018986906563260423	26.927963862339418
-0.00017972072026846013	10.250218632500337
-0.00017011479561559274	7.891560829666028
-0.00016102229973320205	7.170409163750919
-0.00015241579027587258	7.937350901284003
-0.00014426929166897707	10.089154927265193
-0.00013655821671098347	13.514336547339814
-0.00012925929236605444	18.04797468699349
-0.00012235048952297383	23.4534927306447
-0.00011581095650839697	29.432112545602866
-0.00010962095615376677	35.65134866173082
-0.00010376180622594889	45.65470018227184
-9.821582304180064e-5	50.00831692828328
-9.296626809649682e-5	53.10673536312202
-8.799729754452457e-5	54.65378002405111
-8.329391438088055e-5	54.530558910774204
-7.884192317814156e-5	52.83991254853756
-7.462788724280207e-5	49.87558561566647
-7.063908806157143e-5	46.0455818767601
-6.686348691523104e-5	41.786513134705764
-6.328968854420141e-5	37.49485610108614
-5.990690675615338e-5	9.671622162770197
-5.670493187186425e-5	8.888867659447573
-5.367409991106735e-5	10.33210042654524
-5.080526342529086e-5	13.816070925909107
-4.808976388965902e-5	19.13899921886212
-4.5519405570327826e-5	26.00126536765796
-4.3086430788684815e-5	33.98216901255708
-4.0783496507657944e-5	42.56779816265586
-3.860365216946566e-5	51.20971147286747
-3.654031871792226e-5	59.39111509922297
-3.4587268741982965e-5	90.9699180233356
-3.2738607680600214e-5	94.36826014303638
-3.0988756032165605e-5	92.67531736374832
-2.9332432514841528e-5	86.83800508548832
-2.776463812696018e-5	78.19000292953899
-2.628064105938052e-5	68.09957927139013
-2.4875962414267358e-5	57.731700427913005
-2.3546362687190476e-5	47.93980556178475
-2.228782897174368e-5	39.25844646996155
-2.1096562848067137e-5	31.95403125065242
-1.9968968918717793e-5	5.489969929775101
-1.890164395728808e-5	7.861320812995971
-1.789136663702245e-5	12.210619853659628
-1.6935087808430286e-5	18.473059999875765
-1.6029921296553006e-5	26.448340366860045
-1.5173135190109274e-5	35.741784680726774
-1.436214359622827e-5	45.7899491499522
-1.3594498835885981e-5	55.940015601429494
-1.2867884056488553e-5	65.54732055654667
-1.218010623930742e-5	74.06099912830163
-1.1529089580660988e-5	112.79941135001091
-1.0912869226866738e-5	112.04924768430391
-1.03295853440552e-5	104.97313069834254
-9.777477504947175e-6	93.62270084899183
-9.254879375653394e-6	80.15680025087607
-8.760213686460173e-6	66.38236951536125
-8.291987471422452e-6	53.56289393690919
-7.848787562396825e-6	42.42687443817607
-7.429276323914559e-6	33.28053601289676
-7.032187616022379e-6	26.147602339407662
-6.6563229729059306e-6	4.9872201297537915
-6.300547985762694e-6	8.586727707169908
-5.963788879007484e-6	14.038812341613141
-5.645029269476762e-6	21.361744843275343
-5.343307098851002e-6	30.3423175129202
-5.057711730036425e-6	40.521950227203206
-4.787381198742757e-6	51.26058729439613
-4.531499611961994e-6	61.843963661311186
-4.289294685496184e-6	71.59659038485151
-4.060035413102473e-6	79.97113112285538
-3.843029860220329e-6	120.6097515932171
-3.6376230756222457e-6	115.07836021975298
-3.443195114685067e-6	103.65036609558977
-3.2591591683157254e-6	88.96551377235998
-3.0849597918844647e-6	73.38805185663155
-2.9200712288200575e-6	58.63833925212871
-2.763995823807484e-6	45.73527290628485
-2.6162625207989416e-6	35.12026791693881
-2.476425441304853e-6	26.842667521072087
-2.3440625386741264e-6	20.73122032853805
-2.218774324301977e-6	5.1494169802742
-2.100182661920898e-6	9.079564129178639
-1.987929626335828e-6	14.867376205578445
-1.8816764231589208e-6	22.537536935995405
-1.7811023662836674e-6	31.855041997142845
-1.6859039100121416e-6	42.327723611948414
-1.5957937329142524e-6	53.28295040699454
-1.5104998706539979e-6	63.98356275680939
-1.4297648951653947e-6	73.74494253903025
-1.3533451377008244e-6	82.02433886283364
-1.2810099534067765e-6	121.91137708971556
-1.2125410252074154e-6	114.56556041649812
-1.1477317048950223e-6	101.69802083501406
-1.086386389438575e-6	86.08441090554408
-1.0283199306281548e-6	70.07716028728248
-9.733570762733526e-7	55.29686966216646
-9.213319412691613e-7	42.63316259800619
-8.720875069329806e-7	32.40809502865683
-8.254751471016177e-7	24.580009994347538
-7.813541795580421e-7	18.918200419776824
-7.395914414339923e-7	5.238639370894352
-7.00060887306966e-7	9.27018321822128
-6.626432087786093e-7	15.167335016672888
-6.272254743863069e-7	22.953415794963096
-5.937007887612225e-7	32.38382394598705
-5.619679700040472e-7	42.95376840803029
-5.319312443047508e-7	53.9790589290737
-5.03499956884666e-7	64.71478021391398
-4.765882983884649e-7	74.47355941022853
-4.511150459002748e-7	82.71470164047084
-4.270033178022588e-7	122.14562784651147
-4.041803417358051e-7	114.18839546751221
-3.8257723496500743e-7	100.86212254847493
-3.62128796479525e-7	84.97638154234042
-3.4277331020938494e-7	68.86835054720515
-3.244523587577842e-7	54.11719560071701
-3.0711064708972045e-7	41.5651173266273
-2.9069583564432685e-7	31.493193576985345
-2.751583823672059e-7	23.830194664196608
-2.6045139318601405e-7	18.327237747770127
-2.4653048047799744e-7	5.271967722437914
-2.3335362910232202e-7	9.336464249698373
-2.2088106959286977e-7	15.269872781014389
-2.0907515812876897e-7	23.094662771981582
-1.9790026292040748e-7	32.56277984667643
-1.8732265666801572e-7	43.165075407160955
-1.7731041476825026e-7	54.21343800395472
-1.6783331896155533e-7	64.96036283569197
-1.588627661294883e-7	74.71759960514301
-1.5037168196675827e-7	82.94520469581097
-1.423344392674196e-7	122.19947481897337
-1.347267805786017e-7	114.03863267127527
-1.2752574498833583e-7	100.56267682006319
-1.2070959882650833e-7	84.59105165190101
-1.1425777006979497e-7	68.4545409516667
-1.0815078625259473e-7	53.717620491196534
-1.0237021569657349e-7	41.206271209178084
-9.689861188144229e-8	31.18785226986643
-9.171946078906863e-8	23.581419190118936
-8.681713106200468e-8	18.132251276172575
-8.217682682599915e-8	5.283456642701586
-7.778454303410733e-8	9.358845938542242
-7.362702319762325e-8	15.304317362545973
-6.969171937625632e-8	23.142012569192346
-6.59667543068025e-8	32.62269876144972
-6.244088555600512e-8	43.23575911566895
-5.910347158941687e-8	54.29176860276771
-5.5944439653851776e-8	65.04235987398897
-5.2954255376496104e-8	74.7989956833764
-5.012389398891942e-8	83.02199095495936
-4.744481308913977e-8	122.21453609331066
-4.490892685953399e-8	113.98589143328664
-4.250858166277861e-8	100.46044716143852
-4.0236532942169446e-8	84.46077019055078
-3.808592335659833e-8	68.31536365526253
-3.605026208419817e-8	53.58370915872339
-3.4123405232191226e-8	41.08633748201911
-3.2299537293814096e-8	31.086030957996385
-3.057315359635621e-8	23.4986249909127
-2.8939043687334893e-8	18.06747908870665
-2.7392275608666328e-8	5.287323409627073
-2.592818101136916e-8	9.366330277163444
-2.454234106587442e-8	15.315815267612525
-2.3230573125418773e-8	23.15780588665583
-2.19889181022675e-8	32.64267370755145
-2.0813628518668374e-8	43.25931120308245
-1.970115719647229e-8	54.317855360482824
-1.8648146551283925e-8	65.06965203228957
-1.7651418458832035e-8	74.8260695331017
-1.670796466297314e-8	83.04751033602666
-1.5814937696379925e-8	122.2191272567714
-1.496964228651133e-8	113.96789784620606
-1.4169527220926202e-8	100.42601553291496
-1.3412177647389816e-8	84.41706673622328
-1.2695307785532776e-8	68.26877574508717
-1.2016754028066058e-8	53.53894734650277
-1.1374468410730409e-8	41.04629017166347
-1.0766512431271366e-8	31.052060395493587
-1.0191051198785404e-8	23.471022229454185
-9.646347895778298e-9	18.04589843241444
-9.13075853622211e-9	5.28861222707198
-8.64272700378972e-9	9.368820239038618
-8.180780355291472e-9	15.319637540941251
-7.743524375139592e-9	23.16305303140345
-7.3296393674225e-9	32.649306293469664
-6.937876172889458e-9	43.26712649546196
-6.567052398824097e-9	54.32650516532645
-6.216048850427975e-9	65.07869323122729
-5.883806152944011e-9	74.83502821001802
-5.56932155432438e-9	83.0559423389142
-5.2716458987933085e-9	122.220511949553
-4.989880762170443e-9	113.9617627560468
-4.723175740308734e-9	100.41441845768969
-4.470725882463272e-9	84.40240066868544
-4.231769261844259e-9	68.25317012806904
-4.005584676022019e-9	53.523970097382616
-3.79148947024347e-9	41.03290057202265
-3.588837477090455e-9	31.04070874401926
-3.397017066261801e-9	23.46180207618642
-3.215449298592766e-9	18.03869164148966
-3.0435861787407033e-9	5.289037708442397
-2.8809090012632403e-9	9.369642409119942
-2.7269267850971576e-9	15.320898575251741
-2.581174791713197e-9	23.164782158069368
-2.4432131224741664e-9	32.65148892564272
-2.3126253909631526e-9	43.26969403818273
-2.1890174662746987e-9	54.32934113292024
-2.0720162834759916e-9	65.08165015339833
-1.9612687176480036e-9	74.83794896141367
-1.8564405181081268e-9	83.05868019930126
-1.7572152995977694e-9	122.22086210037027
-1.6632935873901478e-9	113.95961369539981
-1.5743919134362448e-9	100.41046122504088
-1.4902419608210906e-9	84.39743531894814
-1.4105897539480862e-9	68.24790661598892
-1.3351948920073398e-9	53.51892970266144
-1.2638298234144899e-9	41.02840092016618
-1.1962791590301517e-9	31.036897568091863
-1.132339022087267e-9	23.458708295673645
-1.0718164328642553e-9	18.036273877938342
-1.014528726246901e-9	5.289174997790999
-9.6030300042108e-10	9.369908371352382
-9.089755950323858e-10	15.321305654217047
-8.603915972377324e-10	23.165338456382607
-8.144043741580555e-10	32.652188153861935
-7.708751303210509e-10	43.27051234592955
-7.29672488758233e-10	54.3302393045833
-6.906720944919972e-10	65.08257929554689
-6.537562392160012e-10	74.83885756117138
-6.188135060360422e-10	83.05952068194745
-5.857384331992565e-10	122.22087210688969
-5.544311957967159e-10	113.95879783008957
-5.247973044787482e-10	100.40905448245556
-4.967473202736969e-10	84.39570655064578
-4.70196584649362e-10	68.24609259396074
-4.450649640024466e-10	53.5172029390596
-4.2127660780482996e-10	41.026865325264055
-3.9875971967671726e-10	31.035600194805596
-3.774463406957557e-10	23.457656670223223
-3.572721442880851e-10	18.0354523222662
-3.3817624208230034e-10	5.2892161880667725
-3.2010100014036006e-10	9.369988918686163
-3.0299186501079527e-10	15.321428088209235
-2.8679719907924413e-10	23.165503839908894
-2.7146812471935185e-10	32.652392968302095
-2.5695837677368364e-10	43.27074766143826
-2.4322416291941097e-10	54.33049166684705
-2.302240314973324e-10	65.08283267252224
-2.1791874640533375e-10	74.83909564390656
-2.0627116867868073e-10	83.05972894139501
-1.9524614439975216e-10	122.22076955060395
-1.848103985989053e-10	113.95842714080833
-1.7493243482624942e-10	100.40849857612218
-1.6558244009123228e-10	84.39505718032026
-1.567321948831207e-10	68.24542880159328
-1.4835498800081552e-10	53.516580996813076
-1.4042553593494334e-10	41.026317929219985
-1.3291990655890575e-10	31.035140863096913
-1.2581544689858523e-10	23.45728582014497
-1.1909071476269502e-10	18.035162859998305
-1.1272541402743346e-10	5.289225345031121
-1.0670033338012002e-10	9.370007665853754
-1.0099728833693176e-10	15.321455651299583
-9.559906635974805e-11	23.165538936699534
-9.048937490645061e-11	32.65243300540623
-8.565279225789454e-11	43.27078868388088
-8.1074720973137e-11	54.33052880820415
-7.674134383244414e-11	65.08286085460855
-7.263958213511125e-11	74.83911029173207
-6.875705622622692e-11	83.05972653982057
-6.508204813325072e-11	122.22062966283492
-6.16034661996351e-11	113.95820502159633
-5.831081160874981e-11	100.40822643725166
-5.519414669707743e-11	84.39476773666641
-5.2244064961040226e-11	68.24514851807243
-4.945166266693851e-11	53.51632740183221
-4.6808511978314444e-11	41.02609998525397
-4.430663551963525e-11	31.03496091475902
-4.193848229952841e-11	23.45714191937093
-3.9696904920898346e-11	18.035050777884802
-3.757513800914448e-11	5.289223825395742
-3.5566777793373334e-11	9.37000581555442
-3.366576277897725e-11	15.321451595285188
-3.186635545324935e-11	23.16553061162936
-3.016312496881687e-11	32.652418126841866
-2.8550930752631514e-11	43.27076495553195
-2.7024906991045666e-11	54.3304942264576
-2.5580447944148045e-11	65.08281399250275
-2.4213194045037084e-11	74.83905048530434
-2.291901874207564e-11	83.05965394475449
-2.1694016044416907e-11	122.22047738513506
-2.05344887332117e-11	113.95803247610493
-1.9436937202916602e-11	100.40804893170305
-1.839804889902581e-11	84.39459830529567
-1.7414688320346743e-11	68.24499610004831
-1.648388755564617e-11	53.51619661167881
-1.5602837326104815e-11	41.02599187532702
-1.4768878506545083e-11	31.034874106336424
-1.3979494099842804e-11	23.457073677017963
-1.3232301640299448e-11	18.03499782858263
-1.2525046003048161e-11	5.28921874742819
-1.1855592597791113e-11	9.369997100411254
-1.1221920926325752e-11	15.321437001193138
-1.062211848441645e-11	23.16550781507933
-1.0054374989605623e-11	32.652384946557625
-9.516976917543838e-12	43.27071964824333
-9.008302330348556e-12	54.33043574287297
-8.526815981382682e-12	65.08274212270484
-8.071064681679027e-12	74.8389658689003
-7.639672914025213e-12	83.05955796086981
-7.231338681472302e-12	122.22032099445453
-6.844829577737234e-12	113.95787647102435
-6.478979067638867e-12	100.40790298450695
-6.132682966341937e-12	84.39446888965153
-5.804896106782248e-12	68.24488631319325
-5.49462918521539e-12	53.51610676371593
-5.200945775368271e-12	41.025920382223866
-4.9229595021816945e-12	31.03481834860573
-4.659831366614268e-12	23.457030657092066
-4.410767213433149e-12	18.034964592347478
-4.175015334349387e-12	5.289212483546789
-3.951864199263704e-12	9.369986097330813
-3.74064030877525e-12	15.321418894970948
-3.5407061614721497e-12	23.165480195554093
-3.3514583298685413e-12	32.65234566690146
-3.1723256391812793e-12	43.270667149568375
-3.0027674434495182e-12	54.33036929401137
-2.8422719937942274e-12	65.08266191940957
-2.6903548938930093e-12	74.83887298526524
-2.546557638008404e-12	83.05945418377789
-2.410446227157434e-12	122.22016323842256
-2.2816098592457446e-12	113.95772598466746
-2.1596596892129557e-12	100.40776756138042
-2.0442276554473122e-12	84.39435281645349
-1.934965368927416e-12	68.24479073984534
-1.8315430617384634e-12	53.516030565580884
-1.7336485917894238e-12	41.02586109657585
-1.6409865007272314e-12	31.03477294248123
-1.553277122204756e-12	23.456996045651312
-1.4702557378110498e-12	18.034937927868604
-1.3916717781164624e-12	5.289205824432139
-1.3172880664212348e-12	9.369974331727693
-1.2468801029250834e-12	15.32139961823877
-1.1802353871573832e-12	23.165450968672356
-1.1171527766228471e-12	32.65230435454636
-1.0574418797270931e-12	43.270612254327204
-1.0009224811498394e-12	54.330300190762955
-9.47423997931409e-13	65.08257893912617
-8.967849646310031e-13	74.83877734685636
-8.488525460028014e-13	83.0593478100255
-8.034820757191447e-13	122.2200050292159
-7.605366197485815e-13	113.95757733969069
-7.198865630709853e-13	100.40763564786283
-6.814092184824374e-13	84.39424119206576
-6.449884563091386e-13	68.24469990540307
-6.105143539128211e-13	53.51595891822305
-5.778828639298079e-13	41.02580588071427
-5.469955002424105e-13	31.0347309873656
-5.177590407349187e-13	23.45696423738727
-4.900852459370166e-13	18.034913454229535
-4.638905927054875e-13	5.289199033600042
-4.390960221404116e-13	9.369962311997114
-4.156267009750278e-13	15.321379951412988
-3.9341179571912774e-13	23.16542120612087
-3.7238425887428235e-13	32.652262364788605
-3.524806265756977e-13	43.270556560448085
-3.3364082704994647e-13	54.330230202992766
-3.158079993104697e-13	65.08249503350886
-2.989283215436677e-13	74.83868079056866
-2.8295084866760046e-13	83.05924057114132
-2.678273585730482e-13	122.21984666969013
-2.535122065828605e-13	113.95742930920532
-2.399621876903284e-13	100.40750490483713
-2.2713640616081247e-13	84.39413105114349
-2.1499615210304622e-13	68.2446106510276
-2.0350478463760703e-13	53.51588878813212
-1.9262762130993598e-13	41.02575202171086
-1.8233183341413684e-13	31.03469018278462
-1.7258634691163956e-13	23.456933363663214
-1.6336174864567219e-13	18.034889710979655
-1.546301975684958e-13	5.289192198877755
-1.4636534071347053e-13	9.369950207584031
-1.385422336583426e-13	15.321360154598805
-1.3113726523970925e-13	23.165391265076615
-1.2412808629142746e-13	32.65222014931869
-1.1749354219189923e-13	43.27050060047259
-1.1121360901664883e-13	54.330159920526285
-1.052693331034899e-13	65.08241081961792
-9.964277384788924e-14	74.83858392851583
-9.431694955586682e-14	83.05913304409363
-8.927578619101608e-14	122.21968826040928
-8.45040688609535e-14	113.95728148387039
-7.998739589677613e-14	100.40737455225101
-7.571213538693749e-14	84.39402140493625
-7.166538403434873e-14	68.24452192352031
-6.783492821253567e-14	53.5158191639344
-6.4209207103312e-14	41.025698615096786
-6.077727780471228e-14	31.03464976179146
-5.752878230387985e-14	23.456902801508583
-5.445391621522407e-14	18.034866211234572
-5.154339918949861e-14	5.28918534953081
-4.8788446904490176e-14	9.369938074953437
-4.618074455278087e-14	15.321340314472094
-4.371242174656975e-14	23.16536126456134
-4.137602876380915e-14	32.65217785865015
-3.916451406396641e-14	43.27044455185114
-3.707120300554961e-14	54.330089539895894
-3.50897777011633e-14	65.08232650305284
-3.321425794929641e-14	74.83848696464
-3.143898318528894e-14	83.05902542110329
-2.9758595397005356e-14	122.21952983472754
-2.8168022953651166e-14	113.95713372708964
-2.6662465298925377e-14	100.40724432996105
-2.5237378462312495e-14	84.39391192375922
-2.3888461344782913e-14	68.24443337173656
-2.2611642737511894e-14	53.51574970844642
-2.140306903443733e-14	41.02564535933901
-2.0259092601570757e-14	31.034609468705906
-1.9176260767959952e-14	23.45687234324413
-1.8151305405074687e-14	18.034842792683158
-1.71811330631662e-14	5.289178495315558
-1.6262815634830058e-14	9.36992593292851
-1.5393581517593624e-14	15.32132045992675
-1.4570807248856583e-14	23.16533124425105
-1.3792009587936384e-14	32.652135542956024
-1.3054838021322137e-14	43.270388473735224
-1.2357067668516536e-14	54.33001912661264
-1.1696592567054433e-14	65.08224215234553
-1.1071419316432137e-14	74.83838996691827
-1.047966106176298e-14	83.05891776623818
-9.919531799001786e-15	122.21937140374351
-9.389340984550388e-15	113.95698599331878
-8.887488432975126e-15	100.40711415124693
-8.412459487437498e-15	84.3938024977163
-7.96282044826097e-15	68.24434487863007
-7.537214245837298e-15	53.51568030927737
-7.134356344812443e-15	41.02559215393113
-6.7530308671902524e-15	31.03456921830575
-6.392086922653317e-15	23.456841919647466
-6.050435135024896e-15	18.034819401225366
-5.727044354388734e-15	5.289171639485079
-5.420938544943353e-15	9.369913787785297
-5.131193839197874e-15	15.321300600596478
-4.8569357496188614e-15	23.165301217374186
-4.597336529312128e-15	32.65209321896429
-4.3516126737740455e-15	43.2703323858458
-4.119022556172179e-15	54.329948702517065
-3.898864189018145e-15	65.0821577903427
-3.690473105477379e-15	74.83829295801183
-3.4932203539209936e-15	83.05881010085501
-3.306510599667262e-15	122.2192129711472
-3.129780328183463e-15	113.95683826736347
-2.962496144325042e-15	100.40698398718706
-2.8041531624791664e-15	84.39369309016051
2.8041531624791664e-15	99.71933800861038
2.962496144325042e-15	111.36407320349596
3.129780328183463e-15	118.19213127546043
3.306510599667262e-15	118.08021802220469
3.4932203539209936e-15	71.24405496561442
3.690473105477379e-15	61.90721904177696
3.898864189018145e-15	51.81399764878608
4.119022556172179e-15	41.539440884875816
4.3516126737740455e-15	31.701692838655887
4.597336529312128e-15	22.87312721943526
4.8569357496188614e-15	15.490337206753509
5.131193839197874e-15	9.790818159139713
5.420938544943353e-15	5.804626027080082
5.727044354388734e-15	3.4216497033536015
6.050435135024896e-15	26.355229053320766
6.392086922653317e-15	34.627370865507366
6.7530308671902524e-15	44.856160180955904
7.134356344812443e-15	57.047378929572965
7.537214245837298e-15	70.88338674050753
7.96282044826097e-15	85.569645121124
8.412459487437498e-15	99.71946727653172
8.887488432975126e-15	111.36421756463082
9.389340984550388e-15	118.19228448548995
9.919531799001786e-15	118.08037108472516
1.047966106176298e-14	71.24414731194399
1.1071419316432137e-14	61.90729928481535
1.1696592567054433e-14	51.81406480836403
1.2357067668516536e-14	41.539494726234835
1.3054838021322137e-14	31.70173392827119
1.3792009587936384e-14	22.873156865653094
1.4570807248856583e-14	15.490357283769795
1.5393581517593624e-14	9.790830848933734
1.6262815634830058e-14	5.804633550578434
1.71811330631662e-14	3.4216541388546
1.8151305405074687e-14	26.355263223735832
1.9176260767959952e-14	34.62741575993709
2.0259092601570757e-14	44.85621833553567
2.140306903443733e-14	57.047452887679285
2.2611642737511894e-14	70.88347863344674
2.3888461344782913e-14	85.56975604992253
2.5237378462312495e-14	99.71959654442847
2.6662465298925377e-14	111.3643619229363
2.8168022953651166e-14	118.19243768937496
2.9758595397005356e-14	118.08052413779097
3.143898318528894e-14	71.24423964519096
3.321425794929641e-14	61.907379515086326
3.50897777011633e-14	51.814131956020105
3.707120300554961e-14	41.53954855699297
3.916451406396641e-14	31.70177500896478
4.137602876380915e-14	22.87318650482464
4.371242174656975e-14	15.490377355641582
4.618074455278087e-14	9.790843535388877
4.8788446904490176e-14	5.804641072445645
5.154339918949861e-14	3.421658574549662
5.445391621522407e-14	26.35529740391283
5.752878230387985e-14	34.62746066531513
6.077727780471228e-14	44.85627650172846
6.4209207103312e-14	57.047526857102525
6.783492821253567e-14	70.88357053591575
7.166538403434873e-14	85.56986698444562
7.571213538693749e-14	99.71972581188072
7.998739589677613e-14	111.36450627234991
8.45040688609535e-14	118.19259087440956
8.927578619101608e-14	118.08067716208878
9.431694955586682e-14	71.24433193896189
9.964277384788924e-14	61.907459706859626
1.052693331034899e-13	51.81419906775026
1.1121360901664883e-13	41.539602355822375
1.1749354219189923e-13	31.701816062798933
1.2412808629142746e-13	22.873216122790755
1.3113726523970925e-13	15.490397412035804
1.385422336583426e-13	9.790856211800115
1.4636534071347053e-13	5.804648589403324
1.546301975684958e-13	3.421663010816808
1.6336174864567219e-13	26.355331613263683
1.7258634691163956e-13	34.62750560339737
1.8233183341413684e-13	44.856334702585826
1.9262762130993598e-13	57.047600860265604
2.0350478463760703e-13	70.88366246672658
2.1499615210304622e-13	85.5699779358618
2.2713640616081247e-13	99.71985507769455
2.399621876903284e-13	111.3646505947739
2.535122065828605e-13	118.19274400258944
2.678273585730482e-13	118.08083009981068
2.8295084866760046e-13	71.24442411410953
2.989283215436677e-13	61.907539782970915
3.158079993104697e-13	51.814266071561
3.3364082704994647e-13	41.53965605875227
3.524806265756977e-13	31.701857035968473
3.7238425887428235e-13	22.87324567707857
3.9341179571912774e-13	15.490417421955419
4.156267009750278e-13	9.790868858053173
4.390960221404116e-13	5.804656091617002
4.638905927054875e-13	3.421667448791539
4.900852459370166e-13	26.355365910116944
5.177590407349187e-13	34.62755063956307
5.469955002424105e-13	44.85639300739465
5.778828639298079e-13	57.04767496458802
6.105143539128211e-13	70.88375448247925
6.449884563091386e-13	85.57008893784533
6.814092184824374e-13	99.71998433844963
7.198865630709853e-13	111.36479483605315
7.605366197485815e-13	118.19289696000081
8.034820757191447e-13	118.08098277758204
8.488525460028014e-13	71.24451593326734
8.967849646310031e-13	61.907619511996295
9.47423997931409e-13	51.81433275153429
1.0009224811498394e-12	41.5397094739236
1.0574418797270931e-12	31.70189776710115
1.1171527766228471e-12	22.873275040302453
1.1802353871573832e-12	15.490437292433214
1.2468801029250834e-12	9.790881413821596
1.3172880664212348e-12	5.804663549593679
1.3916717781164624e-12	3.4216718918875495
1.4702557378110498e-12	26.35540046951771
1.553277122204756e-12	34.627595970030164
1.6409865007272314e-12	44.856451624120524
1.7336485917894238e-12	57.04774937246377
1.8315430617384634e-12	70.88384675314569
1.934965368927416e-12	85.5702000916303
2.0442276554473122e-12	99.7201135841355
2.1596596892129557e-12	111.3649388340072
2.2816098592457446e-12	118.19304940521077
2.410446227157434e-12	118.0811346755935
2.546557638008404e-12	71.24460668443689
2.6903548938930093e-12	61.9076981997417
2.8422719937942274e-12	51.81439845997099
3.0027674434495182e-12	41.539762025795206
3.1723256391812793e-12	31.701937772101246
3.3514583298685413e-12	22.87330383031604
3.5407061614721497e-12	15.490456744571263
3.74064030877525e-12	9.790893698126462
3.951864199263704e-12	5.804670874854802
4.175015334349387e-12	3.421676350349065
4.410767213433149e-12	26.35543581681299
4.659831366614268e-12	34.62764218373213
4.9229595021816945e-12	44.85651117702578
5.200945775368271e-12	57.0478246915438
5.49462918521539e-12	70.88393978922907
5.804896106782248e-12	85.57031170163486
6.132682966341937e-12	99.72024278556299
6.478979067638867e-12	111.3650821030449
6.844829577737234e-12	118.19320031493982
7.231338681472302e-12	118.08128423544665
7.639672914025213e-12	71.24469423217022
8.071064681679027e-12	61.907773764106516
8.526815981382682e-12	51.814461254182724
9.008302330348556e-12	41.539811988076224
9.516976917543838e-12	31.70197559893934
1.0054374989605623e-11	22.873330900869142
1.062211848441645e-11	15.490474941806164
1.1221920926325752e-11	9.790905168115737
1.1855592597791113e-11	5.804677802018163
1.2525046003048161e-11	3.4216808549468025
1.3232301640299448e-11	26.355473528724204
1.3979494099842804e-11	34.62769104836459
1.4768878506545083e-11	44.85657354005843
1.5602837326104815e-11	57.047902746259744
1.648388755564617e-11	70.8840351240793
1.7414688320346743e-11	85.5704246833383
1.839804889902581e-11	99.72037185776207
1.9436937202916602e-11	111.36522318929924
2.05344887332117e-11	118.19334662244007
2.1694016044416907e-11	118.08142678504042
2.291901874207564e-11	71.24477217167657
2.4213194045037084e-11	61.90783996013939
2.5580447944148045e-11	51.81451530723523
2.7024906991045666e-11	41.53985418280165
2.8550930752631514e-11	31.70200689222056
3.016312496881687e-11	22.87335281371264
3.186635545324935e-11	15.49048937478953
3.366576277897725e-11	9.79091419545418
3.5566777793373334e-11	5.804683535079203
3.757513800914448e-11	3.4216854981033
3.9696904920898346e-11	26.35551833748585
4.193848229952841e-11	34.627747869732595
4.430663551963525e-11	44.85664433858092
4.6808511978314444e-11	57.04798901437745
4.945166266693851e-11	70.8841373632976
5.2244064961040226e-11	85.57054178987588
5.519414669707743e-11	99.72050055362213
5.831081160874981e-11	111.36535773987379
6.16034661996351e-11	118.19347913670154
6.508204813325072e-11	118.08154831729226
6.875705622622692e-11	71.24482129322408
7.263958213511125e-11	61.907878057019374
7.674134383244414e-11	51.81454314170244
8.1074720973137e-11	41.5398730787851
8.565279225789454e-11	31.70201858782992
9.048937490645061e-11	22.873359255596515
9.559906635974805e-11	15.490492516497849
1.0099728833693176e-10	9.79091589579846
1.0670033338012002e-10	5.804685686455586
1.1272541402743346e-10	3.421690557428683
1.1909071476269502e-10	26.35558444599479
1.2581544689858523e-10	34.62782857337847
1.3291990655890575e-10	44.85674045919661
1.4042553593494334e-10	57.04809994255515
1.4835498800081552e-10	70.88426034027364
1.567321948831207e-10	85.57067130066105
1.6558244009123228e-10	99.72062815511536
1.7493243482624942e-10	111.36547272209698
1.848103985989053e-10	118.19357031230639
1.9524614439975216e-10	118.08160683854958
2.0627116867868073e-10	71.24478398161118
2.1791874640533375e-10	61.90783187448039
2.302240314973324e-10	51.81449233555077
2.4322416291941097e-10	41.53982209071623
2.5695837677368364e-10	31.70197149975363
2.7146812471935185e-10	22.873319291379122
2.8679719907924413e-10	15.490461789037473
3.0299186501079527e-10	9.790895618223315
3.2010100014036006e-10	5.804677094840802
3.3817624208230034e-10	3.421696867000935
3.572721442880851e-10	26.35571448125034
3.774463406957557e-10	34.62798095995978
3.9875971967671726e-10	44.856912592825644
4.2127660780482996e-10	57.04828491032773
4.450649640024466e-10	70.88444560435387
4.70196584649362e-10	85.57083811336743
4.967473202736969e-10	99.72075257755235
5.247973044787482e-10	111.36552911567132
5.544311957967159e-10	118.19353759580443
5.857384331992565e-10	118.0814764510004
6.188135060360422e-10	71.24448743425026
6.537562392160012e-10	61.907532909500084
6.906720944919972e-10	51.814205654681736
7.29672488758233e-10	41.53956148868747
7.708751303210509e-10	31.701748090164553
8.144043741580555e-10	22.873140130587352
8.603915972377324e-10	15.490329469304992
9.089755950323858e-10	9.790809417331173
9.6030300042108e-10	5.804636281936514
1.014528726246901e-9	3.421706934718879
1.0718164328642553e-9	26.356036377326806
1.132339022087267e-9	34.628348500984984
1.1962791590301517e-9	44.85731290216254
1.2638298234144899e-9	57.048692170672176
1.3351948920073398e-9	70.8848179459411
1.4105897539480862e-9	85.57111709354635
1.4902419608210906e-9	99.72086776920287
1.5743919134362448e-9	111.36541008774378
1.6632935873901478e-9	118.19313357185884
1.7572152995977694e-9	118.08077970989592
1.8564405181081268e-9	71.24341337978093
1.9612687176480036e-9	61.90647577522819
2.0720162834759916e-9	51.81321150266116
2.1890174662746987e-9	41.53867217123037
2.3126253909631526e-9	31.700995816158727
2.4432131224741664e-9	22.872543456000876
2.581174791713197e-9	15.48989242858223
2.7269267850971576e-9	9.7905254882748
2.8809090012632403e-9	5.804498841195247
3.0435861787407033e-9	3.4217283184710565
3.215449298592766e-9	26.356934077848535
3.397017066261801e-9	34.62936179516765
3.588837477090455e-9	44.85839811288649
3.79148947024347e-9	57.04976678502252
4.005584676022019e-9	70.88575211487895
4.231769261844259e-9	85.5717333015954
4.470725882463272e-9	99.72095612758221
4.723175740308734e-9	111.36476577656971
4.989880762170443e-9	118.19161669827945
5.2716458987933085e-9	118.0783850203677
5.56932155432438e-9	71.24000747943003
5.883806152944011e-9	61.903144757771024
6.216048850427975e-9	51.8100954965248
6.567052398824097e-9	41.53589719045003
6.937876172889458e-9	31.69865735029182
7.3296393674225e-9	22.87069456276328
7.743524375139592e-9	15.488541482327355
8.180780355291472e-9	9.789648593525534
8.64272700378972e-9	5.804071741420516
9.13075853622211e-9	3.421783949271988
9.646347895778298e-9	26.3595596753187
1.0191051198785404e-8	34.63231296865326
1.0766512431271366e-8	44.861538821351274
1.1374468410730409e-8	57.05284447508132
1.2016754028066058e-8	70.88837305478452
1.2695307785532776e-8	85.57336281841292
1.3412177647389816e-8	99.72096600650988
1.4169527220926202e-8	111.3625480726066
1.496964228651133e-8	118.18676416932384
1.5814937696379925e-8	118.07089974609814
1.670796466297314e-8	71.22960873398797
1.7651418458832035e-8	61.892994772158
1.8648146551283925e-8	51.800616502315414
1.970115719647229e-8	41.52746759556746
2.0813628518668374e-8	31.691562417994977
2.19889181022675e-8	22.865090833266315
2.3230573125418773e-8	15.48445039948022
2.454234106587442e-8	9.786994298034168
2.592818101136916e-8	5.802777385192602
2.7392275608666328e-8	3.4219447858083374
2.8939043687334893e-8	26.36736876646004
3.057315359635621e-8	34.64107738357074
3.2299537293814096e-8	44.87084542906413
3.4123405232191226e-8	57.06193068169147
3.605026208419817e-8	70.89605369545818
3.808592335659833e-8	85.57803215342196
4.0236532942169446e-8	99.72074146907977
4.250858166277861e-8	111.35561314881888
4.490892685953399e-8	118.17191039979522
4.744481308913977e-8	118.04815177784927
5.012389398891942e-8	71.19824551408522
5.2954255376496104e-8	61.862403178962545
5.5944439653851776e-8	51.772064319913824
5.910347158941687e-8	41.50208961670442
6.244088555600512e-8	31.670212548672122
6.59667543068025e-8	22.84823571071588
6.969171937625632e-8	15.472150913927706
7.362702319762325e-8	9.77901985280288
7.778454303410733e-8	5.7988958577038225
8.217682682599915e-8	3.422442760083327
8.681713106200468e-8	26.39071291121898
9.171946078906863e-8	34.66726002993133
9.689861188144229e-8	44.89862118717051
1.0237021569657349e-7	57.08900655810567
1.0815078625259473e-7	70.91887132119422
1.1425777006979497e-7	85.591775809075
1.2070959882650833e-7	99.71977145112855
1.2752574498833583e-7	111.33449578961994
1.347267805786017e-7	118.127043541797
1.423344392674196e-7	117.97963644435747
1.5037168196675827e-7	71.1040849616467
1.588627661294883e-7	61.77059792977322
1.6783331896155533e-7	51.68641233427115
1.7731041476825026e-7	41.42598776330588
1.8732265666801572e-7	31.606214393487924
1.9790026292040748e-7	22.797734626962633
2.0907515812876897e-7	15.435327686025213
2.2088106959286977e-7	9.755189355265935
2.3335362910232202e-7	5.787381863247957
2.4653048047799744e-7	3.424144296656441
2.6045139318601405e-7	26.460482767949532
2.751583823672059e-7	34.745450796044025
2.9069583564432685e-7	44.98147890048863
3.0711064708972045e-7	57.16964164393044
3.244523587577842e-7	70.98661326281572
3.4277331020938494e-7	85.63220672411354
3.62128796479525e-7	99.71603431792744
3.8257723496500743e-7	111.27038613322529
4.041803417358051e-7	117.99187471265229
4.270033178022588e-7	117.77382676585556
4.511150459002748e-7	70.8223079112396
4.765882983884649e-7	61.496073175075
5.03499956884666e-7	51.430471295081034
5.319312443047508e-7	41.19875060529782
5.619679700040472e-7	31.415277493849082
5.937007887612225e-7	22.64723933675123
6.272254743863069e-7	15.32582787490791
6.626432087786093e-7	9.68472256240611
7.00060887306966e-7	5.7541333881747425
7.395914414339923e-7	3.4311924009256427
7.813541795580421e-7	26.667799622623605
8.254751471016177e-7	34.9773008090961
8.720875069329806e-7	45.226470709691206
9.213319412691613e-7	57.40704246946868
9.733570762733526e-7	71.184479624186
1.0283199306281548e-6	85.74756279640275
1.086386389438575e-6	99.69885973697036
1.1477317048950223e-6	111.07289568566873
1.2125410252074154e-6	117.58300801121061
1.2810099534067765e-6	117.15576254503736
1.3533451377008244e-6	69.98444128552627
1.4297648951653947e-6	60.68145374137711
1.5104998706539979e-6	50.67252828966112
1.5957937329142524e-6	40.527223222332466
1.6859039100121416e-6	30.852405061735897
1.7811023662836674e-6	22.205141395270825
1.8816764231589208e-6	15.006325594683272
1.987929626335828e-6	9.482823101308442
2.100182661920898e-6	5.666356472871894
2.218774324301977e-6	3.4701647167693843
2.3440625386741264e-6	27.272007699117488
2.476425441304853e-6	35.64874653003624
2.6162625207989416e-6	45.929910310883045
2.763995823807484e-6	58.079810170527004
2.9200712288200575e-6	71.73146101501118
3.0849597918844647e-6	86.04239414530451
3.2591591683157254e-6	99.5964112898706
3.443195114685067e-6	110.43710199355061
3.6376230756222457e-6	116.32935423008135
3.843029860220329e-6	115.29863326650481
4.060035413102473e-6	67.53943459235944
4.289294685496184e-6	58.318383528932394
4.531499611961994e-6	48.486825523111285
4.787381198742757e-6	38.60291449811958
5.057711730036425e-6	29.2518280736392
5.343307098851002e-6	20.962614042630573
5.645029269476762e-6	14.129481849044288
5.963788879007484e-6	8.965244437897196
6.300547985762694e-6	5.514881237228631
6.6563229729059306e-6	3.750272076224352
7.032187616022379e-6	28.929417922527048
7.429276323914559e-6	37.4555104216346
7.848787562396825e-6	47.772890744255896
8.291987471422452e-6	59.76926856478717
8.760213686460173e-6	72.9907179929851
9.254879375653394e-6	86.51656255667744
9.777477504947175e-6	98.89339063029206
1.03295853440552e-5	108.20987501998337
1.0912869226866738e-5	112.3941269647662
1.1529089580660988e-5	109.75809496346488
1.218010623930742e-5	60.83114109471761
1.2867884056488553e-5	51.939328803514535
1.3594498835885981e-5	42.6852539670827
1.436214359622827e-5	33.592822385671504
1.5173135190109274e-5	25.191231733045736
1.6029921296553006e-5	17.94556625674151
1.6935087808430286e-5	12.201283987264697
1.789136663702245e-5	8.168615271073154
1.890164395728808e-5	5.9706719790659415
1.9968968918717793e-5	5.768031632724218
2.1096562848067137e-5	38.92172959956658
2.228782897174368e-5	46.55714796220738
2.3546362687190476e-5	54.99489781291593
2.4875962414267358e-5	63.78031978100967
2.628064105938052e-5	72.2238015593213
2.776463812696018e-5	79.41020924567091
2.9332432514841528e-5	84.27699203208888
3.0988756032165605e-5	85.78048420716276
3.2738607680600214e-5	83.14360879576124
3.4587268741982965e-5	76.13405797944468
3.654031871792226e-5	45.738204882664085
3.860365216946566e-5	38.10611318441122
4.0783496507657944e-5	30.592998330809603
4.3086430788684815e-5	23.624763833925403
4.5519405570327826e-5	17.601916045514063
4.808976388965902e-5	12.859616963575697
5.080526342529086e-5	9.649293231717182
5.367409991106735e-5	8.155702584436018
5.670493187186425e-5	8.553968837314528
5.990690675615338e-5	11.092328120121039
6.328968854420141e-5	34.77200100671912
6.686348691523104e-5	37.9134157298968
7.063908806157143e-5	40.819015099048336
7.462788724280207e-5	43.217249496784
7.884192317814156e-5	44.85270288102889
8.329391438088055e-5	45.52872673655527
8.799729754452457e-5	45.14175057519539
9.296626809649682e-5	43.69000917372478
9.821582304180064e-5	41.24609181755414
0.00010376180622594889	37.90332941464477
0.00010962095615376677	24.458177668556676
0.00011581095650839697	19.514624479777982
0.00012235048952297383	15.026766250557786
0.00012925929236605444	11.207682332080386
0.00013655821671098347	8.230153213891796
0.00014426929166897707	6.222677733112534
0.00015241579027587258	5.283525150865595
0.00016102229973320205	5.511486868241587
0.00017011479561559274	7.040421183885334
0.00017972072026846013	10.0488529253793
0.00018986906563260423	18.712829603928153
0.0002005904607456931	18.463917823744424
0.00021191726418471428	18.055470373766212
0.00022388366172840623	17.482728285702787
0.00023652576953442467	16.79732667715726
0.00024988174314264164	16.1129016511286
0.00026399189263357376	15.58834071997358
0.00027889880428949045	15.382035675266211
0.0002946474691254019	15.581532825788397
0.0003112854186778467	16.13087923230035
0.00032886286846130035	9.627397154665928
0.00034743286952519095	7.366393659493417
0.0003670514685689215	5.5163651542894
0.0003877778770981633	4.1496200335361815
0.0004096746501329504	3.3243115890876145
0.0004328078750069312	3.0934402351490387
0.0004572473708276177	3.5169602055990605
0.0004830668991996057	4.668671374904002
0.0005103443868467783	6.624009978141098
0.0005391621608053804	9.412419399683074
0.0005696071968978132	9.323082843163109
0.0006017713822370793	8.395062369145537
0.0006357517925541423	7.493454098400123
0.0006716509851852187	6.650911619120224
0.000709577308603274	5.921281523279711
0.0007496452294279256	5.381544303904854
0.0007919756779007212	5.1265207908619965
0.0008366964128684705	5.253705547274228
0.0008839424073762058	5.837965095119324
0.00093385625603354	6.899853965385957
0.000986588605383902	4.039712744712714
0.0010422986085755728	3.3013824857915357
0.0011011544057067633	2.847302497593847
0.00116333363129449	2.704657393395373
0.0012290239503988513	2.896482744923091
0.0012984236250207948	3.4439867196005514
0.0013717421124828531	4.365469337169294
0.0014492006975988171	5.6669697425182735
0.0015310331605403347	7.319719512646888
0.0016174864824161411	9.22330672389876
0.0017088215906934398	5.609856501936901
0.001805314146711238	4.741830174041242
0.0019072553776624268	3.944149386889342
0.002014952955555656	3.2468889696442544
0.002128731925809822	2.6843809472491578
0.002248935688283777	2.2972945176671833
0.002375927033702164	2.134350329508828
0.0025100892386054115	2.2525099710381884
0.0026518272221286174	2.713936071461611
0.00280156876810062	3.57720653133322
0.0029597658161517057	2.5191932516813096
0.003126895825726718	2.468362019713972
0.00330346321712029	2.6191512323071664
0.00349000089388347	2.9809185985809417
0.003687071851196554	3.55541744443606
0.0038952708750623843	4.33371152545855
0.00411522633744856	5.290470253005569
0.004347602092796451	6.37492586798362
0.004593099481621004	7.499266110031248
0.004852459447248423	8.52846854762473
0.005126464772080319	3.9343236104914157
0.005415942440133714	3.2371582102164362
0.00572176613298728	2.6195562992996666
0.0060448588666669675	2.11421235867489
0.006386195777429466	1.7566990319880316
0.0067468070648513305	1.5885237924622664
0.007127781101106491	1.661427269004412
0.007530267715816235	2.041178149171761
0.007955481666385851	2.8069447380216195
0.00840470630430186	4.039542261189386
0.008879297448455118	3.1724018638822407
0.009380687477180155	3.605830712690517
0.00991038965136087	4.192510761126177
0.01047000268165041	4.913203504357407
0.011061215553589661	5.730608615052373
0.011685812625187154	6.586761794655157
0.012345679012345678	7.402771303085291
0.013042806278389354	8.082427791363397
0.013779298444863012	8.520985382162463
0.01455737834174527	8.619728299231564
0.015379394316240958	4.805896831421682
0.016247827320401143	4.961768949887134
0.01716529839896184	5.4300152255506084
0.018134576600000903	6.271995235008265
0.0191585873322884	7.523895964303862
0.020240421194553992	9.173342964628521
0.021383343303319473	11.130891524962506
0.022590803147448702	13.203741782534593
0.023866444999157556	15.086547548653506
0.025214118912905578	16.39000330459709
0.02663789234536535	8.113582648358337
0.028142062431540465	8.411794534269939
0.02973116895408261	8.556471557789422
0.031410008044951226	8.504327251813654
0.033183646660768985	8.23222097543428
0.03505743787556146	7.74811744140441
0.037037037037037035	7.097375850280716
0.03912841883516806	6.359859447603103
0.04133789533458906	5.635025756304579
0.04367213502523579	5.016283384556125
0.04613818294872287	5.154363477627366
0.04874348196120343	4.791664364719417
0.05149589519688552	4.38192773245594
0.054403729800002736	3.9179993035818477
0.05747576199686517	3.4006071663325175
0.06072126358366197	2.8418298746596298
0.06415002990995841	2.266164530902331
0.06777240944234611	1.7078293451121167
0.0715993349974727	1.2040988477443078
0.0756423567387167	0.7862862068384775
0.07991367703609606	1.567884159346081
0.0844261872946214	1.2820683909254023
0.08919350686224783	1.0209980489837842
0.09423002413485373	0.7948939106150933
0.09955093998230691	0.6114494295749071
0.10517231362668437	0.47430173827083655
0.1111111111111111	0.3819735074891733
0.11738525650550419	0.3276713449408878
0.12401368600376717	0.3001944247936829
0.13101640507570736	0.2859691440963479
0.1384145488461686	0.4679174649573203
0.14623044588361028	0.37495375302230655
0.15448768559065656	0.29491834080359963
0.1632111894000082	0.22661438394832642
0.1724272859905955	0.16900744591106784
0.18216379075098593	0.1213406958811626
0.19245008972987526	0.08307642569653748
0.20331722832703833	0.053698254743926956
0.2147980049924181	0.032479933306798006
0.2269270702161501	0.018354484600127167
0.23974103110828818	0.12386818832554666
0.25327856188386416	0.08946927102632653
0.26758052058674353	0.06443050277484919
0.28269007240456123	0.047493490398672164
0.2986528199469207	0.03707837299968919
0.31551694088005316	0.031435391954405645
0.3333333333333333	0.02880580122519663
0.3521557695165126	0.027579004401078314
0.3720410580113015	0.02643933250133548
0.3930492152271221	0.02449516957549283
0.41524364653850576	0.05388168084705168
0.4386913376508308	0.0392208525220266
0.4634630567719698	0.027991938723353184
0.4896335682000246	0.01954585934027858
0.5172818579717865	0.013294571366327782
0.5464913722529576	0.00874640847561321
0.5773502691896257	0.005512160930272693
0.6099516849811152	0.003288567519460808
0.6443940149772543	0.0018326328645072141
0.6807812106484503	0.0009404585283273742
0.7192230933248643	0.018210018330097145
0.7598356856515925	0.011573146174615417
0.8027415617602307	0.006966303984457138
0.8480702172136836	0.0039463605186280315
0.8959584598407621	0.002089042044271148
0.9465508226401592	0.0010252001620930206
1.0	0.00046231393653657025
