0.5500246880136002	0.27657627498853943	0.20132430230248843	12.741174837430606	-0.1188434758204867	2.7461631646336553	0.0473328258853396	2.544838862331166
0.17393307834464905	0.32709698403050924	0.5589574481967972	7.400913519196672	-0.3197873626221337	2.560560889327868	0.04669504421455262	2.0016034411310706
0.05500246880136002	0.4213927610305939	0.37510338598564363	5.032744463818444	-0.07529823942845648	1.9910688403507315	0.7950496171765362	1.6159654543650879
0.017393307834464904	0.46259910014265043	0.23624318669541133	3.4281945913683893	-0.3753872947163547	1.4682769510965175	0.09681703245522755	1.232033764401106
0.005500246880136003	0.45752456008506953	-0.0069176575887817116	4.013229454211053	-0.9906116073886793	1.38267860978657	0.02177324992425067	1.3895962673753521
0.0017393307834464905	0.45741362678260616	0.2260477110980743	3.225133579809764	-0.35886351581300396	1.3970220805840725	-0.026559223927920872	1.170974369485998
0.0005500246880136002	0.4498628208616776	-0.005122037222217379	3.970762023924547	-0.319108422333289	1.3738359846306203	0.025269183912159043	1.3789580218528386
0.00017393307834464905	0.45281807994794765	0.2780049071644648	3.0458882997423884	-0.5985403735116628	1.391797489836467	-0.04896330419851802	1.1137925826720019
5.5002468801360016e-5	0.4565378046447279	0.03081080157909044	3.7798310245578652	-1.3367800858335657	1.3604901077134812	0.051520340783685725	1.3296793061343908
1.7393307834464904e-5	0.4905564445589307	0.37964502294006963	2.655163218151929	-0.7276570905108768	1.356151151507853	-0.02306862167421997	0.9765061285677832
5.500246880136002e-6	0.528911698343837	0.047249320255561056	3.1101725701410636	-0.6185425432131425	1.1819275336985964	0.21420292589106182	1.1346782134430358
1.7393307834464903e-6	0.5421103772486235	0.32894912408598875	2.2180513363303964	-0.45636935089415964	1.1255781580711108	-0.08092171426535089	0.7966290339851221
5.500246880136002e-7	0.5195297270685624	-0.03337330785828119	2.9866179621309294	-1.195192940421982	1.0607683230052487	0.07960380145859247	1.0941416308635303
1.7393307834464902e-7	0.5137921391925648	0.3891254184001576	2.069232175929546	-0.8825829904780976	1.1163030273634353	-0.1486341441162473	0.7271776089632782
5.500246880136001e-8	0.48085596397236036	-0.05262680303675005	2.966375729593267	-2.16913833309634	1.0347141115477596	0.12896890511296633	1.08734091458451
1.73933078344649e-8	0.4714897256971607	0.49361285879960004	1.8643106483613168	-0.6237162017665245	1.1165042180234899	-0.23829917636812992	0.6228913592238898
5.500246880136002e-9	0.42174122634638134	-0.0903555783499903	2.920233634397378	0.8894897637768095	0.9813080465093513	0.23358877595744154	1.0716636248593425
1.7393307834464904e-9	0.40649226974082214	0.6539320559689128	1.573104427809676	-4.499508742421851	1.1069830655145187	-0.40682756376688367	0.4530510095456064
5.500246880136002e-10	0.3257865907771394	-0.1733458256056648	2.787871493948009	-2.059924946091431	0.8519325736722152	0.4791602871214722	1.0252783992778802
1.7393307834464904e-10	0.3035160054911837	0.8857851545175683	1.1754587006170771	0.2459102514706648	1.0474436094377717	-0.7297310276616806	0.16165845492020336
5.5002468801360015e-11	0.16581031904121835	-0.3782982153926795	2.3906965544476155	-2.356570601377128	0.49328655346435735	1.0970661889136912	0.8715847688570371
1.7393307834464904e-11	0.1610984792704792	1.0671456031784774	0.7811478772937517	0.5193661848014224	0.8201547996387326	-1.2625803017919495	-0.2469908035397439
5.5002468801360015e-12	-0.017285671647392198	-0.8186477585031555	1.7819118847830484	-0.8359877687509027	-0.24096087804912614	1.7935898589591233	0.5776868804540292
1.7393307834464903e-12	0.08612214824174497	1.0685331113311298	0.6404455506771287	2.433271920573519	0.6229419394197571	-1.6429497608914208	-0.44559117191137254
5.500246880136002e-13	-0.0681718802221773	-1.0336574705316484	1.6156911862299654	-2.1823835221937866	-0.5538946263241948	1.7045964978290757	0.47976284420745285
1.7393307834464902e-13	0.07532826824160221	1.0711108956649296	0.6230664206956853	1.7091666089432471	0.5980087440661359	-1.6703869387532495	-0.47310215159879343
5.500246880136002e-14	-0.07349749505065678	-1.0563020620601604	1.592183509958734	1.19612946902632	-0.5911957112064714	1.674850262280399	0.46510635085368834
1.7393307834464904e-14	0.07421256328483228	1.0715730863120574	0.6213052684252524	4.917439875412185	0.5956403440437263	-1.6713616598577894	-0.47593274226833104
5.500246880136002e-15	-0.07402624111680522	-1.0585976940361683	1.5898618989376028	-4.842851235686068	-0.594950537590317	1.6716379603807345	0.46364715644585175
1.7393307834464904e-15	0.07410061016843839	1.0716212875188675	0.6211288980798154	-0.6709510904941034	0.595404634277422	-1.6714386600312565	-0.4762166532414458
5.500246880136002e-16	-0.07407906842706413	-1.0588275231193562	1.5896300587229166	-1.8085101100939909	-0.5953262014283549	1.6713143590384654	0.46350132169100133
1.7393307834464904e-16	0.07408941101605199	1.0716261275345509	0.6211112584876642	3.193507755339821	0.5953810746441981	-1.671446149616611	-0.47624505289035257
5.5002468801360015e-17	-0.07408435066702013	-1.058850508412181	1.5896068778781007	-2.5053978825424874	-0.5953637693680713	1.6712819761338684	0.46348673904410953
1.7393307834464904e-17	0.07408829106142689	1.0716266116891555	0.6211094944982097	1.199446498737454	0.5953787187408661	-1.6714468969497225	-0.4762478929482894
5.500246880136002e-18	-0.07408487888614995	-1.0588528068939387	1.5896045597076072	-1.8324608692670283	-0.5953675261803237	1.6712787376069795	0.4634852807136154
1.7393307834464903e-18	0.07408817906550341	1.0716266601053128	0.6211093180991236	2.1579619482134884	0.5953784831505597	-1.6714469716605138	-0.47624817695475397
5.500246880136002e-19	-0.07408493170782943	-1.0588530366672317	1.5896043277736849	-1.4803156306051868	-0.595367901860306	1.6712784137477437	0.46348513480692555
1.7393307834464901e-19	0.07408816786578443	1.071626664945694	0.6211093004592667	2.326436851138	0.5953784595903722	-1.6714469791290694	-0.4762482053553212
5.500246880136002e-20	-0.0740849369898271	-1.058853059569462	1.5896043044628214	-2.194118115780897	-0.5953679394271054	1.6712783813576166	0.463485120142356
1.7393307834464904e-20	0.07408816674568536	1.0716266654285602	0.6211092986953334	2.9382168517325633	0.5953784572332665	-1.6714469798737377	-0.4762482081952939
5.500246880136001e-21	-0.0740849375178595	-1.0588530617847383	1.5896043020145578	-2.8881052960606013	-0.5953679431825538	1.6712783781143505	0.46348511860218355
1.7393307834464904e-21	0.07408816663357615	1.0716266654756954	0.6211092985189801	10.956480762040817	0.5953784569964684	-1.671446979945915	-0.47624820847922633
5.500246880136002e-22	-0.07408493757049367	-1.0588530619311636	1.5896043016523695	-0.9074651943094416	-0.5953679435568269	1.671278377785728	0.46348511837433604
1.7393307834464904e-22	0.07408816662220291	1.0716266654792208	0.6211092985014062	-6.501629642679399	0.5953784569717007	-1.6714469799508689	-0.4762482085075206
5.500246880136002e-23	-0.07408493757560836	-1.0588530618707224	1.5896043014988288	-3.241169582877605	-0.5953679435929766	1.671278377748643	0.4634851182777453
1.7393307834464904e-23	0.07408816662094969	1.0716266654784037	0.6211092984996728	2.413401209088824	0.595378456968092	-1.6714469799491036	-0.4762482085103117
5.500246880136001e-24	-0.07408493757594692	-1.058853061789677	1.5896043013661032	-2.0013863617462118	-0.5953679435954271	1.6712783777406237	0.4634851181942494
1.7393307834464904e-24	0.07408816662069789	1.0716266654771383	0.6211092984995502	2.559909156702215	0.5953784569666292	-1.6714469799466327	-0.47624820851050886
5.500246880136002e-25	-0.0740849375758183	-1.058853061706638	1.5896043012356464	-2.107653310465021	-0.5953679435944572	1.671278377735577	0.4634851181121804
1.7393307834464905e-25	0.07408816662055218	1.071626665475817	0.6211092984996291	3.167420869247512	0.5953784569654355	-1.6714469799441547	-0.47624820851038185
5.500246880136002e-26	-0.0740849375756415	-1.0588530616232095	1.5896043011052607	-2.134667977144657	-0.595367943593053	1.6712783777308893	0.4634851180301567
1.7393307834464903e-26	0.07408816662039858	1.0716266654744766	0.6211092984996752	1.8656299614010905	0.595378456964168	-1.6714469799416438	-0.4762482085103077
5.500246880136002e-27	-0.07408493757546392	-1.058853061539875	1.5896043009748324	-2.788490401851978	-0.5953679435917687	1.6712783777261704	0.4634851179481059
1.7393307834464902e-27	0.07408816662026757	1.0716266654732136	0.6211092984997189	4.327761451871745	0.5953784569629761	-1.6714469799391458	-0.4762482085102375
5.500246880136002e-28	-0.07408493757527423	-1.0588530614565788	1.5896043008445693	-3.794446757910685	-0.5953679435904196	1.6712783777214377	0.463485117866159
1.7393307834464903e-28	0.07408816662012663	1.0716266654718518	0.6211092984997822	3.2625180957052695	0.5953784569617167	-1.6714469799366047	-0.47624820851013494
5.500246880136001e-29	-0.07408493757508611	-1.0588530613732132	1.5896043007142608	-2.7915290120170804	-0.5953679435890296	1.6712783777166784	0.46348511778418366
1.7393307834464903e-29	0.07408816661998668	1.0716266654705766	0.6211092984998262	3.363619712102903	0.5953784569605123	-1.6714469799340836	-0.4762482085100648
5.500246880136001e-30	-0.07408493757490464	-1.0588530612898035	1.589604300583778	-1.7097330432105746	-0.5953679435877044	1.6712783777120004	0.46348511770209866
