5.500000000000001e-59	0.26520436182115925	0.16566819725112636	1.5741910711497349	1.005077339298424	0.5480259804476626	-0.0964801451424675	0.3823577831965361
1.739252713092609e-58	0.26628307147153496	-0.01143799856749983	1.9899555446811177	-1.89741228453153	0.5329781023606519	0.02866232380751632	0.5444161009281518
5.5e-58	0.2770519324378069	0.1352050812750517	1.6384255584841356	-2.922230274305011	0.5466020430808891	-0.07911804142863677	0.4113969618058373
1.7392527130926086e-57	0.2774457227383645	-0.007419821759168332	1.9934765182933523	-4.850417523952744	0.5381742562049006	0.019050594656866426	0.5455940779640691
5.5e-57	0.2855703543884809	0.11261511296149651	1.6865589179543519	-2.3664955425556835	0.5447177001429275	-0.06895764676965088	0.43210258718143035
1.7392527130926088e-56	0.2854462906017785	-0.004700429143674745	1.9938626504829493	-3.5887237595434023	0.5410223202995494	0.013412045358158764	0.545722749443224
5.500000000000001e-56	0.2919802088730189	0.09605495087067062	1.7239086303323576	-3.0697750492702753	0.5436535843487627	-0.062193076890244336	0.4475986334780919
1.739252713092609e-55	0.29162344405491525	-0.0029579611533896433	1.9946827244663135	-10.186160676989843	0.5430383864212258	0.0101794866606848	0.5459963475746161
5.5000000000000006e-55	0.2969296274897135	0.08377224890319979	1.7535482320767282	-5.432869012323622	0.54333517850141	-0.057430229444141556	0.45956292959821043
1.739252713092609e-54	0.29660885806745035	-0.0019015541794817903	1.9961487699440918	0.8826137618764225	0.5445838347853815	0.008129729548146614	0.5464853889648633
5.5e-54	0.30075771714011557	0.0738007091979308	1.777177169006758	-7.897040889570014	0.5427007374360362	-0.054360933791606	0.4689000282381057
1.7392527130926088e-53	0.30034525608217133	-0.001082172617300814	1.9963782272007986	-5.149993169918228	0.5454793885324545	0.0063690578344881565	0.5465615611497558
5.5e-53	0.30385715545998365	0.06624356780397667	1.797205310613799	-2.4969295529715545	0.5429235407515192	-0.04920272391317426	0.4766799729475426
1.7392527130926086e-52	0.30342617844718234	-0.00047671370520430134	1.9966100567923406	-6.3875147176931275	0.5461617991070602	0.0050709138058719905	0.5466385128122648
5.500000000000001e-52	0.3064812675660309	0.06060283039079406	1.8146330956154042	-13.00115990284872	0.5439555171839539	-0.042505833286773154	0.4833526867931601
1.7392527130926087e-51	0.30622184613252557	-6.224540814459001e-5	1.9972769858447352	2.8888490770603976	0.5467983021712524	0.004402312648549955	0.5468605475793968
5.500000000000001e-51	0.3086834325591016	0.05519055387256799	1.8287856067455115	8.530539626082433	0.543897160479025	-0.04017303756537682	0.4887066066064567
1.7392527130926088e-50	0.30838688577911866	0.0002943584933481347	1.9973576981514634	-5.759599118033093	0.5471814296117445	0.0036676123116077264	0.5468870711183964
5.5e-50	0.3105111327425178	0.05088223714030815	1.8412142951431694	-2.9702477124333804	0.5442438187990994	-0.036600822382083065	0.49336158165879107
1.739252713092609e-49	0.3102481160551827	0.0005787525985830877	1.9973892147052228	3.158083897338888	0.5474759439764858	0.0030894077906218342	0.5468971913779022
5.5e-49	0.31210964055933066	0.04673364357706744	1.8517220003768253	4.30601613329693	0.5439971974599649	-0.03592880616453664	0.4972635538828978
1.7392527130926086e-48	0.3118594909821866	0.0008076130335613607	1.997408833654346	-19.065677543697703	0.5477109577237393	0.00262784831684737	0.5469033446901781
5.5e-48	0.31350099540839355	0.04312738232911906	1.8609416121742988	-18.073223967445117	0.5437896808457476	-0.03539846601299157	0.5006622985166285
1.7392527130926087e-47	0.3132677466582541	0.000994407292021604	1.997420707152003	-3.1522005047252213	0.5479013228171445	0.0022538390413668896	0.5469069155251227
5.5e-47	0.3147227094197409	0.03996471511994637	1.8690944601232096	-2.860518374292219	0.5436133754233348	-0.03497474344127349	0.503648660303389
1.7392527130926087e-46	0.3145087682683863	0.001148781658447784	1.9974275305699538	-4.3289458461529104	0.5480575842256341	0.001946754952655061	0.5469088025671862
5.500000000000001e-46	0.3158038481144717	0.03716932399460626	1.876354871185261	-1.7624199102834428	0.5434625171275016	-0.034632331039061715	0.5062931931328958
1.7392527130926088e-45	0.3156104686000584	0.0012777516398320143	1.9974316457761696	-4.196816530263923	0.5481875382428525	0.0016916900699233128	0.5469097866030208
5.5e-45	0.3167672092957756	0.03468263609427047	1.8828648070518463	-2.593343203665981	0.5433351740211361	-0.03435067801376346	0.508652537926866
1.7392527130926086e-44	0.3165940332278775	0.0013862857558074593	1.9974411999129504	-5.0719805419769175	0.5482988695816222	0.0014776259846664974	0.5469125838258151
5.500000000000001e-44	0.3176277807178356	0.03257045762984878	1.8888146444698104	-3.0192632324390942	0.5433696539646626	-0.033507556670310246	0.5107991963348135
1.7392527130926086e-43	0.317476667081384	0.0014781671143266895	1.99746541382532	0.17837205332957762	0.5483984354111433	0.001295973150614138	0.5469202682968164
5.500000000000001e-43	0.31839492047087214	0.030999829497605158	1.8944251757775108	4.814506407778778	0.5438148568753829	-0.030941539007385055	0.5128150273777778
1.739252713092609e-42	0.3182766988073584	0.0015578948981421759	1.9974644076376729	-4.664718865035983	0.5484774395048255	0.0011407435700050428	0.5469195446066832
5.5000000000000006e-42	0.31910080508270366	0.02918318252544494	1.899261500165478	-2.8860841756856757	0.5437293744317295	-0.030779254578068294	0.5145461919062844
1.7392527130926086e-41	0.31900318306105097	0.0016265907076762343	1.9974676079372706	-3.96012589722934	0.5485468139038487	0.001007273426239852	0.5469202231961723
5.5e-41	0.3197439958482663	0.027542974070531967	1.9037065402937787	-1.859382635037362	0.5436750013179332	-0.030623812130977868	0.5161320272474019
1.7392527130926088e-40	0.31966237250060736	0.001684563065395106	1.9975254884847873	-3.8400306656324807	0.5486236938886102	0.0008908822284441342	0.5469391308232154
5.5e-40	0.32030502722515564	0.027113262192749454	1.9084847756355074	-1.207275017850195	0.5449444064052451	-0.024680653659292284	0.5178311442124952
1.7392527130926087e-39	0.3202702434448024	0.0017371679481886781	1.9975246852404707	-1.043325468145016	0.5486756424496249	0.0007897050058520705	0.5469384745014361
5.5e-39	0.3208449761790145	0.025731001347426785	1.9122355207433919	-2.4108334090647388	0.5448918587582896	-0.024573277763218604	0.5191608574108628
1.7392527130926087e-38	0.32082706456673316	0.001782850427520688	1.9975452132198	-3.688814043493654	0.5487277796712711	0.000700649225183092	0.5469449292437509
5.500000000000001e-38	0.3213307308475565	0.024875334389290016	1.915985237146235	-1.7795077262292898	0.5453620148558493	-0.022201246489546467	0.52048668046656
1.7392527130926087e-37	0.32134313226002775	0.0018239440237127758	1.9975421166852494	-3.5986588987285426	0.5487674522449009	0.0006223737234574145	0.5469435082211882
5.5e-37	0.3217906928947848	0.023695092016385533	1.9191897049215167	-2.111614564492541	0.5453120274797576	-0.022128565460034055	0.521616935463372
1.739252713092609e-36	0.3218209849018131	0.0018605271710472326	1.9975390836812699	-3.6625833928811073	0.548802635449523	0.0005529710586322789	0.5469421082784753
5.5000000000000005e-36	0.3222173090199282	0.022601278342610942	1.9221695476425515	-3.4373548051743157	0.5452669531518644	-0.0220660071409291	0.5226656748092537
1.7392527130926085e-35	0.32226474108143444	0.0018932022418859384	1.9975368389406374	-1.948401380772263	0.5488341732602038	0.0004911842781141207	0.5469409710183175
5.5e-35	0.322614185358414	0.021586442802625783	1.9249514561389376	-1.139024866255299	0.5452292136828918	-0.022009225777843255	0.5236427708802662
1.7392527130926087e-34	0.3226774204760565	0.0019222148627696667	1.997542896658066	-3.8720874298020393	0.5488648162899583	0.0004359851435393747	0.5469426014271885
5.500000000000001e-34	0.32298251018040625	0.02075247032158467	1.9276322349012793	-2.180399575182155	0.5453350141142015	-0.021388437809620076	0.5245825437926168
1.739252713092609e-33	0.32306769996487694	0.001947482294156977	1.997577367933658	-3.811262095261054	0.5489011860139072	0.00038610716759146513	0.5469537037197503
5.5000000000000006e-33	0.323450116086211	0.02056023793236017	1.9304896982528439	-2.3526809224236107	0.5461425521199228	-0.017654995991584155	0.5255823141875628
1.7392527130926087e-32	0.3234219561250729	0.001971075494345609	1.9975752272866893	0.7134616234703737	0.5489236763757988	0.00034204363392187354	0.5469526008814529
5.500000000000001e-32	0.32376863832717706	0.019750441008214548	1.932732807530129	3.05388982332901	0.5461161769937437	-0.01760917686512653	0.5263657359855292
1.7392527130926087e-31	0.32375459360381437	0.001992221451781906	1.9975783627803605	-3.5855602257828645	0.5489454782435468	0.0003023689254577633	0.5469532567917645
5.500000000000001e-31	0.3240702763753326	0.019006833452055782	1.9348613138844137	-5.214826286143273	0.5461148320469644	-0.017547572085947927	0.527107998594909
1.739252713092609e-30	0.32407508147380837	0.002009813019423823	1.9976406946431275	2.585272191681762	0.5489834587676188	0.0002656037058070826	0.5469736457481948
5.5000000000000005e-30	0.324563556285385	0.01949462642230959	1.9375942052300101	6.716996466494537	0.5475540387125539	-0.01112147638149752	0.5280594122902442
1.7392527130926088e-29	0.3243573307026997	0.0020270321763127264	1.997638540831955	-0.9775549577356037	0.5489995704268802	0.00023388624023557014	0.5469725382505677
5.5e-29	0.32481852079190704	0.018849876227836404	1.939397402495211	-1.071149268518844	0.5475360538309655	-0.011078553381582923	0.5286861776031291
1.7392527130926088e-28	0.3246236416114425	0.002042835351076744	1.9976367474539853	-2.3623061447716225	0.5490143861540364	0.00020488644112059973	0.5469715508029598
5.500000000000001e-28	0.3250593996784361	0.018242128311247163	1.9411036820737795	-2.1143724755676807	0.5475206614597092	-0.011038542328151602	0.5292785331484617
1.7392527130926087e-27	0.3248754865325735	0.002057221999342773	1.9976379632364467	-3.8285824834761146	0.5490287883437706	0.00017841446043842524	0.5469715663444281
5.500000000000001e-27	0.3252886232768014	0.017676624457264034	1.9427306852456288	-2.5120906315482676	0.5475193385274886	-0.010990342011081067	0.5298427140702247
1.7392527130926087e-26	0.32511809406370507	0.0020695839373040537	1.9976727387014028	-2.6315978196702714	0.5490523525139803	0.00015368254977854434	0.5469827685766762
5.5e-26	0.3256249410157157	0.01781516799177052	1.94468790540011	-1.4869153261633636	0.5483357268182067	-0.007343241467177464	0.5305205588264357
1.739252713092609e-25	0.3253370181067421	0.002081551727656672	1.9976709856630523	0.5724440823098145	0.5490633460190439	0.00013205867242760405	0.5469817942913873
5.5e-25	0.32582363513649265	0.01731539645637281	1.9461002257946762	2.7440494626851075	0.5483245145824558	-0.007308794375383121	0.5310091181260832
1.739252713092609e-24	0.3255448413924804	0.0020926588964346182	1.9976692872466895	3.6679408523149384	0.5490734970117224	0.00011208934246065283	0.5469808381152876
5.5000000000000006e-24	0.3260123931181129	0.01684077272864226	1.9474433806809763	-1.816836159187193	0.5483140815016627	-0.007277036341897469	0.5314733087730206
1.7392527130926087e-23	0.3257423913043258	0.0021029898444101525	1.9976676421060704	-1.3785244424912821	0.5490828894439979	9.36103589919135e-5	0.5469798995995874
5.5e-23	0.3261919464768992	0.016389442272443877	1.9487223520884882	2.6176806173144906	0.5483043598771662	-0.0072476977306381585	0.5319149176047226
1.7392527130926087e-22	0.3259304177765273	0.0021126184226559763	1.997666056648943	-7.3096014068617405	0.5490915993030727	7.647770363572448e-5	0.5469789808804171
5.5e-22	0.3263629651757026	0.015959767637942712	1.9499416407754868	-6.144079350267435	0.5482953237211832	-0.007220512529584777	0.5323355560832403
1.7392527130926086e-21	0.32610962488691686	0.0021216051705569283	1.99766461599053	0.22184833162745576	0.5490997155011428	6.0567808354061725e-5	0.546978110330586
5.5e-21	0.3265261412413566	0.015550645597938506	1.9511052196610583	0.1927539684039592	0.548287291289304	-0.007194960136440942	0.5327366456913658
1.7392527130926087e-20	0.3262809166925904	0.0021299571690263086	1.997664196789252	-1.35963050647109	0.5491075373504586	4.5804138538718675e-5	0.5469775801814325
5.500000000000001e-20	0.3266831857490111	0.015164683154362701	1.9522163552706933	2.423277708917588	0.5482840408781491	-0.0071674368973173586	0.533119357723786
1.7392527130926086e-19	0.32645013410217694	0.0021375011318692794	1.997675005334735	-1.2234042206716536	0.5491182937702295	3.1892522880827556e-5	0.5469807926383599
5.500000000000001e-19	0.3269429610862165	0.015031151254128572	1.9534093502600616	-0.7545512017195073	0.5485610890612591	-0.005903241692905015	0.5335299378071303
1.7392527130926087e-18	0.3266015003741022	0.002144862716658258	1.9976704898757065	2.599104944511488	0.5491237605709802	1.9227259138832054e-5	0.5469788978543224
5.500000000000001e-18	0.32708037954068364	0.0146776482823896	1.9543797667894993	-1.0686505992634845	0.5485413030929234	-0.005892897908344574	0.5338636548105335
1.739252713092609e-17	0.3267456078272712	0.0021532419121409463	1.9976374673649413	-1.977279765019408	0.5491207514128171	6.066883686983715e-6	0.5469675095006761
5.5000000000000006e-17	0.327202302773251	0.014265106551291762	1.9551524465128676	-1.2282180071081243	0.5483941965682093	-0.006010926323104515	0.5341290900169178
1.7392527130926087e-16	0.3255062646244374	0.011285400850755023	2.0035696550088327	0.370872258260748	0.5602261499815597	0.03959258924920439	0.5489407491308049
5.500000000000001e-16	0.30202566798525476	0.05514958891271127	2.06940600454421	1.37792709039906	0.6270715385754357	-0.0012645936202999586	0.5719219496627248
1.7392527130926088e-15	0.28168866501888934	0.12078405976468332	2.3406141878848112	-3.164038783752678	0.7849862264688108	0.3228770652830599	0.6642021667041274
5.5e-15	0.39658063004913946	0.3174986225514729	2.7593670897698077	-6.015753429023498	1.264888082382663	0.1768028530381598	0.9473894598311898
1.7392527130926088e-14	0.46525875987635423	0.13954712799794244	3.4466481544522853	-5.481896449788388	1.3658292995924866	-0.026455805944852084	1.2262821715945436
5.5000000000000005e-14	0.4840488906421795	0.06080394612049156	3.722248018068626	-2.6354441073304895	1.374760290798048	-0.04540443951276951	1.3139563446775564
1.7392527130926086e-13	0.4894838068614473	0.013235763574051318	3.905872485560776	-2.3755074977376784	1.3754591640715663	-0.04672576440357279	1.3622234004975142
5.500000000000001e-13	0.49131573073715096	0.016107019333955197	3.894911068854937	-1.5129942333535151	1.3756442826407667	-0.04718711313536961	1.359537263306812
1.7392527130926087e-12	0.4918952653557932	0.0073764121303055985	3.9287882120250295	0.2948999156551877	1.3755508983831017	-0.046899125754555904	1.3681744862527958
5.5e-12	0.4922308026610438	0.010886863247285938	3.915592835198601	-0.16631914067851117	1.3756496504232167	-0.04717867452512947	1.3647627871759305
1.7392527130926088e-11	0.49234284505418713	0.006844359351335982	3.9308708429161876	-1.6795953457085941	1.3755565554508187	-0.04690014081069638	1.3687121960994826
5.5000000000000004e-11	0.4925212432781456	0.00979233201504004	3.919855841081442	-2.0209115394330164	1.3756469189716447	-0.04715602700791144	1.3658545869566048
1.739252713092609e-10	0.49258326505799227	0.006418536206709291	3.9325334724846344	-1.8680103095159983	1.3755607826029008	-0.04689918987163333	1.369142246396191
5.500000000000001e-10	0.4927372062822171	0.009149533554430489	3.922323962389388	-1.7279216223275498	1.3756444149946225	-0.04713558316435096	1.366494881440192
1.739252713092609e-9	0.49279107890457463	0.006020059062330274	3.9340891703336482	-3.8108499952998516	1.375564501249508	-0.04689801621019063	1.369544442187177
5.5000000000000004e-9	0.49293459959579755	0.008586064685097039	3.924484334013293	-2.432730098416437	1.375642181829587	-0.047117195998614525	1.36705611714449
1.7392527130926088e-8	0.49298478810852053	0.005642953017207852	3.9355616504755107	0.5429294021327232	1.3755677924514185	-0.0468966918085163	1.3699248394342103
5.5e-8	0.4931199844379893	0.008061504218037197	3.926497519238561	-0.7129288563206965	1.3756402044649954	-0.04710058903402947	1.3675787002469582
1.7392527130926088e-7	0.4931671807403738	0.005285232645080962	3.9369587566196764	-3.0003672041569276	1.3755707307027238	-0.04689525670302963	1.3702854980576438
5.5e-7	0.4932948892573259	0.00756914723344726	3.928390135911964	-2.6297290887496008	1.375638650353102	-0.04708538834651366	1.3680695031196546
1.7392527130926088e-6	0.49333938068341077	0.004945408376933469	3.938286903810417	-1.2218744621318167	1.375573517054967	-0.04689370790560221	1.3706281086780332
5.500000000000001e-6	0.4934603725174408	0.007107127655789025	3.930176677966681	-1.3793191812922134	1.3756394848206894	-0.047069880364049466	1.3685323571649002
1.739252713092609e-5	0.4935023856713813	0.004622069129180506	3.9395576915678676	-1.2078388381322231	1.3755777185072016	-0.04689169811408567	1.3709556493780213
5.500000000000001e-5	0.49361865485451395	0.006685877288070019	3.931894066276121	-1.1435871105709434	1.3756627618011281	-0.047038540912708315	1.3689768845130583
0.00017392527130926088	0.4936584061891435	0.004312940575438184	3.94084151114063	-2.520867831235014	1.3755987450599827	-0.046885468251028684	1.3712858044845444
0.00055	0.4937849252747507	0.006432755373567467	3.93382822479008	-1.9287646209997322	1.3759097367200788	-0.04683983360910915	1.3694769813465113
0.0017392527130926088	0.4938211825568012	0.00400227409880749	3.942797515724867	-0.38526520822094235	1.375785859499897	-0.046852510487002785	1.3717835854010894
0.005500000000000001	0.49403991282981674	0.0067847607539632815	3.93794630557601	-0.5654750127781556	1.377324296025368	-0.048078876672812854	1.3705395352714045
0.017392527130926087	0.4929775303977428	0.014014249819006896	3.951464917611653	-0.2851210979942004	1.387986774606281	0.014547146368971253	1.373972524787274
0.05500000000000001	0.45316639108976275	0.17399961512844397	4.393415274750618	0.06829727340926656	1.653582706360361	0.18251289307395147	1.4795830912319168
0.1739252713092609	0.35086817407931714	-0.023224926956873726	5.675279949559318	-0.22117798188625834	1.7083987987396183	-1.1222009661084338	1.731623725696492
