1.739499762162203	0.7488034779882297	1.04580026761549	1324.759107765926	0.06888809066840684	8.234786184047518	0.1642082002050047	7.188985916432028
0.5500781237753744	0.8683299101358672	2.1965077499356553	1343.4151783829384	0.13635175110733108	9.399478041188244	1.3845464474620721	7.202970291252589
0.17394997621622033	0.773866784784328	3.00782675827048	136.00221514776354	0.5556163478185812	7.920497931725088	3.224147107400526	4.9126711734546085
0.055007812377537435	0.7559125569603764	1.5462092431615249	95.18606429511956	0.17884364307312056	6.102042790789114	3.6881238226772686	4.555833547627589
0.017394997621622034	0.8648181500657898	2.14232227655113	56.004202751680054	0.25042891949515694	6.167749013607377	1.643327727010738	4.0254267370562475
0.0055007812377537435	0.791537726135996	1.2272674104959291	74.75902057414832	0.13376439263122478	5.541537292063127	3.1097356482898766	4.314269881567198
0.0017394997621622032	0.8593322301104517	2.1144410473281674	55.01718152142395	0.3998820971129992	6.122086575075254	1.4995192430711297	4.007645527747086
0.0005500781237753744	0.7849938166097841	1.2571130757740048	71.65391233654321	0.3628576877101217	5.528960831998409	3.0887126585463713	4.271847756224405
0.0001739499762162203	0.8539417555703183	2.1211947800994366	54.313760223201776	0.5093805753945255	6.115972386044843	1.5091167879813652	3.9947776059454063
5.500781237753744e-5	0.7877395022557253	1.3166160142768886	67.31450365126426	0.38641525477889177	5.525991735157382	3.0726660444581704	4.209375720880494
1.739499762162203e-5	0.8776386843546706	2.1812630283176935	49.86223589927955	0.5214546553290372	6.090526948955187	1.555450823631368	3.909263920637494
5.500781237753744e-6	0.8541584100343502	1.4024761114651043	56.04002700636679	0.7197502341718728	5.428542314846121	3.167784150318635	4.026066203381017
1.739499762162203e-6	0.9490467206089318	2.116299707259333	41.473371467566814	1.1846439130376345	5.841351277165702	1.6103758333471658	3.7250515699063693
5.500781237753744e-7	0.8744098519536889	1.34364257463642	49.82988120847486	0.7002543998806106	5.252257402991007	3.0283742180337017	3.9086148283545867
1.7394997621622029e-7	0.9252949658364031	2.0881225654474487	41.06613423003626	0.7548920116850478	5.803306362617022	1.5592145127305788	3.7151837971695727
5.500781237753743e-8	0.8463796648234503	1.4086437799912204	46.62077892075639	0.6434898921571548	5.250690121326189	2.976052903838385	3.8420463413349686
1.7394997621622032e-8	0.8872530499699831	2.0682568681110554	40.78091817677724	1.0299677683006392	5.776471148373618	1.6106500771237275	3.7082142802625633
5.500781237753744e-9	0.8048454210625419	1.5090870551079116	42.141284613040774	1.0386462574031103	5.250114947429394	2.886698139373675	3.741027892321483
1.7394997621622032e-9	0.8283158807117733	2.0278946155457964	40.03690492542491	0.9242017773054316	5.717696267440239	1.7222732248728647	3.689801651894442
5.500781237753745e-10	0.7417686432673464	1.6528216718030548	35.997274358087566	1.388997011434022	5.2362648951175	2.7192043365778327	3.5834432233144455
1.739499762162203e-10	0.7358929677166354	1.9383132928284785	38.0393792466304	1.1045381167185138	5.576935211934835	1.9674715107416865	3.638621919106356
5.500781237753744e-11	0.6528224105816801	1.834392571705931	28.517727096446578	1.4727681437585913	5.184918469000699	2.4339662968210574	3.350525897294768
1.739499762162203e-11	0.6096399655884083	1.7559045444661736	34.3657090256058	1.689903850121219	5.292963781028438	2.3685902764794213	3.537059236562264
5.5007812377537435e-12	0.5453179613049081	2.037791866177648	20.918372502150135	4.789316752955558	5.07841970608375	2.0770887139455576	3.0406278399061017
1.739499762162203e-12	0.4592591776649966	1.4845986877542408	28.494651027580765	2.105660226342956	4.834315074171362	2.9495547207641883	3.349716386417121
5.500781237753744e-13	0.43991884619079613	2.123227594901205	15.28182983805908	4.006349311285509	4.849892125269344	1.6601550248654977	2.7266645303681387
1.739499762162203e-13	0.34925391640754117	1.1402557868735785	23.2021586350224	5.34026168743505	4.284501105830495	3.2133625091732148	3.144245318956917
5.5007812377537444e-14	0.4070272962929608	2.1196697583198043	13.92192465872555	10.531663191424856	4.753134669381298	1.4888489778931158	2.6334649110614934
1.739499762162203e-14	0.3303065741060574	1.0517003250140584	22.188803960721067	5.6867557294627815	4.151288160583468	3.1337333432514347	3.09958783556941
5.500781237753744e-15	0.40317164861409716	2.1211406943935227	13.773393026301886	5.009658833076361	4.743879383919678	1.4829798056508432	2.622738689526155
1.7394997621622033e-15	0.3284185103856584	1.0430007507940904	22.066889803075284	3.149857412974031	4.137079036939658	3.1213964546624444	3.0940782861455682
5.500781237753744e-16	0.4027799035193289	2.1213265839036923	13.75842484839496	6.34678791183138	4.742977936629219	1.4827589110785269	2.621651352725527
1.739499762162203e-16	0.32823040616847626	1.0421251338688502	22.05476377557859	3.7902639851654256	4.135653756671435	3.1201192910786375	3.093528622802585
5.500781237753744e-17	0.4027406643318879	2.1213455360760194	13.756926793763116	5.015903431134688	4.74288800015983	1.4827406108590004	2.621542464083811
1.7394997621622033e-17	0.3282116038767442	1.0420375257033	22.053551886266952	3.1287477117446674	4.1355111979010495	3.119991184974114	3.09347367219775
5.500781237753744e-18	0.40273673976513547	2.1213474348932793	13.756776975824774	5.306475506725596	4.742879008553933	1.4827388187715815	2.6215315736606537
1.7394997621622033e-18	0.32820972372650736	1.04202876424685	22.053430707135746	3.7535296639566997	4.13549694166241	3.1199783701528965	3.0934681774155597
5.500781237753743e-19	0.4027363473023178	2.121347624812974	13.756761993896395	6.1060880591512126	4.742878109415008	1.4827386399384865	2.6215304846020344
1.739499762162203e-19	0.3282095357120076	1.0420278879645928	22.053418592132168	3.844026608167154	4.135495516032204	3.119977088634714	3.0934676280676117
5.500781237753743e-20	0.4027363080561933	2.1213476438072143	13.756760495700213	6.7961328168678765	4.742878019503078	1.4827386220553311	2.621530375695864
1.739499762162203e-20	0.3282095169103057	1.0420278002053038	22.053417383477708	3.848025436804521	4.135495373467149	3.1199769604892262	3.093467573261846
5.500781237753743e-21	0.40273630413178513	2.121347645708611	13.756760345878117	14.879878489795502	4.742878010513678	1.482738620263497	2.6215303648050665
1.739499762162203e-21	0.32820951502986506	1.0420277912982716	22.053417265457472	13.965754367750545	4.135495359208555	3.119976947681389	3.0934675679102837
5.500781237753744e-22	0.4027363037395526	2.1213476459006904	13.756760330894075	7.362167959290925	4.742878009616543	1.4827386200806973	2.6215303637158534
1.7394997621622031e-22	0.3282095148415595	1.0420277902765478	22.05341725650044	4.036357613993955	4.13549535778068	3.11997694640742	3.093467567504132
5.500781237753744e-23	0.40273630370055225	2.1213476459217926	13.756760329394474	6.469546453450351	4.7428780095286385	1.4827386200587984	2.6215303636068454
1.7394997621622029e-23	0.32820951482246724	1.0420277900435229	22.053417258448334	4.397743378632934	4.135495357635981	3.1199769462867817	3.0934675675924583
5.500781237753744e-24	0.4027363036968336	2.1213476459259137	13.756760329241688	6.978387203445425	4.742878009521652	1.482738620053051	2.6215303635957388
1.7394997621622028e-24	0.3282095148202791	1.0420277898890595	22.053417261487784	4.796087232718031	4.13549535761934	3.119976946281537	3.0934675677302805
5.500781237753745e-25	0.4027363036966741	2.121347645928262	13.756760329224312	7.996068650430984	4.742878009522737	1.4827386200488863	2.6215303635944758
1.739499762162203e-25	0.3282095148197943	1.0420277897425907	22.05341726463662	5.771448934274822	4.135495357615653	3.1199769462877383	3.0934675678730628
5.500781237753743e-26	0.40273630369686475	2.121347645930417	13.756760329221006	7.632991940428964	4.742878009524652	1.4827386200448611	2.6215303635942355
1.739499762162203e-26	0.3282095148194795	1.0420277895969823	22.0534172677962	4.761166885157871	4.135495357613314	3.1199769462951643	3.0934675680163317
5.500781237753744e-27	0.4027363036970789	2.121347645932555	13.75676032921898	9.103114070794417	4.742878009526644	1.4827386200408803	2.6215303635940885
1.739499762162203e-27	0.3282095148191879	1.042027789451345	22.05341727095981	4.990476910987411	4.135495357611129	3.119976946302632	3.093467568159784
5.500781237753744e-28	0.402736303697312	2.1213476459347427	13.756760329216462	8.504909382735882	4.742878009528647	1.482738620036895	2.621530363593905
1.739499762162203e-28	0.32820951481888844	1.0420277893057859	22.053417274118797	5.622711367526816	4.1354953576088125	3.119976946310187	3.093467568303027
5.500781237753743e-29	0.4027363036975436	2.1213476459368814	13.75676032921455	9.013897542115876	4.7428780095306475	1.4827386200328956	2.621530363593766
1.7394997621622029e-29	0.3282095148185924	1.0420277891602479	22.053417277279145	7.180281847633469	4.135495357606579	3.119976946317693	3.093467568446331
