5.5e-29	0.0015848280448817198	0.17837081355569806	0.8745549615050473	-1.0721817872210977	-0.17478823604453542
1.7392527130926088e-28	0.0024780183574003023	0.18863921663356553	0.8715667032021179	0.9957388940610454	-0.177755805417678
5.500000000000001e-28	0.0015848191040136184	0.17837057272412882	0.8745552103401366	3.2228313714682395	-0.1747880442968064
1.7392527130926087e-27	0.002478016928352339	0.18863907027072924	0.8715669152896206	1.2200260261528837	-0.17775564688796597
5.500000000000001e-27	0.001584810163025141	0.17837033188863394	0.874555459179135	1.2250457419151966	-0.1747878525458817
1.7392527130926087e-26	0.0024780154992938286	0.18863892390552184	0.8715671273803165	0.9782132902766452	-0.17775548835563182
5.5e-26	0.0015848012219037977	0.17837009104926105	0.8745557080220606	0.9603129737019835	-0.17478766079171626
1.739252713092609e-25	0.002478014070205037	0.1886387775379592	0.8715673394741643	0.9994490543759249	-0.17775532982074793
5.5e-25	0.001584792280670183	0.17836985020603258	0.8745559568689565	1.3035243789296582	-0.1747874690342881
1.739252713092609e-24	0.002478012641094457	0.18863863116784219	0.8715675515712468	1.2044328500274224	-0.1777551712832146
5.5000000000000006e-24	0.0015847833393019262	0.17836960935888013	0.8745562057197211	0.8929580555171737	-0.17478727727369225
1.7392527130926087e-23	0.0024780112119573983	0.18863848479539036	0.8715677636714657	1.0928639406494833	-0.17775501274313
5.5e-23	0.001584774397804356	0.17836936850787855	0.8745564545744171	1.1033983370544123	-0.17478708550987365
1.7392527130926087e-22	0.002478009782789947	0.1886383384204502	0.8715679757748778	0.6395992177062282	-0.17775485420044568
5.5e-22	0.0015847654561887692	0.17836912765298385	0.87455670343302	-0.09899510000155054	-0.1747868937428294
1.7392527130926086e-21	0.0024780083536020125	0.18863819204302312	0.8715681878814243	1.0780470304982157	-0.17775469565523871
5.5e-21	0.0015847565144562203	0.17836888679432839	0.8745569522954773	1.7784446789138593	-0.1747867019726479
1.7392527130926087e-20	0.0024780069244171865	0.1886380456633625	0.8715683999912549	0.8562717799552912	-0.17775453710732125
5.500000000000001e-20	0.001584747572668993	0.17836864593203383	0.8745572011622355	0.8297155275900567	-0.17478651019881908
1.7392527130926086e-19	0.002478005495457347	0.1886378992824187	0.8715686121054922	0.668198910136323	-0.17775437855544052
5.500000000000001e-19	0.0015847386315770151	0.17836840506957663	0.8745574500368274	0.753233254475725	-0.17478631841733772
1.7392527130926087e-18	0.0024780040690642047	0.1886377529108847	0.8715688242357054	0.7102513993007975	-0.1777542199869795
5.500000000000001e-18	0.0015847296983902415	0.17836816423906077	0.874557698953724	0.6577852467682024	-0.1747861265890136
1.739252713092609e-17	0.002478002668520052	0.1886376066562695	0.8715690364961438	0.7377604938828974	-0.1777540612765769
5.5000000000000006e-17	0.0015847208456166717	0.17836792376427724	0.8745579482596377	1.2161391282656941	-0.17478593431999156
1.7392527130926087e-16	0.0024780015267600874	0.18863746159145445	0.8715692500318648	1.2577193364863275	-0.17775390116855005
5.500000000000001e-16	0.00158471279827066	0.17836768688269866	0.8745582014209758	0.7439491056089054	-0.1747857376722204
1.7392527130926088e-15	0.0024780029736257425	0.18863732845074255	0.8715694762945836	0.5851177759378361	-0.17775372710460347
5.5e-15	0.0015847128080426487	0.17836748597915764	0.8745584931116812	0.612279945484226	-0.17478549725421622
1.7392527130926088e-14	0.0024780303130469417	0.18863731461175526	0.8715698298345673	0.7293038919509638	-0.1777534134647607
5.5000000000000005e-14	0.0015847934089459614	0.17836764500669366	0.8745591701717134	0.8519157712261443	-0.174784819037066
1.7392527130926086e-13	0.0024783166383987865	0.18863849419108702	0.8715714564788855	0.6033980004060462	-0.17775170369336757
5.500000000000001e-13	0.0015856801107321516	0.17837140455469747	0.8745637020004029	0.7085450143894949	-0.17477976161072295
1.7392527130926087e-12	0.0024811934447419026	0.18865161206249337	0.8715858178974997	0.6483111353396012	-0.17773602863384985
5.5e-12	0.0015946298317879026	0.17841118276565227	0.8746067939326425	0.6187226306786209	-0.1747308994088268
1.7392527130926088e-11	0.0025099831573430764	0.18878418203865954	0.8717275805896667	0.5598028629604661	-0.17758065708329496
5.5000000000000004e-11	0.001684242253976953	0.1788114494356846	0.8750357453752707	0.5561203735763249	-0.17424383861971404
1.739252713092609e-10	0.0027981730897203294	0.19011483767385817	0.8731455066112122	0.508061303334505	-0.1760275033177494
5.500000000000001e-10	0.002582047147119265	0.182836001399726	0.8793393940928237	-0.10855454780425178	-0.16937089203959554
1.739252713092609e-9	0.005702999988320218	0.203733857047516	0.8875148012636822	-0.959943263641637	-0.16044703425538853
5.5000000000000004e-9	0.011699380591164515	0.2246982806366592	0.9240032664149629	0.3834725843978424	-0.12034224316340358
1.7392527130926088e-8	0.03662202447626178	0.3534152153743768	1.0528827854206395	0.959324527944477	0.00019022628670106734
5.5e-8	0.09243725547584139	0.5073153136398104	1.4645727368184083	-0.5414707752905307	0.32556825867721884
1.7392527130926088e-7	0.1571996973458356	0.43782517622671024	2.40382546244456	-1.143103041275678	0.7802884797179117
5.5e-7	0.19360726052477092	0.3459125830883877	2.949650408808771	-1.0399825907424676	1.028785108637491
1.7392527130926088e-6	0.22113722414961456	0.3659921080558154	3.4425410671415517	-0.9160978891649032	1.2035865702138957
5.500000000000001e-6	0.2554029331972523	0.43637160151225274	4.64154862370739	-0.29546178002221735	1.5125132307303444
1.739252713092609e-5	0.28324817889537823	0.33637671925243406	6.439841720306816	-0.6210908721121304	1.849171603419391
5.500000000000001e-5	0.29445368428734564	0.18676247808098667	8.013690161358621	-1.3668826597627466	2.073229382745381
0.00017392527130926088	0.2979601569051661	0.09799123381866348	8.91358496897817	-1.2687393737973682	2.1841084985592465
0.00055	0.2990466338933594	0.04891030141489727	9.404287218377034	-0.8538823450340063	2.2397821588027145
0.0017392527130926088	0.2993829986048836	0.023308156454318718	9.66019351148903	-0.6045764352569243	2.2675168925271
0.005500000000000001	0.29942547248854623	0.008523501576542025	9.799677328272512	-0.6202550961887184	2.282163705715325
0.017392527130926087	0.29936677011064905	0.006167616234243001	9.881026188550415	-0.5189091324946907	2.290561282553983
0.05500000000000001	0.29244362682316166	0.11016330404688346	10.539980859486466	-0.3736284158455708	2.3549084679920145
0.1739252713092609	0.26744957057285995	0.007108384567132364	12.171706111677466	-0.386706319291937	2.497906566967897
